Sample rate: 2.0000 Hz


 Profile 1

   MM-DD-YYYY HH:MM:SS     HDNG       TX       TY        HX        HY        HZ      VPAB      VPCD      VPEF      VPGH

   06-10-2018 04:00:17    35.70     4.14     6.67    0.1619    0.0536   -0.9854     13.66     -9.19     10.82    -13.27
   06-10-2018 04:00:42   356.96     4.99    -2.92    0.1726    0.0361   -0.9843     10.83    -10.64     14.02    -13.62
   06-10-2018 04:01:07   340.39     4.34    -4.54    0.1809   -0.0134   -0.9834     10.09     -8.49      4.87    -13.08
   06-10-2018 04:01:32   352.35     4.99    -3.57    0.1743    0.0260   -0.9844     10.75     -9.66      4.96    -14.17
   06-10-2018 04:01:57     0.66     5.31    -2.60    0.1687    0.0473   -0.9845     10.99    -10.76     13.01    -13.93
   06-10-2018 04:02:22    10.91     5.96    -1.38    0.1546    0.0729   -0.9853      9.98    -11.51     14.67     -1.49
   06-10-2018 04:02:47     9.45     5.80    -1.30    0.1575    0.0648   -0.9854      9.43    -19.17     11.97      4.24
   06-10-2018 04:03:12     1.80     5.64    -1.95    0.1675    0.0415   -0.9850     10.11    -18.77     10.00      4.82
   06-10-2018 04:03:37   351.14     5.15    -3.24    0.1752    0.0143   -0.9844     11.24    -19.09      7.91      5.37
   06-10-2018 04:04:02   348.13     4.99    -3.57    0.1793    0.0052   -0.9838     10.64    -18.56      8.48      5.25
   06-10-2018 04:04:27     0.89     5.64    -2.43    0.1684    0.0456   -0.9847     11.23    -19.93     10.28      3.89
   06-10-2018 04:04:52   354.01     5.31    -2.92    0.1733    0.0221   -0.9846     11.28    -18.82     10.93      3.62
   06-10-2018 04:05:17   349.46     4.99    -4.06    0.1772    0.0203   -0.9840     12.00    -20.54     10.85      2.84
   06-10-2018 04:05:42   345.00     4.66    -4.22    0.1773    0.0031   -0.9842     10.71    -17.97     12.81      3.18
   06-10-2018 04:06:07   345.64     4.66    -3.89    0.1795    0.0000   -0.9838     11.78    -17.19     10.91      3.17
   06-10-2018 04:06:32   349.43     4.99    -3.57    0.1790    0.0115   -0.9838     11.55    -18.48     11.12      3.17
   06-10-2018 04:06:57   343.26     4.66    -4.06    0.1833   -0.0100   -0.9830     12.19    -19.38     10.76      2.74
   06-10-2018 04:07:22   357.43     5.31    -2.60    0.1748    0.0323   -0.9841      8.77    -19.92     14.71      3.19
   06-10-2018 04:07:47   354.49     5.31    -3.08    0.1792    0.0265   -0.9835     11.70    -17.55     10.46      3.38
   06-10-2018 04:08:12   355.61     4.99    -2.60    0.1812    0.0237   -0.9832     10.61    -18.31     11.30      3.65
   06-10-2018 04:08:37     0.50     5.31    -1.95    0.1750    0.0355   -0.9839     11.62    -19.97      8.87      3.99
   06-10-2018 04:09:02     2.94     5.31    -1.62    0.1757    0.0413   -0.9836      9.83    -18.35      9.68      5.15
   06-10-2018 04:09:27   358.70     5.15    -2.60    0.1796    0.0381   -0.9830     10.01    -18.48     11.38      4.56
   06-10-2018 04:09:52   357.89     5.15    -2.60    0.1801    0.0343   -0.9830      8.92    -18.43      9.75      5.45
   06-10-2018 04:10:17     9.52     5.15    -1.62    0.1660    0.0702   -0.9836     10.96    -18.62      7.56      5.57
   06-10-2018 04:10:42   356.88     4.99    -2.92    0.1803    0.0353   -0.9830      8.71    -18.32      8.75      6.58
   06-10-2018 04:11:07   352.56     4.66    -2.76    0.1848    0.0125   -0.9827     10.61    -17.62      3.63      7.48
   06-10-2018 04:11:32     2.69     5.31    -2.11    0.1773    0.0485   -0.9830      8.59    -15.44      6.48      7.67
   06-10-2018 04:11:57   359.06     4.99    -2.27    0.1807    0.0343   -0.9829      6.32    -13.84      7.66      8.71
   06-10-2018 04:12:22     1.76     4.99    -2.27    0.1775    0.0467   -0.9830      4.61    -13.03      8.75      9.42
   06-10-2018 04:12:47   358.43     4.99    -2.92    0.1798    0.0425   -0.9828      6.55    -13.43      7.14      8.70
   06-10-2018 04:13:12     1.54     4.99    -2.60    0.1740    0.0512   -0.9834      4.21    -12.74      7.89      9.61
   06-10-2018 04:13:37   356.24     4.83    -2.92    0.1798    0.0325   -0.9832      4.35    -12.14      6.70     10.76
   06-10-2018 04:14:02   342.00     4.02    -4.22    0.1871   -0.0112   -0.9823      4.28    -11.54      5.62     10.94
   06-10-2018 04:14:27   340.66     4.02    -4.54    0.1898   -0.0133   -0.9817      5.17    -12.79      6.29     10.12
   06-10-2018 04:14:52   337.61     4.02    -4.87    0.1856   -0.0218   -0.9824      5.82    -12.72      7.53      9.38
   06-10-2018 04:15:17   340.07     4.02    -4.22    0.1861   -0.0205   -0.9823      5.80    -12.39      8.97      8.50
   06-10-2018 04:15:42   339.05     4.02    -4.54    0.1876   -0.0208   -0.9820      7.57    -16.78      7.71      8.15
   06-10-2018 04:16:07   348.42     4.34    -3.08    0.1868   -0.0010   -0.9824      7.75    -14.76      9.35      7.34
   06-10-2018 04:16:32   343.98     4.34    -4.22    0.1856   -0.0027   -0.9826      7.66    -15.27      9.17      7.26
   06-10-2018 04:16:57   344.24     4.34    -3.89    0.1875   -0.0075   -0.9822      7.15    -15.00      9.51      7.45
   06-10-2018 04:17:22   347.22     4.34    -3.24    0.1856   -0.0036   -0.9826      8.97    -17.75      7.37      7.26
   06-10-2018 04:17:47   343.64     4.18    -3.57    0.1861   -0.0148   -0.9824      8.44    -15.92      7.74      7.44
   06-10-2018 04:18:12   346.39     4.02    -2.92    0.1896   -0.0128   -0.9818      7.86    -16.43      9.73      6.95
   06-10-2018 04:18:37   349.76     4.34    -3.08    0.1912    0.0045   -0.9815     10.15    -17.52      4.84      7.85
   06-10-2018 04:19:02   348.60     4.34    -3.24    0.1918    0.0016   -0.9814      7.34    -17.20      6.98      8.36
   06-10-2018 04:19:27   354.84     4.34    -2.60    0.1873    0.0206   -0.9821      7.84    -14.04      7.51      8.47
   06-10-2018 04:19:52   357.54     4.66    -2.27    0.1869    0.0272   -0.9820      6.84    -14.61      9.87      8.21
   06-10-2018 04:20:17   356.26     4.66    -2.43    0.1884    0.0239   -0.9818      7.36    -14.13      9.35      7.61
   06-10-2018 04:20:42     6.62     4.66    -1.30    0.1800    0.0522   -0.9823      6.76    -15.83     10.43      7.23
   06-10-2018 04:21:07   359.29     4.66    -2.11    0.1900    0.0325   -0.9813      8.72    -16.12      7.98      8.20
   06-10-2018 04:21:32     6.54     4.66    -1.95    0.1756    0.0624   -0.9825      4.11    -12.33     10.18      9.35
   06-10-2018 04:21:57     6.29     4.66    -1.62    0.1808    0.0563   -0.9819      6.63    -12.39      8.66      9.02
   06-10-2018 04:22:22    13.66     4.66    -0.65    0.1740    0.0726   -0.9821      7.70    -15.71      8.04      8.11
   06-10-2018 04:22:47     1.37     4.34    -2.27    0.1861    0.0449   -0.9815      8.83    -17.49      6.88      7.90
   06-10-2018 04:23:12    11.25     4.66    -1.30    0.1746    0.0726   -0.9820      7.56    -17.79      9.92      7.24
   06-10-2018 04:23:37    10.51     4.66    -1.13    0.1806    0.0675   -0.9812      6.35    -14.86     10.81      7.47
   06-10-2018 04:24:02     8.20     4.66    -1.95    0.1799    0.0705   -0.9812      6.73    -16.21      9.28      8.16
   06-10-2018 04:24:27     9.48     4.66    -1.30    0.1802    0.0654   -0.9814      8.28    -17.15      8.13      7.72
   06-10-2018 04:24:52     5.39     4.66    -1.62    0.1839    0.0524   -0.9815      6.78    -14.54      7.34      8.94
   06-10-2018 04:25:17   357.90     4.50    -2.27    0.1855    0.0290   -0.9822      5.98    -15.19      8.52      8.67
   06-10-2018 04:25:42     2.57     4.66    -1.95    0.1856    0.0450   -0.9816      6.58    -16.78      8.70      8.22
   06-10-2018 04:26:07     3.94     4.34    -1.95    0.1868    0.0511   -0.9811      7.03    -13.11      8.24      8.14
   06-10-2018 04:26:32     0.84     4.18    -1.95    0.1918    0.0369   -0.9807      6.71    -14.66      8.32      8.31
   06-10-2018 04:26:57   359.84     4.34    -2.27    0.1895    0.0379   -0.9812      8.96    -18.60      6.24      7.80
   06-10-2018 04:27:22     1.38     4.50    -1.95    0.1918    0.0395   -0.9806      7.54    -16.42      7.96      7.65
   06-10-2018 04:27:47     0.93     4.34    -1.95    0.1961    0.0374   -0.9799      7.53    -13.38      8.29      7.93
   06-10-2018 04:28:12     1.91     4.34    -1.95    0.1901    0.0419   -0.9809      8.30    -13.83      6.94      8.09
   06-10-2018 04:28:37     6.71     4.34    -1.95    0.1846    0.0635   -0.9808      6.83    -16.08      8.77      7.76
   06-10-2018 04:29:02     5.24     4.34    -1.95    0.1873    0.0570   -0.9806      6.91    -13.94      8.75      7.71
   06-10-2018 04:29:27    16.46     4.50    -0.65    0.1727    0.0847   -0.9813      5.62    -15.23      9.47      7.97
   06-10-2018 04:29:52    14.45     4.34    -1.30    0.1741    0.0859   -0.9810      7.37    -15.96      8.88      7.43
   06-10-2018 04:30:17    15.37     4.34    -0.97    0.1779    0.0857   -0.9803      6.16    -11.93      6.73      9.23
   06-10-2018 04:30:42    13.86     4.34    -1.22    0.1744    0.0820   -0.9813      5.72    -11.89      6.78      9.55
   06-10-2018 04:31:07    16.56     4.34    -1.13    0.1705    0.0920   -0.9811      7.69    -13.87      4.93      9.25
   06-10-2018 04:31:32    11.69     4.34    -0.97    0.1834    0.0697   -0.9806      7.55    -16.66      4.70      9.50
   06-10-2018 04:31:57    11.72     4.34    -1.62    0.1792    0.0801   -0.9806      5.53    -15.24      5.54     10.17
   06-10-2018 04:32:22    11.84     4.18    -0.81    0.1856    0.0676   -0.9803      6.55    -10.35      4.23     10.23
   06-10-2018 04:32:47     8.17     4.02    -1.62    0.1851    0.0640   -0.9806      8.65    -14.47      3.86      9.27
   06-10-2018 04:33:12    14.01     4.34    -0.65    0.1763    0.0734   -0.9816      7.65    -15.95      6.64      8.72
   06-10-2018 04:33:37     8.17     4.34    -1.62    0.1851    0.0647   -0.9806      4.94    -16.85      8.61      8.92
   06-10-2018 04:34:02    16.49     4.34    -0.32    0.1804    0.0807   -0.9803      9.12    -16.18      6.64      7.53
   06-10-2018 04:34:27    11.19     4.18    -1.46    0.1802    0.0745   -0.9808      7.36    -15.73      7.69      7.40
   06-10-2018 04:34:52     9.55     4.34    -1.30    0.1827    0.0652   -0.9810     10.83    -17.15      5.52      6.95
   06-10-2018 04:35:17     4.55     4.02    -1.95    0.1901    0.0537   -0.9803     10.24    -19.26      5.63      7.26
   06-10-2018 04:35:42     2.51     4.02    -1.95    0.1938    0.0445   -0.9800      6.00    -16.92     10.10      7.62
   06-10-2018 04:36:07     8.55     4.02    -1.30    0.1889    0.0607   -0.9801     12.34    -20.12      5.45      6.58
   06-10-2018 04:36:32    11.53     4.18    -1.30    0.1812    0.0735   -0.9807      7.72    -17.58     12.11      6.18
   06-10-2018 04:36:57     3.32     4.02    -2.11    0.1905    0.0508   -0.9804      6.63    -18.57     12.05      5.73
   06-10-2018 04:37:22     7.74     4.34    -0.97    0.1933    0.0528   -0.9797      9.08    -17.00      8.87      6.49
   06-10-2018 04:37:47     8.05     4.02    -0.65    0.1962    0.0484   -0.9794     10.19    -19.32     10.19      6.24
   06-10-2018 04:38:12   355.44     3.69    -2.11    0.2023    0.0147   -0.9792      7.65    -17.87     13.29      5.29
   06-10-2018 04:38:37   351.63     3.69    -2.92    0.2053    0.0101   -0.9787     10.46    -18.17      9.73      5.65
   06-10-2018 04:39:02   344.83     3.37    -3.57    0.2037   -0.0102   -0.9790     13.60    -20.87      7.60      4.84
   06-10-2018 04:39:27   356.39     3.69    -2.27    0.1992    0.0221   -0.9797     10.44    -17.41     11.99      4.58
   06-10-2018 04:39:52   345.21     3.37    -3.65    0.2050   -0.0073   -0.9787      9.93    -18.88     12.21      4.71
   06-10-2018 04:40:17     3.39     4.02    -1.62    0.1950    0.0431   -0.9798      7.12    -20.35     14.10      5.43
   06-10-2018 04:40:42   349.79     3.37    -2.60    0.2072   -0.0036   -0.9783     12.26    -19.32      7.23      6.32
   06-10-2018 04:41:07   353.13     3.69    -2.92    0.2031    0.0175   -0.9790      7.47    -15.91     11.95      6.51
   06-10-2018 04:41:32     6.08     4.02    -0.97    0.1980    0.0449   -0.9792      8.52    -18.21     11.60      6.22
   06-10-2018 04:41:57   355.19     3.69    -2.60    0.2041    0.0216   -0.9787     10.59    -19.59      9.60      5.96
   06-10-2018 04:42:22     3.77     3.69    -1.30    0.1994    0.0393   -0.9791      9.17    -17.43     11.35      5.77
   06-10-2018 04:42:47   352.06     3.37    -1.95    0.2082   -0.0040   -0.9781      9.82    -18.57      9.32      7.28
   06-10-2018 04:43:12   357.10     3.69    -2.11    0.2082    0.0220   -0.9778      9.33    -16.65     11.68      6.45
   06-10-2018 04:43:37   352.83     3.37    -2.27    0.2069    0.0053   -0.9783      7.62    -15.97      9.38      7.75
   06-10-2018 04:44:02     2.87     3.69    -1.30    0.2028    0.0353   -0.9786      8.41    -18.77     10.59      6.54
   06-10-2018 04:44:27     5.16     3.53    -1.95    0.1987    0.0564   -0.9784      7.56    -16.70      8.65      7.53
   06-10-2018 04:44:52     0.15     3.69    -1.78    0.2051    0.0310   -0.9783      6.93    -15.24     10.75      7.24
   06-10-2018 04:45:17   357.21     3.37    -1.62    0.2081    0.0146   -0.9780      8.08    -15.15      9.95      7.63
   06-10-2018 04:45:42     0.82     3.53    -1.13    0.2063    0.0231   -0.9782      9.36    -15.94      8.33      7.57
   06-10-2018 04:46:07   352.39     3.04    -2.27    0.2103    0.0035   -0.9776      9.42    -19.24      7.74      7.22
   06-10-2018 04:46:32   354.23     3.37    -2.27    0.2104    0.0115   -0.9776      9.58    -18.22      8.22      6.94
   06-10-2018 04:46:57   355.37     3.37    -2.92    0.2069    0.0282   -0.9780      6.91    -18.68     11.64      6.45
   06-10-2018 04:47:22     3.30     3.37    -1.62    0.2037    0.0426   -0.9781      7.40    -15.81     10.92      7.54
   06-10-2018 04:47:47   351.22     3.04    -2.60    0.2111    0.0034   -0.9775      9.56    -19.22      9.71      6.22
   06-10-2018 04:48:12   353.15     3.21    -2.92    0.2061    0.0183   -0.9784      9.51    -19.15      9.81      5.68
   06-10-2018 04:48:37   358.74     3.37    -1.62    0.2059    0.0218   -0.9783      9.91    -19.02     11.45      5.91
   06-10-2018 04:49:02   354.84     3.21    -2.43    0.2114    0.0172   -0.9772     11.17    -19.05      9.14      5.73
   06-10-2018 04:49:27   351.38     3.04    -1.62    0.2096   -0.0121   -0.9777     12.73    -21.23      8.26      6.17
   06-10-2018 04:49:52   356.73     3.04    -2.27    0.2106    0.0235   -0.9773      7.36    -20.22     13.52      5.24
   06-10-2018 04:50:17     6.35     3.37    -1.13    0.2006    0.0479   -0.9785      7.53    -18.21     13.18      6.42
   06-10-2018 04:50:42   357.34     3.37    -2.11    0.2120    0.0232   -0.9770     10.30    -19.96      8.52      6.31
   06-10-2018 04:51:07   358.81     3.37    -2.11    0.2114    0.0302   -0.9769      9.80    -18.41      7.86      6.53
   06-10-2018 04:51:32   355.79     3.04    -2.60    0.2093    0.0248   -0.9775      7.70    -16.97     11.04      6.60
   06-10-2018 04:51:57   358.24     3.21    -1.30    0.2082    0.0139   -0.9780     10.28    -14.76      7.64      7.03
   06-10-2018 04:52:22   352.40     3.04    -2.27    0.2143    0.0030   -0.9768     10.07    -20.02     10.07      6.46
   06-10-2018 04:52:47   353.70     3.04    -2.27    0.2150    0.0091   -0.9766      9.68    -19.69      9.13      6.91
   06-10-2018 04:53:12   342.11     2.72    -3.41    0.2159   -0.0269   -0.9761      6.46    -15.76      7.74      9.17
   06-10-2018 04:53:37   344.49     2.72    -2.92    0.2139   -0.0227   -0.9766      7.83    -16.91      7.93      8.95
   06-10-2018 04:54:02   339.66     2.40    -3.57    0.2118   -0.0331   -0.9768      5.80    -14.86      8.73      9.47
   06-10-2018 04:54:27   343.07     2.56    -3.24    0.2164   -0.0242   -0.9760      7.24    -16.58      7.93      9.17
   06-10-2018 04:54:52   339.51     2.23    -3.24    0.2122   -0.0385   -0.9765      7.12    -17.92      7.09      9.51
   06-10-2018 04:55:17   347.46     2.72    -1.62    0.2160   -0.0308   -0.9759      8.09    -18.12      7.66      8.98
   06-10-2018 04:55:42   348.27     2.72    -2.27    0.2185   -0.0165   -0.9757      6.41    -18.53      8.87      8.76
   06-10-2018 04:56:07   344.31     2.40    -2.27    0.2168   -0.0338   -0.9756      9.57    -18.07      5.13      9.55
   06-10-2018 04:56:32   349.16     2.72    -1.46    0.2186   -0.0260   -0.9755      7.78    -17.36      6.26      9.78
   06-10-2018 04:56:57   346.93     2.40    -2.27    0.2203   -0.0221   -0.9752      6.60    -17.26      7.89      9.33
   06-10-2018 04:57:22   339.64     2.40    -3.41    0.2201   -0.0391   -0.9747      8.32    -19.35      7.08      8.99
   06-10-2018 04:57:47   345.66     2.56    -2.43    0.2198   -0.0261   -0.9752      6.18    -16.18      8.70      9.57
   06-10-2018 04:58:12   350.53     3.04    -1.95    0.2176   -0.0119   -0.9760      6.78    -13.51      8.07      9.13
   06-10-2018 04:58:37   347.81     2.72    -3.08    0.2179   -0.0049   -0.9759      8.04    -18.40      6.72      9.13
   06-10-2018 04:59:02   350.81     2.72    -2.11    0.2185   -0.0071   -0.9758      9.14    -19.83      7.30      8.97
   06-10-2018 04:59:27   351.07     2.72    -2.27    0.2151   -0.0026   -0.9766      5.71    -14.56      9.74      9.79
   06-10-2018 04:59:52   349.71     2.72    -2.60    0.2190   -0.0042   -0.9757      5.39    -16.03     11.08      9.05
   06-10-2018 05:00:17   349.07     2.72    -1.95    0.2210   -0.0186   -0.9751      5.33    -17.38     10.16      9.53
   06-10-2018 05:00:42   353.50     2.72    -2.60    0.2134    0.0144   -0.9769      3.93    -15.00     10.87      9.95
   06-10-2018 05:01:07   345.65     2.40    -3.41    0.2183   -0.0086   -0.9758      7.95    -17.73      9.20      8.74
   06-10-2018 05:01:32   348.64     2.40    -1.62    0.2207   -0.0250   -0.9750     10.56    -17.16      6.60      8.82
   06-10-2018 05:01:57   346.97     2.40    -2.27    0.2219   -0.0223   -0.9748      7.94    -16.57      7.71      9.27
   06-10-2018 05:02:22   351.22     2.40    -1.62    0.2162   -0.0122   -0.9763     12.74    -16.76      6.36      8.35
   06-10-2018 05:02:47   356.94     2.72    -0.97    0.2163    0.0025   -0.9763     11.63    -20.87      5.99      8.35
   06-10-2018 05:03:12   351.76     2.72    -2.27    0.2165    0.0005   -0.9763     12.28    -17.69      6.44      8.34
   06-10-2018 05:03:37   349.80     2.56    -2.92    0.2175    0.0025   -0.9761      7.63    -17.36      9.98      9.11
   06-10-2018 05:04:02   358.03     2.72    -1.95    0.2185    0.0239   -0.9756      8.16    -17.18     10.09      8.38
   06-10-2018 05:04:27   352.39     2.72    -3.24    0.2173    0.0198   -0.9759      7.17    -18.46     10.25      8.68
   06-10-2018 05:04:52   351.92     2.40    -2.27    0.2216    0.0012   -0.9751     10.53    -16.02      7.63      8.90
   06-10-2018 05:05:17   352.29     2.72    -1.78    0.2219   -0.0061   -0.9751      9.84    -17.70      7.54      9.20
   06-10-2018 05:05:42   347.74     2.40    -2.92    0.2213   -0.0075   -0.9752      7.35    -17.98      9.85      9.17
   06-10-2018 05:06:07   349.36     2.40    -2.92    0.2246   -0.0004   -0.9744      8.25    -15.32     10.18      8.57
   06-10-2018 05:06:32   349.79     2.40    -2.43    0.2208   -0.0059   -0.9753     11.16    -16.45      5.96      8.73
   06-10-2018 05:06:57   347.79     2.40    -3.24    0.2217   -0.0018   -0.9751      7.02    -17.24      8.98      9.42
   06-10-2018 05:07:22   353.92     2.40    -1.30    0.2196   -0.0057   -0.9756     11.41    -19.99      7.14      8.69
   06-10-2018 05:07:47   353.07     2.23    -1.62    0.2241   -0.0044   -0.9746      9.41    -16.08      8.11      8.33
   06-10-2018 05:08:12   349.81     2.40    -1.78    0.2252   -0.0176   -0.9742     11.50    -18.41      6.76      8.68
   06-10-2018 05:08:37   359.27     2.56    -1.62    0.2230    0.0241   -0.9745     10.32    -15.97      5.71      9.24
   06-10-2018 05:09:02   353.27     2.40    -1.95    0.2234    0.0018   -0.9747     13.31    -18.54      3.02      8.74
   06-10-2018 05:09:27   356.81     2.40    -1.13    0.2249    0.0044   -0.9744      8.97    -17.75      7.55      9.65
   06-10-2018 05:09:52   351.22     2.40    -2.43    0.2225    0.0005   -0.9749      7.89    -15.95      9.00      8.51
   06-10-2018 05:10:17   352.70     2.40    -2.27    0.2199    0.0051   -0.9755      9.04    -17.42      8.23      8.29
   06-10-2018 05:10:42   356.41     2.40    -1.62    0.2235    0.0109   -0.9746     11.40    -16.66      8.67      7.79
   06-10-2018 05:11:07   357.53     2.40    -1.13    0.2250    0.0078   -0.9743      7.37    -16.81     12.11      7.54
   06-10-2018 05:11:32   357.67     2.40    -0.97    0.2267    0.0056   -0.9739     11.81    -17.32      7.57      8.01
   06-10-2018 05:11:57   354.95     2.40    -1.46    0.2257    0.0012   -0.9742      8.66    -16.93     11.12      8.22
   06-10-2018 05:12:22   353.82     2.23    -1.30    0.2259   -0.0066   -0.9741      8.35    -15.63      8.43      8.63
   06-10-2018 05:12:47   351.98     2.40    -2.60    0.2252    0.0065   -0.9743      9.27    -16.62      8.99      7.88
   06-10-2018 05:13:12   353.69     2.40    -2.76    0.2242    0.0174   -0.9744      6.43    -16.32     11.46      7.84
   06-10-2018 05:13:37   353.44     2.07    -1.30    0.2284   -0.0083   -0.9735     10.45    -18.29      8.10      8.33
   06-10-2018 05:14:02   357.06     2.07    -1.95    0.2225    0.0197   -0.9747      7.27    -16.58     10.74      8.21
   06-10-2018 05:14:27   350.12     2.23    -2.27    0.2293   -0.0082   -0.9733      5.02    -14.90     10.78      9.09
   06-10-2018 05:14:52   351.07     2.07    -1.62    0.2291   -0.0141   -0.9733      6.73    -16.22     11.94      8.60
   06-10-2018 05:15:17   352.39     1.75    -0.97    0.2284   -0.0180   -0.9734      9.40    -12.94      9.13      9.11
   06-10-2018 05:15:42   347.49     2.07    -2.76    0.2291   -0.0120   -0.9733      2.86    -15.12     11.88      9.45
   06-10-2018 05:16:07   351.24     2.07    -1.62    0.2274   -0.0130   -0.9737     10.80    -17.00      7.55      8.12
   06-10-2018 05:16:32   348.59     1.75    -1.95    0.2267   -0.0188   -0.9738      6.63    -14.25      9.70      9.13
   06-10-2018 05:16:57   350.88     1.75    -1.62    0.2269   -0.0137   -0.9738      8.05    -14.71      8.52      9.20
   06-10-2018 05:17:22   342.40     1.75    -2.92    0.2295   -0.0328   -0.9727      7.01    -16.31      6.46      9.77
   06-10-2018 05:17:47   347.31     1.75    -2.92    0.2281   -0.0086   -0.9736      5.43    -12.24      7.61     10.23
   06-10-2018 05:18:12   356.80     2.07    -1.30    0.2272    0.0073   -0.9738      6.40    -15.77      9.73     10.00
   06-10-2018 05:18:37   349.82     1.75    -2.60    0.2273   -0.0022   -0.9738      5.27    -13.72      7.98     10.25
   06-10-2018 05:19:02   354.46     2.07    -1.30    0.2307   -0.0038   -0.9730      4.21    -13.89     11.00     10.02
   06-10-2018 05:19:27   355.64     1.91    -1.62    0.2292    0.0075   -0.9734      3.12    -12.10     11.25      9.49
   06-10-2018 05:19:52   356.67     2.07    -0.97    0.2308    0.0010   -0.9730      6.92    -13.29      7.63      9.68
   06-10-2018 05:20:17   355.42     2.07    -0.97    0.2288   -0.0047   -0.9735      7.81    -13.24      7.71      9.73
   06-10-2018 05:20:42   349.84     1.75    -1.13    0.2305   -0.0274   -0.9727      6.59    -13.23      7.43     10.18
   06-10-2018 05:21:07   346.94     1.75    -2.92    0.2315   -0.0112   -0.9728      5.22    -13.13      8.92      9.66
   06-10-2018 05:21:32     2.61     2.07    -0.65    0.2281    0.0230   -0.9734      6.64    -12.85      8.15      9.09
   06-10-2018 05:21:57     4.39     2.40    -0.65    0.2270    0.0315   -0.9734      6.11    -11.93      8.59      9.19
   06-10-2018 05:22:22   355.14     2.07    -1.62    0.2311    0.0048   -0.9729      6.75    -12.77      7.72      9.13
   06-10-2018 05:22:47   355.25     2.07    -1.62    0.2267    0.0057   -0.9739      7.42    -15.94      8.43      8.71
   06-10-2018 05:23:12   355.55     2.07    -1.95    0.2320    0.0121   -0.9726      7.24    -15.28      8.60      8.74
   06-10-2018 05:23:37     1.28     2.07    -0.65    0.2268    0.0168   -0.9738      7.43    -14.04      7.91      9.10
   06-10-2018 05:24:02   359.31     2.07    -1.46    0.2296    0.0215   -0.9731      6.06    -14.71      9.96      8.88
   06-10-2018 05:24:27   354.58     2.07    -1.46    0.2321   -0.0007   -0.9727      8.23    -14.62      5.87      9.75
   06-10-2018 05:24:52   351.59     1.75    -1.30    0.2299   -0.0164   -0.9731      6.83    -14.34      7.60      9.85
   06-10-2018 05:25:17     5.22     2.07    -0.65    0.2237    0.0346   -0.9740      6.83    -14.47      8.14      9.13
   06-10-2018 05:25:42     4.96     2.07    -0.81    0.2273    0.0365   -0.9731      6.82    -13.60      9.29      9.14
   06-10-2018 05:26:07   359.37     2.07    -1.62    0.2331    0.0245   -0.9721      7.28    -14.70      9.20      8.87
   06-10-2018 05:26:32    10.12     2.07    -0.32    0.2247    0.0518   -0.9731      8.01    -14.63      6.94      9.03
   06-10-2018 05:26:57     4.51     2.07    -1.30    0.2262    0.0425   -0.9732      6.63    -15.03      7.90      9.63
   06-10-2018 05:27:22    10.60     2.07    -1.30    0.2158    0.0689   -0.9740      3.96    -15.06     11.52      9.47
   06-10-2018 05:27:47     1.43     1.75    -2.27    0.2272    0.0449   -0.9728      4.47    -12.99     10.45      9.83
   06-10-2018 05:28:12     9.44     1.91    -0.49    0.2205    0.0503   -0.9741      8.95    -14.35      6.19      9.14
   06-10-2018 05:28:37     0.12     2.07    -1.62    0.2349    0.0279   -0.9716      6.70    -14.99      7.29      9.23
   06-10-2018 05:29:02     5.74     2.07    -1.30    0.2243    0.0480   -0.9733      5.03    -14.93      9.19      9.91
   06-10-2018 05:29:27     3.34     1.75    -1.62    0.2260    0.0424   -0.9732      6.87    -15.35      7.42      9.83
   06-10-2018 05:29:52    10.46     2.07     0.00    0.2270    0.0484   -0.9727      6.10    -13.34      8.39      9.91
   06-10-2018 05:30:17     2.08     1.75    -0.65    0.2297    0.0204   -0.9730      8.09    -13.20      5.37     10.09
   06-10-2018 05:30:42    14.16     2.07    -0.97    0.2150    0.0796   -0.9734      4.92    -13.67      9.15      9.86
   06-10-2018 05:31:07     7.55     1.75    -0.97    0.2262    0.0504   -0.9728      6.88    -15.65      6.30     10.37
   06-10-2018 05:31:32     2.49     1.75    -1.62    0.2263    0.0386   -0.9733      7.92    -16.92      5.85     10.07
   06-10-2018 05:31:57     4.16     1.75    -0.65    0.2295    0.0298   -0.9729      7.20    -14.90      6.85     10.20
   06-10-2018 05:32:22     2.51     1.91    -0.65    0.2302    0.0225   -0.9729      3.29    -12.68      9.44     10.69
   06-10-2018 05:32:47     0.88     1.75    -0.81    0.2308    0.0177   -0.9729      4.00    -13.95      8.63     10.82
   06-10-2018 05:33:12   355.25     1.75    -0.97    0.2352   -0.0055   -0.9719      5.96    -15.48      7.56     10.60
   06-10-2018 05:33:37   355.22     1.75    -0.97    0.2325   -0.0055   -0.9726      6.70    -14.66      6.63     10.63
   06-10-2018 05:34:02   359.39     1.75    -0.97    0.2332    0.0137   -0.9723      9.33    -15.54      6.01      9.53
   06-10-2018 05:34:27   359.48     1.75    -1.30    0.2320    0.0195   -0.9725      6.63    -13.91      9.00      9.26
   06-10-2018 05:34:52     4.54     1.43    -0.32    0.2299    0.0256   -0.9729      8.62    -18.36      7.86      9.32
   06-10-2018 05:35:17     2.60     1.75    -0.97    0.2334    0.0284   -0.9720      7.85    -16.57      7.55      9.49
   06-10-2018 05:35:42   354.37     1.75    -1.30    0.2358   -0.0042   -0.9718      8.08    -12.75      7.79      9.37
   06-10-2018 05:36:07   349.80     1.43    -1.62    0.2326   -0.0188   -0.9724      5.33    -16.46      9.98      9.59
   06-10-2018 05:36:32   354.72     1.43    -0.32    0.2359   -0.0185   -0.9716      7.62    -15.98      7.50      9.92
   06-10-2018 05:36:57   352.41     1.43    -1.62    0.2398   -0.0078   -0.9708      8.58    -15.00      7.47      9.33
   06-10-2018 05:37:22   343.08     1.43    -1.95    0.2293   -0.0442   -0.9724      6.73    -15.36      7.76     10.03
   06-10-2018 05:37:47   343.20     1.43    -2.60    0.2359   -0.0347   -0.9712      4.09    -12.00      9.84     10.81
   06-10-2018 05:38:12   354.57     1.75    -0.32    0.2400   -0.0201   -0.9706      5.47    -13.94      8.14     10.39
   06-10-2018 05:38:37   348.37     1.10    -0.97    0.2331   -0.0354   -0.9718      3.57    -13.52      9.68     10.96
   06-10-2018 05:39:02   354.49     1.75    -0.97    0.2369   -0.0093   -0.9715      4.27    -12.10      7.13     11.83
   06-10-2018 05:39:27   356.64     1.75    -1.62    0.2343    0.0119   -0.9721      7.44    -13.53      3.28     12.27
   06-10-2018 05:39:52     0.58     1.43    -1.62    0.2373    0.0301   -0.9710      8.64    -13.31      4.35     10.73
   06-10-2018 05:40:17     7.86     1.75    -0.97    0.2289    0.0521   -0.9721      7.25    -15.93      5.82     10.66
   06-10-2018 05:40:42     9.04     1.75     0.00    0.2301    0.0413   -0.9723      7.07    -15.50      5.85     10.77
   06-10-2018 05:41:07    10.62     1.59    -0.97    0.2265    0.0639   -0.9719      6.78    -10.21      6.56     10.27
   06-10-2018 05:41:32     6.98     1.75    -0.65    0.2298    0.0427   -0.9723      5.10    -13.83      9.13      9.64
   06-10-2018 05:41:57    13.77     1.75    -0.97    0.2203    0.0777   -0.9723      7.35    -17.18      7.77      9.42
   06-10-2018 05:42:22    12.98     1.75    -0.32    0.2230    0.0637   -0.9727      6.47    -14.95      9.98      8.06
   06-10-2018 05:42:47    20.10     1.75     0.32    0.2172    0.0848   -0.9724     10.66    -18.69      7.83      7.84
   06-10-2018 05:43:12     6.02     1.75    -0.16    0.2344    0.0306   -0.9717     11.80    -19.88      8.98      7.02
   06-10-2018 05:43:37     9.86     1.75    -0.32    0.2281    0.0503   -0.9723     11.71    -20.48     10.44      6.00
   06-10-2018 05:44:02     5.18     1.59    -1.30    0.2337    0.0455   -0.9712      9.04    -21.12     14.60      5.81
   06-10-2018 05:44:27     1.98     1.75    -1.13    0.2334    0.0283   -0.9720     13.95    -23.25     10.37      4.57
   06-10-2018 05:44:52     7.88     1.75    -0.16    0.2295    0.0386   -0.9725     11.80    -20.81     11.09      6.08
   06-10-2018 05:45:17   355.12     1.43    -0.97    0.2336   -0.0056   -0.9723     13.36    -22.21      9.91      5.69
   06-10-2018 05:45:42   346.76     1.10    -2.27    0.2429   -0.0232   -0.9698     10.65    -19.71     10.44      6.03
   06-10-2018 05:46:07   353.23     1.43    -0.81    0.2369   -0.0173   -0.9714     12.29    -20.34      9.12      6.22
   06-10-2018 05:46:32   347.35     1.26    -0.97    0.2412   -0.0425   -0.9695     10.38    -19.20      9.83      6.54
   06-10-2018 05:46:57   348.40     1.10    -0.49    0.2418   -0.0453   -0.9693     11.11    -18.07      9.97      6.53
   06-10-2018 05:47:22   350.84     1.10    -0.81    0.2398   -0.0280   -0.9704     10.77    -22.52     10.01      5.70
   06-10-2018 05:47:47     5.57     1.10     0.32    0.2390    0.0196   -0.9708     10.59    -18.89     14.07      5.13
   06-10-2018 05:48:12     3.24     1.43     0.00    0.2403    0.0150   -0.9706      9.49    -18.78     14.62      5.36
   06-10-2018 05:48:37     1.15     1.43    -0.49    0.2378    0.0135   -0.9712     12.20    -21.20     12.58      4.43
   06-10-2018 05:49:02   357.32     1.10    -1.30    0.2437    0.0096   -0.9698      9.96    -21.10     14.50      4.56
   06-10-2018 05:49:27     8.10     1.43    -1.13    0.2322    0.0557   -0.9711     13.76    -23.45     12.06      4.15
   06-10-2018 05:49:52     1.08     1.10    -0.97    0.2384    0.0213   -0.9709     13.65    -23.30     10.39      3.80
   06-10-2018 05:50:17     0.85     1.43    -0.81    0.2406    0.0176   -0.9705     12.59    -23.11     11.43      4.04
   06-10-2018 05:50:42     1.65     1.43    -1.46    0.2384    0.0322   -0.9706      9.41    -22.36     13.78      4.22
   06-10-2018 05:51:07     5.63     1.43     0.00    0.2384    0.0259   -0.9708     13.47    -21.91      8.55      5.14
   06-10-2018 05:51:32   350.68     1.10    -1.30    0.2418   -0.0209   -0.9701      7.22    -20.89     15.66      4.51
   06-10-2018 05:51:57   359.15     1.10    -0.97    0.2431    0.0125   -0.9699      9.72    -19.20     13.02      4.77
   06-10-2018 05:52:22     3.34     1.26    -0.97    0.2414    0.0318   -0.9699      9.16    -21.88     13.12      4.82
   06-10-2018 05:52:47   356.16     1.10    -1.30    0.2438    0.0043   -0.9698      9.81    -19.98     12.00      5.19
   06-10-2018 05:53:12     2.88     1.43    -0.97    0.2406    0.0298   -0.9702     12.75    -22.08      9.90      4.26
   06-10-2018 05:53:37     2.67     1.10    -0.65    0.2420    0.0231   -0.9700     10.26    -21.42     13.83      4.50
   06-10-2018 05:54:02     0.21     1.10    -0.81    0.2397    0.0146   -0.9707     12.83    -23.38     10.00      5.26
   06-10-2018 05:54:27    10.00     1.10    -0.65    0.2325    0.0552   -0.9710     11.39    -21.49     12.04      4.87
   06-10-2018 05:54:52    11.34     1.10    -0.32    0.2376    0.0569   -0.9697     10.60    -19.04     11.25      4.60
   06-10-2018 05:55:17     7.33     1.10    -0.49    0.2397    0.0414   -0.9700     12.82    -20.59     12.48      4.41
   06-10-2018 05:55:42     2.01     0.94    -0.32    0.2446    0.0146   -0.9695     13.12    -22.54     13.17      3.76
   06-10-2018 05:56:07    10.61     1.10    -0.32    0.2354    0.0530   -0.9705      9.79    -22.67     18.92      2.44
   06-10-2018 05:56:32     3.05     0.94    -0.97    0.2423    0.0302   -0.9697     12.39    -19.87     15.40      2.36
   06-10-2018 05:56:57     1.16     0.78    -0.97    0.2439    0.0216   -0.9696     12.37    -21.01     13.56      2.98
   06-10-2018 05:57:22   353.44     1.10    -0.81    0.2473   -0.0169   -0.9688     15.16    -20.80     13.20      2.49
   06-10-2018 05:57:47   353.02     0.78    -0.32    0.2459   -0.0262   -0.9689     12.62    -21.70     12.36      3.82
   06-10-2018 05:58:12   355.90     0.78    -0.97    0.2472   -0.0023   -0.9690     12.66    -21.37     11.55      4.25
   06-10-2018 05:58:37   347.62     0.45    -1.30    0.2529   -0.0354   -0.9669     11.26    -20.18     10.94      4.87
   06-10-2018 05:59:02   350.87     0.78    -1.62    0.2482   -0.0146   -0.9686      7.10    -18.73     12.93      6.44
   06-10-2018 05:59:27   351.43     0.78    -0.49    0.2536   -0.0320   -0.9668      6.04    -15.67     10.88      7.60
   06-10-2018 05:59:52   347.78     0.78    -0.65    0.2456   -0.0451   -0.9683      7.99    -17.15      6.83      8.82
   06-10-2018 06:00:17   350.96     0.45    -0.97    0.2465   -0.0240   -0.9688      4.39    -15.65      8.95      9.99
   06-10-2018 06:00:42   352.04     0.45    -1.62    0.2547   -0.0094   -0.9670      3.44    -12.42      7.78     10.38
   06-10-2018 06:01:07    14.71     0.94    -0.32    0.2359    0.0716   -0.9691      5.08    -14.46      8.21     10.20
   06-10-2018 06:01:32    23.59     0.78     0.00    0.2242    0.1037   -0.9690      5.80    -12.93      7.37      9.64
   06-10-2018 06:01:57    23.83     1.10     0.00    0.2174    0.1043   -0.9705      7.12    -16.69      8.25      9.38
   06-10-2018 06:02:22    27.00     1.10     0.00    0.2094    0.1162   -0.9709      7.57    -16.80      8.18      8.66
   06-10-2018 06:02:47    27.98     1.10     0.00    0.2104    0.1216   -0.9700      8.12    -19.17     10.08      7.51
   06-10-2018 06:03:12    36.72     1.10    -0.32    0.1831    0.1560   -0.9706      9.70    -19.20     10.62      6.88
   06-10-2018 06:03:37    41.42     0.78     0.00    0.1765    0.1673   -0.9700      6.85    -19.36     14.29      6.02
   06-10-2018 06:04:02    29.65     0.78     0.00    0.2061    0.1248   -0.9706     10.23    -20.94     12.30      5.54
   06-10-2018 06:04:27    31.82     0.94    -0.32    0.1989    0.1388   -0.9701      9.74    -21.36     12.85      4.91
   06-10-2018 06:04:52    30.27     0.78     0.81    0.2134    0.1185   -0.9698     11.75    -21.68     10.18      5.12
   06-10-2018 06:05:17    32.68     0.78     0.00    0.1987    0.1359   -0.9706      8.46    -19.97     12.69      5.45
   06-10-2018 06:05:42    22.22     0.78    -0.65    0.2187    0.1057   -0.9701     10.54    -20.00     10.12      5.76
   06-10-2018 06:06:07    35.17     0.78     0.32    0.1931    0.1398   -0.9712      9.14    -20.22     13.50      5.71
   06-10-2018 06:06:32    36.26     0.78    -0.32    0.1884    0.1534   -0.9700      9.43    -19.88     12.81      5.07
   06-10-2018 06:06:57    35.41     0.78     0.32    0.1972    0.1441   -0.9697     11.92    -22.12      9.23      5.54
   06-10-2018 06:07:22    33.61     0.78    -0.32    0.1947    0.1436   -0.9703      8.02    -19.15     13.15      5.65
   06-10-2018 06:07:47    35.19     0.78     0.65    0.1996    0.1391   -0.9699      8.36    -18.81     13.48      5.55
   06-10-2018 06:08:12    28.88     0.45    -0.97    0.2044    0.1335   -0.9697     11.87    -22.15      9.93      5.63
   06-10-2018 06:08:37    41.03     0.78     0.00    0.1760    0.1646   -0.9705     11.97    -21.28     10.89      5.15
   06-10-2018 06:09:02    40.87     0.78     0.00    0.1776    0.1650   -0.9702     10.71    -20.62     12.05      4.84
   06-10-2018 06:09:27    34.27     0.78     0.00    0.1985    0.1442   -0.9694     10.35    -19.82     11.39      5.42
   06-10-2018 06:09:52    34.57     0.78     0.00    0.1985    0.1458   -0.9692     11.88    -21.46     11.50      4.93
   06-10-2018 06:10:17    32.40     0.62    -0.32    0.2018    0.1401   -0.9694     12.22    -22.64     10.83      4.85
   06-10-2018 06:10:42    39.04     0.45    -0.32    0.1825    0.1597   -0.9702      8.10    -22.49     15.43      4.71
   06-10-2018 06:11:07    47.87     0.78    -0.16    0.1544    0.1880   -0.9700     10.33    -20.55     13.78      4.40
   06-10-2018 06:11:32    35.05     0.45    -0.32    0.1965    0.1487   -0.9692      8.89    -21.58     14.68      4.86
   06-10-2018 06:11:57    34.90     0.78    -0.32    0.1930    0.1493   -0.9698     12.11    -21.63     10.30      5.28
   06-10-2018 06:12:22    36.61     0.78    -0.97    0.1791    0.1594   -0.9708     11.00    -21.19     10.13      5.83
   06-10-2018 06:12:47    39.46     0.62    -0.49    0.1792    0.1643   -0.9700     12.65    -18.73      9.25      5.36
   06-10-2018 06:13:12    36.37     0.13    -0.32    0.1969    0.1521   -0.9686      9.83    -20.66     12.01      6.14
   06-10-2018 06:13:37    33.55     0.78    -0.32    0.1976    0.1452   -0.9695     10.28    -20.69     12.11      5.18
   06-10-2018 06:14:02    27.90     0.45    -0.32    0.2118    0.1217   -0.9697     14.63    -22.28     11.22      3.65
   06-10-2018 06:14:27    40.76     0.29    -0.32    0.1794    0.1644   -0.9699     10.02    -20.02     14.06      5.15
   06-10-2018 06:14:52    42.44     0.45     0.49    0.1833    0.1664   -0.9689     14.19    -23.69      8.69      5.39
   06-10-2018 06:15:17    39.35     0.45    -0.32    0.1843    0.1629   -0.9693     10.99    -19.48     13.21      4.15
   06-10-2018 06:15:42    43.49     0.45     0.00    0.1744    0.1728   -0.9694     10.32    -22.00     13.42      4.39
   06-10-2018 06:16:07    25.96     0.45    -0.65    0.2176    0.1207   -0.9685     10.99    -19.91     12.89      4.80
   06-10-2018 06:16:32    26.65     0.45     0.32    0.2234    0.1105   -0.9684     10.45    -21.52     12.19      5.07
   06-10-2018 06:16:57    24.97     0.13    -0.81    0.2195    0.1170   -0.9686     11.02    -19.10     11.61      6.28
   06-10-2018 06:17:22    38.89     0.45     0.00    0.1897    0.1592   -0.9689      8.06    -22.50     13.76      6.40
   06-10-2018 06:17:47    36.19     0.45    -0.32    0.1923    0.1518   -0.9695      8.12    -20.74     13.35      6.34
   06-10-2018 06:18:12    34.92     0.29     0.32    0.2032    0.1398   -0.9691      9.15    -18.71     12.88      6.24
   06-10-2018 06:18:37    42.47     0.45     0.32    0.1809    0.1672   -0.9692      8.25    -19.90     15.20      5.84
   06-10-2018 06:19:02    35.19     0.13     1.30    0.2134    0.1302   -0.9683     12.99    -19.98     11.37      5.74
   06-10-2018 06:19:27    35.67     0.13     0.97    0.2089    0.1351   -0.9686     12.42    -19.69     10.50      6.47
   06-10-2018 06:19:52    30.71     0.13    -0.32    0.2105    0.1319   -0.9687     11.62    -22.76     10.90      6.24
   06-10-2018 06:20:17    28.21     0.13     0.00    0.2215    0.1200   -0.9677     11.16    -21.64     10.83      6.60
   06-10-2018 06:20:42    39.10     0.13     0.97    0.1960    0.1447   -0.9699     11.90    -19.02     10.27      7.28
   06-10-2018 06:21:07    37.13     0.13     0.00    0.1948    0.1492   -0.9694      9.00    -20.48     13.03      6.73
   06-10-2018 06:21:32    28.16     0.13     0.00    0.2173    0.1175   -0.9690     11.56    -20.08     10.63      6.89
   06-10-2018 06:21:57    38.56     0.13     0.32    0.1985    0.1545   -0.9679     10.66    -20.37     11.97      6.91
   06-10-2018 06:22:22    27.11     0.13     0.00    0.2223    0.1150   -0.9682     12.03    -21.81      9.79      6.97
   06-10-2018 06:22:47    32.62    -0.03    -0.32    0.2074    0.1379   -0.9685      9.04    -19.44     12.36      7.63
   06-10-2018 06:23:12    34.07     0.13    -0.32    0.2039    0.1449   -0.9682      8.42    -19.61     13.12      7.29
   06-10-2018 06:23:37    41.16     0.13     0.00    0.1868    0.1652   -0.9684      9.08    -20.28     13.57      6.46
   06-10-2018 06:24:02    42.23     0.13     0.00    0.1822    0.1674   -0.9689      9.37    -19.05     13.28      6.86
   06-10-2018 06:24:27    35.01     0.13     0.00    0.2036    0.1441   -0.9684     11.13    -20.58     10.88      6.64
   06-10-2018 06:24:52    36.24     0.13     0.00    0.2002    0.1483   -0.9685      9.66    -19.99     14.69      6.12
   06-10-2018 06:25:17    28.26     0.13    -0.32    0.2185    0.1241   -0.9679     11.47    -19.57     12.72      5.30
   06-10-2018 06:25:42    40.58     0.13     0.00    0.1881    0.1631   -0.9685     10.62    -19.71     15.17      4.74
   06-10-2018 06:26:07    36.75     0.13     0.16    0.2001    0.1483   -0.9685     10.81    -19.72     12.90      5.91
   06-10-2018 06:26:32    18.56     0.45     0.00    0.2374    0.0823   -0.9679     12.11     -6.74     11.27     -9.05
   06-10-2018 06:26:57    42.79     0.13    -0.16    0.1749    0.1667   -0.9704      6.88    -10.96     12.55     -3.64
   06-10-2018 06:27:22    20.34    -0.35     0.65    0.2399    0.0758   -0.9678      9.42     -8.72     12.30     -8.25
   06-10-2018 06:27:47    54.47    -0.03     0.00    0.1444    0.2015   -0.9688      5.74     -9.67     13.54     -7.96
   06-10-2018 06:28:12    17.04    -0.19    -0.32    0.2413    0.0784   -0.9673      9.80     -9.20     11.33     -7.77
   06-10-2018 06:28:37     9.49    -0.19     0.00    0.2536    0.0419   -0.9664      4.32     -8.51      5.77     -6.49
   06-10-2018 06:29:02    33.74    -0.19     0.00    0.2101    0.1381   -0.9679      8.84     -9.30     12.83     -7.70
   06-10-2018 06:29:27    29.96    -0.19     0.00    0.2192    0.1244   -0.9677      8.73     -9.39      9.48     -8.23

 Profile 1
  ACM turned on at 06/10/2018 04:00:02
  ACM turned off at 06/10/2018 06:29:36

ACM+ Header Contents:

FILELEN     : 17152
cal_date    : 15 08 11 
ser_num     : 1109
mux         : 0
wdly        : 0
mux2        : 0
UserID      : ML13104-01D
BaudRate    : 19200.0000
InitValue   : 1066
SRate       : 2.0000
Latitude    : 41.6587
Longitude   : -70.6105
abof        : -0.0190
cdof        : -1.3405
efof        : -1.4771
ghof        : 0.1971
absl        : 1.0000
cdsl        : 1.0000
efsl        : 1.0000
ghsl        : 1.0000
K1          : 0.4931
K2          : 0.3023
K3          : 0.0000
K4          : 0.0000
K5          : 0.4955
K6          : 0.3015
K7          : 0.0000
K8          : 0.0000
tilt_temp0  : 0.0000
K9          : 0.0000
sal         : 0.0000
dbar        : 0.0000
seatoff     : -2.1000
seatslp     : 0.0097
velscl      : 1.0000
zhx         : -579.8000
zhy         : -18.2500
zhz         : -524.3000
T11         : 0.0002
T21         : 0.0000
T31         : 0.0000
T12         : 0.0000
T22         : 0.0002
T32         : 0.0000
T13         : 0.0000
T23         : 0.0000
T33         : 0.0002
dex         : 0.0000
dey         : 0.0000
dez         : 0.0000
aux_delay   : 0
avgintv     : 00 00 00 
intv        : 00 05 00 
on          : 00 00 0A 
dly_strt    : 00 01 0A 1C 09 11 04 00 
op_flag1    : 28 :  TIME HDNG
op_flag2    : F8 :  TX   TY   HX   HY   HZ  
op_flag3    : 00 : 
op_flag4    : 07 :  TILT COMP VPTH
op_flag5    : 22 :  ECHO LOG 
op_mode1    : 00 : 
op_mode     : 10 :  NRML
version     : v3.20
Declination : 0.0000
checksum    : 00 
start       : DATA
