
 Profile 2

 Sensors were turned on at  06/11/2018 00:00:02
 Vehicle began profiling at 06/11/2018 00:02:04

               Date   [mA]    [V]    [dbar]      Oxygen[uM]  Optode Temp[C] 
06/11/2018 00:02:04      0   11.5     0.000            0.00            0.00        57       145       566
06/11/2018 00:02:14    225   11.4     0.000            0.00            0.00        73       149       565
06/11/2018 00:02:24    243   11.4     0.000            0.00            0.00        63       154       565
06/11/2018 00:02:37    317   11.4   179.760          368.21            4.66        58       154       565
06/11/2018 00:02:47    278   11.3   182.940          367.66            4.64        55       145       565
06/11/2018 00:02:57    234   11.3   185.790          367.74            4.64        54       139       565
06/11/2018 00:03:07    234   11.3   188.480          366.31            4.64        56       149       565
06/11/2018 00:03:17    239   11.3   191.310          366.54            4.65        56       140       565
06/11/2018 00:03:27    253   11.3   194.080          366.25            4.64        60       163       565
06/11/2018 00:03:37    275   11.3   196.910          366.53            4.64        58       145       565
06/11/2018 00:03:47    248   11.3   199.570          365.59            4.63        58       152       565
06/11/2018 00:03:57    238   11.3   202.430          365.05            4.63        56       148       565
06/11/2018 00:04:07    250   11.2   205.110          365.36            4.63        54       139       564
06/11/2018 00:04:17    236   11.2   207.880          365.42            4.63        62       253       564
06/11/2018 00:04:27    258   11.2   210.630          365.64            4.63        55       190       564
06/11/2018 00:04:37    238   11.2   213.470          365.83            4.63        55       147       564
06/11/2018 00:04:47    249   11.2   216.230          365.54            4.63        57       144       564
06/11/2018 00:04:57    255   11.2   218.950          364.82            4.63        54       137       564
06/11/2018 00:05:07    238   11.2   221.550          363.80            4.62        54       136       564
06/11/2018 00:05:17    247   11.2   224.390          364.26            4.62        55       142       564
06/11/2018 00:05:27    269   11.1   227.130          364.42            4.62        53       140       564
06/11/2018 00:05:37    249   11.1   229.820          363.83            4.62        54       142       564
06/11/2018 00:05:47    253   11.1   232.530          364.43            4.62        54       142       564
06/11/2018 00:05:57    249   11.1   235.320          363.53            4.61        54       138       564
06/11/2018 00:06:07    256   11.1   238.020          364.22            4.61        56       141       564
06/11/2018 00:06:17    252   11.1   240.780          363.75            4.61        54       136       564
06/11/2018 00:06:27    246   11.1   243.460          363.20            4.61        58       219       564
06/11/2018 00:06:37    241   11.1   246.240          363.51            4.60        57       164       564
06/11/2018 00:06:47    262   11.0   248.860          362.80            4.60        66       208       564
06/11/2018 00:06:57    233   11.0   251.630          363.55            4.60        53       135       564
06/11/2018 00:07:07    261   11.0   254.300          363.48            4.59        71       156       564
06/11/2018 00:07:17    226   11.0   257.040          363.03            4.59        54       134       564
06/11/2018 00:07:27    247   11.0   259.750          363.34            4.58        55       134       564
06/11/2018 00:07:37    232   11.0   262.420          362.20            4.58        56       138       564
06/11/2018 00:07:47    231   11.0   265.140          362.82            4.58        53       134       564
06/11/2018 00:07:57    246   11.0   267.790          362.33            4.59        68       214       564
06/11/2018 00:08:07    269   11.0   270.460          362.30            4.59        54       134       564
06/11/2018 00:08:17    258   11.0   273.290          361.73            4.59        54       133       564
06/11/2018 00:08:27    253   11.0   275.990          362.14            4.59        53       135       564
06/11/2018 00:08:37    265   11.0   278.660          361.62            4.60        53       136       563
06/11/2018 00:08:47    241   10.9   281.390          362.74            4.60        56       137       563
06/11/2018 00:08:57    241   10.9   284.110          362.52            4.60        53       133       563
06/11/2018 00:09:07    258   10.9   286.670          361.70            4.60        76       189       564
06/11/2018 00:09:17    244   10.9   289.450          361.72            4.60        54       139       563
06/11/2018 00:09:27    249   10.9   292.140          361.76            4.60        55       131       564
06/11/2018 00:09:37    255   10.9   294.830          362.00            4.59        53       136       563
06/11/2018 00:09:47    241   10.9   297.470          361.51            4.59        53       130       563
06/11/2018 00:09:57    245   10.9   300.270          360.74            4.59        64       208       563
06/11/2018 00:10:07    226   10.9   302.830          361.62            4.59        54       132       563
06/11/2018 00:10:17    250   10.9   305.630          359.63            4.59        54       136       563
06/11/2018 00:10:27    253   10.9   308.320          360.72            4.59        53       133       563
06/11/2018 00:10:37    241   10.9   311.010          360.36            4.59        53       130       563
06/11/2018 00:10:47    233   10.9   313.670          359.99            4.59        53       129       563
06/11/2018 00:10:57    254   10.9   316.450          359.66            4.59        54       131       563
06/11/2018 00:11:07    250   10.9   318.950          359.77            4.59        54       144       563
06/11/2018 00:11:17    239   10.9   321.740          360.50            4.59        53       136       563
06/11/2018 00:11:27    232   10.9   324.350          359.71            4.59        52       133       563
06/11/2018 00:11:37    238   10.9   327.130          359.33            4.59        53       130       563
06/11/2018 00:11:47    239   10.9   329.750          359.67            4.59        54       132       563
06/11/2018 00:11:57    247   10.9   332.460          359.31            4.59        53       130       563
06/11/2018 00:12:07    206   10.9   335.260          359.36            4.59        52       137       563
06/11/2018 00:12:17    244   10.9   337.890          358.33            4.59        52       131       563
06/11/2018 00:12:27    239   10.9   340.600          358.91            4.59        53       137       563
06/11/2018 00:12:37    196   10.9   343.310          358.12            4.59        54       152       563
06/11/2018 00:12:47    233   10.9   345.960          357.48            4.58        53       138       563
06/11/2018 00:12:57    239   10.9   348.720          357.43            4.58        54       129       563
06/11/2018 00:13:07    219   10.9   351.340          357.16            4.58        52       133       563
06/11/2018 00:13:17    233   10.9   354.020          358.02            4.57        54       134       563
06/11/2018 00:13:27    237   10.8   356.640          358.55            4.57        54       131       563
06/11/2018 00:13:37    221   10.9   359.300          358.25            4.57        52       140       563
06/11/2018 00:13:47    231   10.8   362.000          357.76            4.57        53       132       563
06/11/2018 00:13:57    270   10.8   364.700          357.79            4.57        53       131       563
06/11/2018 00:14:07    237   10.8   367.440          357.52            4.57        52       130       563
06/11/2018 00:14:17    235   10.8   370.060          357.58            4.56        53       130       563
06/11/2018 00:14:27    232   10.8   372.830          357.25            4.56        53       134       563
06/11/2018 00:14:37    208   10.8   375.560          356.73            4.56        54       131       563
06/11/2018 00:14:47    204   10.9   378.240          357.17            4.56        53       128       563
06/11/2018 00:14:57    259   10.8   380.850          357.80            4.55        53       135       563
06/11/2018 00:15:07    236   10.8   383.490          356.20            4.55        53       138       563
06/11/2018 00:15:17    235   10.8   386.250          356.16            4.54        52       129       563
06/11/2018 00:15:27    206   10.8   388.870          356.43            4.54        54       135       563
06/11/2018 00:15:37    242   10.8   391.480          356.90            4.53        53       133       563
06/11/2018 00:15:47    259   10.8   394.150          356.96            4.53        55       140       563
06/11/2018 00:15:57    215   10.8   396.820          356.78            4.53        52       149       563
06/11/2018 00:16:07    202   10.8   399.520          355.89            4.53        53       132       563
06/11/2018 00:16:17    235   10.8   402.250          355.82            4.54        54       133       563
06/11/2018 00:16:27    248   10.8   404.770          356.37            4.53        54       131       563
06/11/2018 00:16:37    248   10.8   407.500          356.29            4.53        53       132       563
06/11/2018 00:16:47    253   10.8   410.210          355.96            4.53        54       131       563
06/11/2018 00:16:57    249   10.8   412.830          355.08            4.52        53       133       563
06/11/2018 00:17:07    238   10.8   415.420          355.97            4.52        54       129       563
06/11/2018 00:17:17    238   10.8   418.160          355.23            4.53        53       139       563
06/11/2018 00:17:27    247   10.8   420.790          354.53            4.55        54       131       563
06/11/2018 00:17:37    227   10.8   423.500          353.43            4.55        53       131       563
06/11/2018 00:17:47    216   10.8   426.210          352.59            4.55        53       130       563
06/11/2018 00:17:57    231   10.8   428.860          353.54            4.55        52       141       563
06/11/2018 00:18:07    223   10.8   431.590          353.06            4.56        53       130       563
06/11/2018 00:18:17    246   10.8   434.180          353.16            4.55        54       129       563
06/11/2018 00:18:27    239   10.8   436.870          352.81            4.55        53       127       563
06/11/2018 00:18:37    191   10.8   439.610          353.69            4.55        54       126       563
06/11/2018 00:18:47    227   10.8   442.320          353.44            4.54        54       127       563
06/11/2018 00:18:57    206   10.8   444.920          353.65            4.54        54       130       563
06/11/2018 00:19:07    213   10.8   447.630          353.78            4.54        53       126       563
06/11/2018 00:19:17    207   10.8   450.300          353.88            4.52        53       127       563
06/11/2018 00:19:27    236   10.8   453.020          353.39            4.51        53       128       563
06/11/2018 00:19:37    202   10.8   455.630          353.94            4.51        53       129       563
06/11/2018 00:19:47    229   10.8   458.340          352.90            4.51        54       126       563
06/11/2018 00:19:57    244   10.8   461.010          353.60            4.50        53       129       563
06/11/2018 00:20:07    229   10.8   463.640          353.68            4.50        53       130       563
06/11/2018 00:20:17    219   10.8   466.320          353.70            4.50        53       129       563
06/11/2018 00:20:27    229   10.8   469.000          353.26            4.50        53       127       563
06/11/2018 00:20:37    208   10.8   471.750          352.81            4.49        53       126       563
06/11/2018 00:20:47    246   10.8   474.420          353.42            4.49        53       129       563
06/11/2018 00:20:57    221   10.8   477.050          353.54            4.48        53       128       563
06/11/2018 00:21:07    223   10.8   479.790          352.50            4.48        53       136       563
06/11/2018 00:21:17    233   10.8   482.360          353.64            4.48        52       128       563
06/11/2018 00:21:27    254   10.8   485.010          352.48            4.47        53       129       563
06/11/2018 00:21:37    241   10.8   487.680          352.63            4.47        52       131       563
06/11/2018 00:21:47    231   10.8   490.360          352.86            4.47        52       132       563
06/11/2018 00:21:57    245   10.8   493.050          352.34            4.47        54       130       563
06/11/2018 00:22:07    229   10.8   495.780          353.11            4.47        53       133       563
06/11/2018 00:22:17    273   10.8   498.380          352.71            4.46        53       129       563
06/11/2018 00:22:27    189   10.8   500.900          352.66            4.47        55       129       563
06/11/2018 00:22:37    242   10.8   503.600          352.33            4.47        53       128       563
06/11/2018 00:22:47    245   10.8   506.070          352.66            4.47        52       128       563
06/11/2018 00:22:57    244   10.8   508.750          352.29            4.46        53       128       563
06/11/2018 00:23:07    215   10.8   511.440          351.67            4.46        53       151       563
06/11/2018 00:23:17    263   10.8   514.080          350.99            4.46        53       130       563
06/11/2018 00:23:27    216   10.8   516.810          350.25            4.46        54       126       563
06/11/2018 00:23:37    237   10.8   519.400          351.02            4.45        62       265       563
06/11/2018 00:23:47    243   10.8   522.150          350.80            4.45        53       132       563
06/11/2018 00:23:57    222   10.8   524.750          351.08            4.45        53       130       563
06/11/2018 00:24:07    271   10.8   527.330          350.53            4.45        53       128       563
06/11/2018 00:24:17    236   10.8   529.940          350.73            4.45        51       124       563
06/11/2018 00:24:27    245   10.8   532.680          350.65            4.44        53       124       563
06/11/2018 00:24:37    240   10.8   535.240          350.53            4.44        54       126       563
06/11/2018 00:24:47    243   10.8   537.990          350.20            4.44        53       126       563
06/11/2018 00:24:57    215   10.8   540.570          351.10            4.44        52       126       563
06/11/2018 00:25:07    227   10.8   543.340          349.01            4.44        54       125       563
06/11/2018 00:25:17    229   10.8   545.960          349.87            4.44        53       125       563
06/11/2018 00:25:27    239   10.8   548.600          350.68            4.44        53       125       563
06/11/2018 00:25:37    221   10.8   551.370          349.85            4.44        53       122       563
06/11/2018 00:25:47    219   10.8   554.090          350.06            4.43        52       125       563
06/11/2018 00:25:57    214   10.8   556.690          349.70            4.43        53       125       563
06/11/2018 00:26:07    216   10.8   559.410          351.14            4.42        55       125       563
06/11/2018 00:26:17    247   10.8   562.110          350.26            4.42        53       144       563
06/11/2018 00:26:27    197   10.8   564.730          350.71            4.41        54       129       563
06/11/2018 00:26:37    216   10.8   567.480          351.09            4.41        51       125       563
06/11/2018 00:26:47    220   10.8   570.170          350.68            4.41        53       137       563
06/11/2018 00:26:57    201   10.8   572.840          350.39            4.41        53       124       563
06/11/2018 00:27:07    207   10.8   575.520          349.98            4.40        52       149       563
06/11/2018 00:27:17    198   10.8   578.290          350.57            4.40        54       127       563
06/11/2018 00:27:27    201   10.8   581.000          350.47            4.39        53       123       563
06/11/2018 00:27:37    205   10.8   583.660          350.72            4.38        53       124       563
06/11/2018 00:27:47    213   10.8   586.360          349.36            4.38        53       123       563
06/11/2018 00:27:57    230   10.8   589.240          350.22            4.37        53       126       563
06/11/2018 00:28:07    221   10.8   591.850          349.86            4.36        55       257       563
06/11/2018 00:28:17    204   10.8   594.650          349.64            4.35        54       128       563
06/11/2018 00:28:27    183   10.8   597.300          350.02            4.35        54       140       563
06/11/2018 00:28:37    217   10.8   599.980          350.46            4.34        53       123       563
06/11/2018 00:28:47    197   10.8   602.640          350.54            4.33        53       126       563
06/11/2018 00:28:57    212   10.8   605.400          350.34            4.32        52       123       563
06/11/2018 00:29:07    218   10.8   608.060          350.41            4.30        53       124       563
06/11/2018 00:29:17    219   10.8   610.760          350.71            4.30        55       130       563
06/11/2018 00:29:27    201   10.8   613.400          350.88            4.29        54       122       563
06/11/2018 00:29:37    225   10.8   616.180          352.12            4.29        52       124       563
06/11/2018 00:29:47    198   10.8   618.810          350.59            4.28        53       128       563
06/11/2018 00:29:57    181   10.8   621.560          351.97            4.27        53       123       563
06/11/2018 00:30:07    156   10.8   624.220          352.39            4.25        54       128       563
06/11/2018 00:30:17    205   10.8   627.070          352.94            4.24        53       123       563
06/11/2018 00:30:27    201   10.8   629.780          353.40            4.24        53       135       563
06/11/2018 00:30:37    189   10.8   632.580          352.88            4.23        52       126       563
06/11/2018 00:30:47    184   10.8   635.190          353.50            4.22        64       230       563
06/11/2018 00:30:57    185   10.8   637.940          353.43            4.21        52       126       563
06/11/2018 00:31:07    181   10.8   640.830          352.80            4.21        53       121       563
06/11/2018 00:31:17    177   10.8   643.500          353.09            4.20        52       135       563
06/11/2018 00:31:27    172   10.8   646.170          352.68            4.19        53       124       563
06/11/2018 00:31:37    176   10.8   649.050          352.83            4.18        51       123       563
06/11/2018 00:31:47    208   10.8   651.750          352.78            4.17        52       125       563
06/11/2018 00:31:57    170   10.8   654.460          352.90            4.17        52       130       563
06/11/2018 00:32:07    177   10.8   657.210          352.74            4.17        53       123       563
06/11/2018 00:32:17    191   10.8   659.880          353.34            4.16        53       124       563
06/11/2018 00:32:27    184   10.8   662.650          352.59            4.16        53       132       563
06/11/2018 00:32:37    200   10.8   665.360          353.99            4.16        54       170       563
06/11/2018 00:32:47    192   10.8   668.100          353.31            4.16        53       128       563
06/11/2018 00:32:57    207   10.8   670.840          353.89            4.14        53       123       563
06/11/2018 00:33:07    209   10.8   673.480          353.63            4.13        52       124       563
06/11/2018 00:33:17    215   10.8   676.200          354.38            4.12        53       124       563
06/11/2018 00:33:27    216   10.8   678.990          353.49            4.12        54       124       563
06/11/2018 00:33:37    226   10.8   681.660          355.06            4.10        56       218       563
06/11/2018 00:33:47    236   10.8   684.300          354.94            4.09        52       125       563
06/11/2018 00:33:57    202   10.8   687.050          356.16            4.09        52       125       563
06/11/2018 00:34:07    208   10.8   689.800          357.33            4.08        51       124       563
06/11/2018 00:34:17    221   10.8   692.420          356.84            4.07        54       127       563
06/11/2018 00:34:27    203   10.8   695.160          357.82            4.05        52       121       563
06/11/2018 00:34:37    213   10.8   697.810          358.46            4.05        51       124       563
06/11/2018 00:34:47    187   10.8   700.480          359.92            4.01        54       121       563
06/11/2018 00:34:57    221   10.8   703.310          361.81            3.99        53       125       563
06/11/2018 00:35:07    212   10.8   705.880          361.79            3.99        52       136       563
06/11/2018 00:35:17    214   10.8   708.660          362.70            3.98        53       125       563
06/11/2018 00:35:27    223   10.8   711.390          362.16            3.98        50       125       563
06/11/2018 00:35:37    212   10.8   714.080          362.38            3.97        52       132       563
06/11/2018 00:35:47    205   10.8   716.620          362.68            3.97        51       120       563
06/11/2018 00:35:57    209   10.8   719.380          362.04            3.96        52       122       563
06/11/2018 00:36:07    216   10.8   722.050          362.60            3.96        52       129       563
06/11/2018 00:36:17    230   10.8   724.760          362.44            3.96        52       121       563
06/11/2018 00:36:27    198   10.8   727.530          362.40            3.96        54       121       563
06/11/2018 00:36:37    221   10.8   730.250          361.91            3.96        52       126       563
06/11/2018 00:36:47    213   10.8   732.890          362.09            3.96        53       119       563
06/11/2018 00:36:57    181   10.8   735.520          362.35            3.94        53       121       563
06/11/2018 00:37:07    217   10.8   738.190          362.48            3.93        51       122       563
06/11/2018 00:37:17    241   10.8   741.000          361.86            3.92        53       123       563
06/11/2018 00:37:27    241   10.8   743.650          361.61            3.92        51       130       563
06/11/2018 00:37:37    209   10.8   746.300          361.88            3.92        52       121       563
06/11/2018 00:37:47    224   10.8   749.050          362.65            3.92        52       122       563
06/11/2018 00:37:57    220   10.8   751.620          361.88            3.91        53       120       563
06/11/2018 00:38:07    232   10.8   754.430          361.75            3.91        52       120       563
06/11/2018 00:38:17    221   10.8   756.980          362.17            3.91        52       122       563
06/11/2018 00:38:27    197   10.8   759.700          361.47            3.91        53       120       563
06/11/2018 00:38:37    234   10.8   762.480          360.42            3.91        52       121       563
06/11/2018 00:38:47    236   10.8   764.970          360.98            3.91        53       122       563
06/11/2018 00:38:57    217   10.8   767.710          360.84            3.91        53       123       563
06/11/2018 00:39:07    169   10.8   770.400          361.09            3.90        53       121       563
06/11/2018 00:39:17    227   10.8   773.080          360.49            3.89        53       120       563
06/11/2018 00:39:27    210   10.8   775.820          361.50            3.88        53       133       563
06/11/2018 00:39:37    216   10.8   778.410          362.04            3.87        53       120       563
06/11/2018 00:39:47    224   10.8   781.160          362.56            3.87        51       125       563
06/11/2018 00:39:57    197   10.8   783.830          362.50            3.86        53       119       563
06/11/2018 00:40:07    212   10.8   786.540          363.42            3.85        52       124       563
06/11/2018 00:40:17    228   10.8   789.230          361.87            3.85        52       119       563
06/11/2018 00:40:27    223   10.8   791.980          361.92            3.85        54       120       563
06/11/2018 00:40:37    205   10.8   794.590          363.19            3.84        53       119       563
06/11/2018 00:40:47    241   10.8   797.280          363.95            3.84        51       122       563
06/11/2018 00:40:57    180   10.8   799.870          361.82            3.84        52       118       563
06/11/2018 00:41:07    205   10.8   802.570          363.31            3.84        52       121       563
06/11/2018 00:41:17    251   10.8   805.310          363.83            3.84        53       121       563
06/11/2018 00:41:27    231   10.8   807.940          362.02            3.84        52       123       563
06/11/2018 00:41:37    228   10.8   810.650          362.21            3.83        52       119       563
06/11/2018 00:41:47    229   10.8   813.400          361.64            3.83        50       121       563
06/11/2018 00:41:57    220   10.8   816.020          360.61            3.83        52       119       563
06/11/2018 00:42:07    229   10.8   818.680          362.27            3.83        53       120       563
06/11/2018 00:42:17    241   10.8   821.340          360.40            3.82        52       122       563
06/11/2018 00:42:27    200   10.8   823.990          360.74            3.82        51       118       563
06/11/2018 00:42:37    234   10.8   826.680          360.56            3.82        52       124       563
06/11/2018 00:42:47    218   10.8   829.370          361.33            3.82        54       118       564
06/11/2018 00:42:57    217   10.8   832.080          361.53            3.81        53       119       564
06/11/2018 00:43:07    234   10.8   834.710          360.80            3.81        51       117       563
06/11/2018 00:43:17    229   10.8   837.340          361.37            3.81        52       120       564
06/11/2018 00:43:27    200   10.8   840.090          361.66            3.80        53       125       563
06/11/2018 00:43:37    222   10.8   842.890          362.04            3.79        52       121       563
06/11/2018 00:43:47    209   10.8   845.450          362.08            3.79        53       125       564
06/11/2018 00:43:57    198   10.8   848.230          363.79            3.79        51       117       564
06/11/2018 00:44:07    201   10.8   850.940          363.60            3.78        52       118       564
06/11/2018 00:44:17    201   10.8   853.650          363.77            3.77        51       118       564
06/11/2018 00:44:27    185   10.8   856.420          363.73            3.76        52       122       564
06/11/2018 00:44:37    202   10.8   859.140          364.46            3.75        52       118       564
06/11/2018 00:44:47    179   10.8   861.770          365.23            3.74        52       123       564
06/11/2018 00:44:57    225   10.8   864.570          365.77            3.74        52       120       564
06/11/2018 00:45:07    201   10.8   867.260          364.15            3.74        54       119       564
06/11/2018 00:45:17    194   10.8   869.900          365.51            3.74        51       118       564
06/11/2018 00:45:27    218   10.8   872.750          365.09            3.74        53       118       564
06/11/2018 00:45:37    209   10.8   875.360          364.39            3.74        52       117       564
06/11/2018 00:45:47    195   10.8   878.080          363.61            3.74        53       118       564
06/11/2018 00:45:57    203   10.8   880.850          364.76            3.74        52       120       564
06/11/2018 00:46:07    219   10.8   883.570          364.98            3.74        53       118       564
06/11/2018 00:46:17    219   10.8   886.210          365.12            3.74        53       118       564
06/11/2018 00:46:27    197   10.8   888.960          364.61            3.73        53       119       564
06/11/2018 00:46:37    199   10.8   891.700          364.33            3.73        52       121       564
06/11/2018 00:46:47    217   10.8   894.440          365.22            3.72        52       118       564
06/11/2018 00:46:57    219   10.8   897.050          365.46            3.71        52       118       564
06/11/2018 00:47:07    216   10.8   899.800          366.42            3.69        52       120       564
06/11/2018 00:47:17    214   10.8   902.530          367.29            3.68        52       120       564
06/11/2018 00:47:27    217   10.8   905.090          367.67            3.67        53       125       564
06/11/2018 00:47:37    203   10.8   907.750          368.18            3.66        53       121       564
06/11/2018 00:47:47    214   10.8   910.450          368.44            3.66        51       123       564
06/11/2018 00:47:57    221   10.8   913.260          368.37            3.66        53       121       564
06/11/2018 00:48:07    217   10.8   915.760          368.11            3.66        53       122       564
06/11/2018 00:48:17    252   10.8   918.520          367.35            3.65        53       123       564
06/11/2018 00:48:27    220   10.8   921.140          368.87            3.65        54       122       564
06/11/2018 00:48:37    203   10.8   923.800          368.66            3.65        52       122       564
06/11/2018 00:48:47    263   10.8   926.520          368.42            3.65        52       122       564
06/11/2018 00:48:57    211   10.8   929.220          369.22            3.65        53       121       564
06/11/2018 00:49:07    219   10.8   931.900          369.07            3.65        52       119       564
06/11/2018 00:49:17    229   10.8   934.540          368.93            3.65        52       120       564
06/11/2018 00:49:27    240   10.8   937.130          369.04            3.64        51       119       564
06/11/2018 00:49:37    217   10.8   939.960          368.89            3.64        52       118       564
06/11/2018 00:49:47    223   10.8   942.630          370.23            3.64        53       118       564
06/11/2018 00:49:57    208   10.8   945.310          370.16            3.64        50       118       564
06/11/2018 00:50:07    217   10.8   948.030          368.87            3.64        53       119       564
06/11/2018 00:50:17    230   10.8   950.740          370.11            3.64        52       119       564
06/11/2018 00:50:27    210   10.8   953.430          369.19            3.64        51       117       564
06/11/2018 00:50:37    215   10.8   956.020          368.69            3.63        53       118       564
06/11/2018 00:50:47    220   10.8   958.630          369.35            3.63        52       119       564
06/11/2018 00:50:57    204   10.8   961.440          369.67            3.63        52       119       564
06/11/2018 00:51:07    222   10.8   964.110          369.45            3.63        53       117       564
06/11/2018 00:51:17    221   10.8   966.820          369.01            3.63        53       120       564
06/11/2018 00:51:27    209   10.8   969.550          369.22            3.63        52       118       564
06/11/2018 00:51:37    218   10.8   972.170          369.30            3.63        53       123       564
06/11/2018 00:51:47    205   10.8   974.870          369.19            3.63        52       124       564
06/11/2018 00:51:57    210   10.8   977.590          368.29            3.63        53       119       564
06/11/2018 00:52:07    223   10.8   980.160          369.06            3.63        53       118       564
06/11/2018 00:52:17    209   10.8   982.860          369.54            3.63        52       119       564
06/11/2018 00:52:27    205   10.8   985.540          368.98            3.63        52       119       564
06/11/2018 00:52:37    207   10.8   988.290          368.90            3.63        53       121       564
06/11/2018 00:52:47    220   10.8   990.990          368.40            3.62        51       121       564
06/11/2018 00:52:57    201   10.8   993.710          369.21            3.62        52       118       564
06/11/2018 00:53:07    234   10.8   996.320          369.41            3.62        54       119       564
06/11/2018 00:53:17    200   10.8   999.100          369.76            3.61        52       120       564
06/11/2018 00:53:27    208   10.8  1001.720          369.98            3.61        52       116       564
06/11/2018 00:53:37    209   10.8  1004.420          369.74            3.61        53       119       564
06/11/2018 00:53:47    221   10.8  1007.150          368.80            3.61        53       117       564
06/11/2018 00:53:57    213   10.8  1009.890          369.06            3.61        52       118       564
06/11/2018 00:54:07    198   10.8  1012.500          369.07            3.61        51       118       564
06/11/2018 00:54:17    207   10.8  1015.210          368.94            3.60        52       118       564
06/11/2018 00:54:27    210   10.8  1018.000          368.37            3.60        51       120       564
06/11/2018 00:54:37    213   10.8  1020.650          368.92            3.60        53       117       564
06/11/2018 00:54:47    216   10.8  1023.460          368.81            3.60        52       116       564
06/11/2018 00:54:57    190   10.8  1026.110          368.18            3.60        52       116       564
06/11/2018 00:55:07    199   10.8  1028.760          367.98            3.60        53       116       564
06/11/2018 00:55:17    217   10.8  1031.460          367.50            3.59        52       116       564
06/11/2018 00:55:27    202   10.8  1034.080          368.08            3.59        55       117       564
06/11/2018 00:55:37    204   10.8  1036.790          368.17            3.59        52       115       564
06/11/2018 00:55:47    211   10.8  1039.570          368.47            3.59        51       115       564
06/11/2018 00:55:57    199   10.8  1042.200          368.78            3.59        52       127       564
06/11/2018 00:56:07    197   10.8  1044.900          368.61            3.59        51       117       564
06/11/2018 00:56:17    208   10.8  1047.570          368.56            3.59        52       116       564
06/11/2018 00:56:27    217   10.8  1050.300          367.71            3.59        53       118       564
06/11/2018 00:56:37    196   10.8  1053.040          367.47            3.59        54       115       564
06/11/2018 00:56:47    203   10.8  1055.790          367.90            3.59        52       116       564
06/11/2018 00:56:57    213   10.8  1058.500          367.54            3.58        51       116       564
06/11/2018 00:57:07    196   10.8  1061.210          368.00            3.58        52       118       564
06/11/2018 00:57:17    204   10.8  1063.790          368.29            3.58        53       118       564
06/11/2018 00:57:27    213   10.8  1066.580          367.72            3.58        52       114       564
06/11/2018 00:57:37    213   10.8  1069.240          367.42            3.58        51       115       564
06/11/2018 00:57:47    212   10.8  1071.840          367.84            3.58        51       117       564
06/11/2018 00:57:57    211   10.8  1074.650          367.43            3.58        53       117       564
06/11/2018 00:58:07    211   10.8  1077.270          367.01            3.58        53       116       564
06/11/2018 00:58:17    215   10.8  1079.970          368.72            3.57        51       114       564
06/11/2018 00:58:27    201   10.8  1082.720          367.98            3.57        52       119       564
06/11/2018 00:58:37    215   10.8  1085.520          367.42            3.57        52       117       564
06/11/2018 00:58:47    201   10.8  1088.140          368.08            3.57        52       117       564
06/11/2018 00:58:57    192   10.8  1090.810          368.21            3.57        52       115       564
06/11/2018 00:59:07    229   10.8  1093.450          366.90            3.57        52       118       564
06/11/2018 00:59:17    202   10.8  1096.140          367.79            3.57        53       114       564
06/11/2018 00:59:27    207   10.8  1098.830          368.26            3.57        53       113       564
06/11/2018 00:59:37    212   10.8  1101.440          368.37            3.57        52       115       564
06/11/2018 00:59:47    221   10.8  1104.310          367.87            3.57        52       116       564
06/11/2018 00:59:57    207   10.8  1107.030          366.90            3.56        52       115       564
06/11/2018 01:00:07    204   10.8  1109.690          367.12            3.56        52       115       564
06/11/2018 01:00:17    202   10.8  1112.420          367.56            3.55        52       112       564
06/11/2018 01:00:27    200   10.8  1115.090          367.78            3.55        52       116       564
06/11/2018 01:00:37    195   10.8  1117.840          367.98            3.55        52       118       564
06/11/2018 01:00:47    204   10.8  1120.580          367.11            3.55        52       117       564
06/11/2018 01:00:57    201   10.8  1123.280          367.90            3.55        52       114       564
06/11/2018 01:01:07    212   10.8  1125.940          367.17            3.55        53       116       564
06/11/2018 01:01:17    212   10.8  1128.600          366.59            3.55        53       115       564
06/11/2018 01:01:27    202   10.8  1131.290          367.96            3.54        52       112       564
06/11/2018 01:01:37    210   10.8  1133.960          367.61            3.54        53       115       564
06/11/2018 01:01:47    197   10.8  1136.740          367.65            3.54        52       117       564
06/11/2018 01:01:57    203   10.8  1139.500          367.35            3.54        51       113       564
06/11/2018 01:02:07    197   10.8  1142.210          368.21            3.53        54       115       564
06/11/2018 01:02:17    190   10.8  1144.830          367.84            3.53        54       117       564
06/11/2018 01:02:27    209   10.8  1147.690          368.71            3.53        53       113       564
06/11/2018 01:02:37    188   10.8  1150.320          367.23            3.53        52       115       564
06/11/2018 01:02:47    173   10.8  1153.060          367.59            3.53        54       116       564
06/11/2018 01:02:57    218   10.8  1155.740          368.06            3.53        52       113       564
06/11/2018 01:03:07    151   10.8  1158.510          367.16            3.52        52       113       564
06/11/2018 01:03:17    212   10.8  1161.130          367.84            3.52        51       114       564
06/11/2018 01:03:27    204   10.8  1163.770          367.54            3.52        52       116       564
06/11/2018 01:03:37    194   10.8  1166.440          366.79            3.51        51       115       564
06/11/2018 01:03:47    181   10.8  1169.160          367.26            3.51        53       114       564
06/11/2018 01:03:57    198   10.8  1171.840          367.93            3.51        51       113       564
06/11/2018 01:04:07    204   10.8  1174.510          367.45            3.51        54       114       564
06/11/2018 01:04:17    210   10.8  1177.370          368.20            3.51        54       115       564
06/11/2018 01:04:27    203   10.8  1179.960          368.13            3.50        52       115       564
06/11/2018 01:04:37    201   10.8  1182.720          367.27            3.50        51       114       564
06/11/2018 01:04:47    199   10.8  1185.460          368.01            3.50        52       115       564
06/11/2018 01:04:57    192   10.8  1188.130          367.42            3.50        52       115       564
06/11/2018 01:05:07    213   10.8  1190.760          367.00            3.50        52       114       564
06/11/2018 01:05:17    195   10.8  1193.420          366.98            3.50        52       123       564
06/11/2018 01:05:27    202   10.8  1196.150          367.60            3.50        52       115       564
06/11/2018 01:05:37    206   10.8  1198.970          368.06            3.50        52       120       564
06/11/2018 01:05:47    226   10.8  1201.570          367.71            3.50        52       115       564
06/11/2018 01:05:57    198   10.8  1204.360          367.00            3.50        51       114       564
06/11/2018 01:06:07    200   10.8  1207.040          367.33            3.50        52       114       564
06/11/2018 01:06:17    208   10.8  1209.690          366.72            3.50        52       115       564
06/11/2018 01:06:27    206   10.8  1212.370          366.23            3.50        52       112       564
06/11/2018 01:06:37    205   10.8  1215.130          367.15            3.50        52       115       564
06/11/2018 01:06:47    219   10.8  1217.840          366.46            3.50        54       112       564
06/11/2018 01:06:57    202   10.8  1220.510          366.42            3.50        52       115       564
06/11/2018 01:07:07    200   10.8  1223.180          365.99            3.50        50       118       564
06/11/2018 01:07:17    213   10.8  1225.880          366.94            3.50        52       112       564
06/11/2018 01:07:27    197   10.8  1228.420          366.69            3.50        52       113       564
06/11/2018 01:07:37    213   10.8  1231.260          366.39            3.49        52       114       564
06/11/2018 01:07:47    211   10.8  1233.860          366.14            3.50        52       114       564
06/11/2018 01:07:57    213   10.8  1236.550          367.08            3.49        53       115       564
06/11/2018 01:08:07    212   10.8  1239.260          365.61            3.49        50       115       564
06/11/2018 01:08:17    218   10.8  1241.960          366.29            3.49        52       112       564
06/11/2018 01:08:27    202   10.8  1244.720          365.85            3.49        52       115       564
06/11/2018 01:08:37    213   10.8  1247.420          365.92            3.49        52       114       564
06/11/2018 01:08:47    214   10.8  1249.990          366.53            3.49        52       117       564
06/11/2018 01:08:57    208   10.8  1252.770          365.98            3.49        52       117       564
06/11/2018 01:09:07    217   10.8  1255.350          365.68            3.49        51       113       564
06/11/2018 01:09:17    209   10.8  1258.090          365.85            3.49        53       114       564
06/11/2018 01:09:27    206   10.8  1260.820          365.30            3.49        53       114       564
06/11/2018 01:09:37    213   10.8  1263.500          366.88            3.48        52       138       564
06/11/2018 01:09:47    212   10.8  1266.130          365.58            3.48        51       117       564
06/11/2018 01:09:57    200   10.8  1268.930          365.95            3.48        51       116       564
06/11/2018 01:10:07    216   10.8  1271.590          366.80            3.48        52       117       564
06/11/2018 01:10:17    217   10.8  1274.220          367.29            3.48        52       116       564
06/11/2018 01:10:27    195   10.8  1276.820          367.00            3.48        51       114       564
06/11/2018 01:10:37    203   10.8  1279.490          366.88            3.47        51       115       564
06/11/2018 01:10:47    200   10.8  1282.240          367.14            3.47        52       113       564
06/11/2018 01:10:57    218   10.8  1284.900          367.11            3.47        53       114       564
06/11/2018 01:11:07    214   10.8  1287.630          366.11            3.47        53       114       564
06/11/2018 01:11:17    206   10.8  1290.280          366.04            3.47        52       115       564
06/11/2018 01:11:27    219   10.8  1293.000          367.38            3.47        52       118       564
06/11/2018 01:11:37    223   10.8  1295.630          365.67            3.46        53       115       564
06/11/2018 01:11:47    200   10.8  1298.380          367.12            3.46        51       112       564
06/11/2018 01:11:57    210   10.8  1300.970          367.01            3.46        52       115       564
06/11/2018 01:12:07    211   10.8  1303.770          365.81            3.46        52       115       564
06/11/2018 01:12:17    221   10.8  1306.390          365.67            3.46        52       123       564
06/11/2018 01:12:27    220   10.8  1309.200          365.89            3.46        53       113       564
06/11/2018 01:12:37    214   10.8  1311.790          367.02            3.46        53       114       564
06/11/2018 01:12:47    224   10.8  1314.440          365.26            3.46        53       118       564
06/11/2018 01:12:57    225   10.8  1317.280          365.40            3.46        52       114       564
06/11/2018 01:13:07    202   10.8  1319.790          366.21            3.46        52       117       564
06/11/2018 01:13:17    215   10.8  1322.620          366.56            3.46        52       114       564
06/11/2018 01:13:27    219   10.8  1325.220          366.23            3.46        52       113       564
06/11/2018 01:13:37    200   10.8  1327.940          366.14            3.45        52       114       564
06/11/2018 01:13:47    224   10.8  1330.590          365.77            3.45        52       116       564
06/11/2018 01:13:57    204   10.8  1333.210          366.36            3.45        52       112       564
06/11/2018 01:14:07    217   10.8  1335.810          366.49            3.45        54       113       564
06/11/2018 01:14:17    210   10.8  1338.560          366.12            3.45        53       113       564
06/11/2018 01:14:27    206   10.8  1341.350          366.29            3.45        52       114       564
06/11/2018 01:14:37    219   10.8  1343.890          366.07            3.45        53       115       564
06/11/2018 01:14:47    204   10.8  1346.600          365.20            3.45        52       113       564
06/11/2018 01:14:57    209   10.8  1349.280          365.54            3.45        51       113       564
06/11/2018 01:15:07    220   10.8  1352.000          365.94            3.45        51       117       564
06/11/2018 01:15:17    209   10.8  1354.790          365.59            3.45        52       116       564
06/11/2018 01:15:27    219   10.8  1357.460          366.24            3.46        52       113       564
06/11/2018 01:15:37    213   10.8  1360.140          365.25            3.46        52       113       564
06/11/2018 01:15:47    201   10.8  1362.760          365.28            3.46        52       115       564
06/11/2018 01:15:57    260   10.8  1365.540          365.28            3.46        53       115       564
06/11/2018 01:16:07    217   10.8  1368.200          364.89            3.46        53       113       564
06/11/2018 01:16:17    210   10.8  1370.880          365.45            3.46        53       120       564
06/11/2018 01:16:27    209   10.8  1373.500          365.50            3.46        54       115       564
06/11/2018 01:16:37    205   10.8  1376.250          365.28            3.46        54       113       564
06/11/2018 01:16:47    200   10.8  1378.870          363.92            3.46        52       114       564
06/11/2018 01:16:57    204   10.8  1381.560          365.44            3.46        52       112       564
06/11/2018 01:17:07    209   10.8  1384.260          364.10            3.46        52       114       564
06/11/2018 01:17:17    208   10.8  1386.950          364.32            3.46        53       115       564
06/11/2018 01:17:27    206   10.8  1389.590          365.30            3.46        54       116       564
06/11/2018 01:17:37    212   10.8  1392.340          363.81            3.46        51       116       564
06/11/2018 01:17:47    209   10.8  1395.070          363.33            3.46        51       116       564
06/11/2018 01:17:57    210   10.8  1397.770          364.71            3.46        53       118       564
06/11/2018 01:18:07    211   10.8  1400.340          364.28            3.46        52       115       564
06/11/2018 01:18:17    200   10.8  1403.140          363.60            3.46        52       114       564
06/11/2018 01:18:27    198   10.8  1405.750          364.18            3.46        52       125       564
06/11/2018 01:18:37    202   10.8  1408.440          363.57            3.46        53       120       564
06/11/2018 01:18:47    207   10.8  1411.230          363.95            3.46        54       116       564
06/11/2018 01:18:57    208   10.8  1413.830          364.12            3.45        52       113       564
06/11/2018 01:19:07    214   10.8  1416.460          363.75            3.45        52       116       565
06/11/2018 01:19:17    213   10.8  1419.210          362.92            3.45        51       113       564
06/11/2018 01:19:27    216   10.8  1421.860          362.79            3.45        52       114       564
06/11/2018 01:19:37    205   10.8  1424.570          363.11            3.45        53       113       564
06/11/2018 01:19:47    213   10.8  1427.260          363.46            3.45        53       112       564
06/11/2018 01:19:57    206   10.8  1429.960          362.26            3.44        52       113       564
06/11/2018 01:20:07    208   10.8  1432.660          363.57            3.44        53       115       564
06/11/2018 01:20:17    230   10.8  1435.280          362.56            3.44        54       112       564
06/11/2018 01:20:27    214   10.8  1438.160          362.43            3.43        52       113       564
06/11/2018 01:20:37    212   10.8  1440.740          361.91            3.43        53       114       564
06/11/2018 01:20:47    215   10.8  1443.340          361.94            3.43        52       113       564
06/11/2018 01:20:57    211   10.8  1446.030          362.07            3.43        52       112       564
06/11/2018 01:21:07    219   10.8  1448.810          361.76            3.42        52       113       565
06/11/2018 01:21:17    227   10.8  1451.410          362.23            3.41        53       126       564
06/11/2018 01:21:27    210   10.8  1454.180          362.10            3.41        53       111       564
06/11/2018 01:21:37    221   10.8  1456.880          362.70            3.41        52       114       564
06/11/2018 01:21:47    222   10.8  1459.460          362.44            3.41        52       111       564
06/11/2018 01:21:57    215   10.8  1462.220          361.74            3.41        54       113       564
06/11/2018 01:22:07    223   10.8  1464.870          361.55            3.40        52       113       564
06/11/2018 01:22:17    213   10.8  1467.490          362.47            3.40        51       113       564
06/11/2018 01:22:27    233   10.8  1470.170          362.18            3.40        53       115       564
06/11/2018 01:22:37    207   10.8  1472.790          360.83            3.41        52       113       564
06/11/2018 01:22:47    201   10.8  1475.560          360.93            3.41        52       112       564
06/11/2018 01:22:57    222   10.8  1478.220          362.37            3.41        53       114       564
06/11/2018 01:23:07    219   10.8  1480.830          361.49            3.40        52       113       564
06/11/2018 01:23:17    195   10.8  1483.600          361.55            3.40        52       112       564
06/11/2018 01:23:27    216   10.8  1486.190          361.28            3.39        53       112       564
06/11/2018 01:23:37    206   10.8  1488.820          360.40            3.39        52       114       564
06/11/2018 01:23:47    212   10.8  1491.580          360.66            3.39        54       113       564
06/11/2018 01:23:57    203   10.8  1494.320          360.67            3.39        52       112       565
06/11/2018 01:24:07    202   10.8  1496.900          361.08            3.39        51       110       564
06/11/2018 01:24:17    185   10.8  1499.670          361.01            3.39        52       112       564
06/11/2018 01:24:27    217   10.8  1502.310          360.53            3.39        52       112       564
06/11/2018 01:24:37    216   10.8  1505.060          360.89            3.39        53       111       564
06/11/2018 01:24:47    209   10.8  1507.690          360.65            3.39        52       114       564
06/11/2018 01:24:57    212   10.8  1510.400          360.95            3.39        53       112       564
06/11/2018 01:25:07    217   10.8  1513.160          360.78            3.39        52       111       565
06/11/2018 01:25:17    202   10.8  1515.850          360.51            3.39        53       112       565
06/11/2018 01:25:27    189   10.8  1518.400          360.65            3.39        54       111       564
06/11/2018 01:25:37    219   10.8  1521.100          360.57            3.39        53       113       564
06/11/2018 01:25:47    218   10.8  1523.820          360.19            3.39        54       111       564
06/11/2018 01:25:57    223   10.8  1526.490          361.08            3.39        53       112       564
06/11/2018 01:26:07    203   10.8  1529.220          360.50            3.39        52       115       564
06/11/2018 01:26:17    213   10.8  1531.830          359.93            3.39        51       112       564
06/11/2018 01:26:27    197   10.8  1534.600          360.44            3.38        53       114       565
06/11/2018 01:26:37    205   10.8  1537.240          359.70            3.38        52       111       565
06/11/2018 01:26:47    222   10.8  1539.940          360.08            3.38        53       113       565
06/11/2018 01:26:57    127   10.8  1542.460          360.30            3.38        52       112       565
06/11/2018 01:27:07    207   10.8  1545.340          361.65            3.38        53       112       564
06/11/2018 01:27:17    197   10.8  1547.880          360.87            3.38        52       110       564
06/11/2018 01:27:27    206   10.8  1550.730          359.98            3.38        52       112       564
06/11/2018 01:27:37    216   10.8  1553.300          360.98            3.38        52       112       564
06/11/2018 01:27:47    215   10.8  1556.050          359.65            3.38        53       114       565
06/11/2018 01:27:57    216   10.8  1558.750          360.22            3.38        52       112       565
06/11/2018 01:28:07    214   10.8  1561.360          360.26            3.38        50       111       564
06/11/2018 01:28:17    204   10.8  1563.990          360.36            3.38        53       113       564
06/11/2018 01:28:27    211   10.8  1566.660          360.33            3.38        52       113       564
06/11/2018 01:28:37    210   10.8  1569.460          360.16            3.38        51       111       564
06/11/2018 01:28:47    195   10.8  1572.140          359.99            3.38        52       112       564
06/11/2018 01:28:57    203   10.8  1574.840          358.91            3.38        53       110       564
06/11/2018 01:29:07    200   10.8  1577.580          358.03            3.38        52       111       564
06/11/2018 01:29:17    226   10.8  1580.180          358.95            3.38        51       111       564
06/11/2018 01:29:27    210   10.8  1582.810          358.95            3.38        52       111       564
06/11/2018 01:29:37    205   10.8  1585.500          358.69            3.38        53       112       564
06/11/2018 01:29:47    219   10.8  1588.190          358.46            3.39        51       128       565
06/11/2018 01:29:57    199   10.8  1590.880          358.55            3.39        53       111       565
06/11/2018 01:30:07    223   10.8  1593.600          358.00            3.39        52       113       564
06/11/2018 01:30:17    209   10.8  1596.250          358.83            3.39        52       110       565
06/11/2018 01:30:27    209   10.8  1598.890          358.49            3.39        54       112       564
06/11/2018 01:30:37    218   10.8  1601.630          358.00            3.39        53       112       564
06/11/2018 01:30:47    201   10.8  1604.290          356.79            3.39        52       111       564
06/11/2018 01:30:57    192   10.8  1606.970          357.30            3.40        53       112       565
06/11/2018 01:31:07    221   10.8  1609.600          357.68            3.40        54       111       564
06/11/2018 01:31:17    203   10.8  1612.260          356.34            3.40        54       111       565
06/11/2018 01:31:27    219   10.8  1615.090          355.35            3.41        51       110       564
06/11/2018 01:31:37    209   10.8  1617.620          355.97            3.41        52       112       564
06/11/2018 01:31:47    210   10.8  1620.380          356.27            3.40        54       113       565
06/11/2018 01:31:57    212   10.8  1623.110          356.41            3.40        51       111       565
06/11/2018 01:32:07    204   10.8  1625.740          356.54            3.40        52       110       565
06/11/2018 01:32:17    220   10.8  1628.330          355.82            3.41        52       114       564
06/11/2018 01:32:27    197   10.8  1631.140          356.19            3.41        53       110       564
06/11/2018 01:32:37    215   10.8  1633.750          355.80            3.41        53       113       565
06/11/2018 01:32:47    215   10.8  1636.400          356.11            3.41        52       113       565
06/11/2018 01:32:57    202   10.8  1639.100          355.29            3.42        54       111       565
06/11/2018 01:33:07    238   10.8  1641.830          355.72            3.42        52       111       564
06/11/2018 01:33:17    216   10.8  1644.420          355.15            3.43        52       111       565
06/11/2018 01:33:27    217   10.8  1647.160          353.74            3.44        53       112       564
06/11/2018 01:33:37    214   10.8  1649.900          352.85            3.45        53       112       564
06/11/2018 01:33:47    163   10.8  1652.440          352.75            3.45        52       115       564
06/11/2018 01:33:57    216   10.8  1655.230          352.28            3.46        53       111       565
06/11/2018 01:34:07    224   10.8  1657.710          350.55            3.49        52       113       565
06/11/2018 01:34:17    232   10.8  1660.500          350.21            3.51        51       114       565
06/11/2018 01:34:27    223   10.8  1663.090          347.78            3.52        53       112       564
06/11/2018 01:34:37    177   10.8  1665.760          346.44            3.53        53       111       564
06/11/2018 01:34:47    218   10.8  1668.330          346.41            3.53        52       109       564
06/11/2018 01:34:57    211   10.8  1671.120          346.31            3.53        53       111       564
06/11/2018 01:35:07    213   10.8  1673.720          346.05            3.54        52       112       564
06/11/2018 01:35:17    215   10.8  1676.440          344.73            3.54        52       110       565
06/11/2018 01:35:27    250   10.8  1679.050          344.87            3.55        52       110       565
06/11/2018 01:35:37    217   10.8  1681.750          344.12            3.55        53       111       564
06/11/2018 01:35:47    216   10.8  1684.420          345.34            3.55        53       112       565
06/11/2018 01:35:57    220   10.8  1686.950          344.49            3.55        52       112       565
06/11/2018 01:36:07    228   10.8  1689.590          343.38            3.55        53       111       565
06/11/2018 01:36:17    211   10.8  1692.290          343.49            3.55        52       110       565
06/11/2018 01:36:27    212   10.8  1695.070          343.74            3.54        53       114       564
06/11/2018 01:36:37    235   10.8  1697.730          344.28            3.54        53       111       564
06/11/2018 01:36:47    230   10.8  1700.400          342.54            3.55        51       112       564
06/11/2018 01:36:57    220   10.8  1702.910          342.49            3.56        52       110       564
06/11/2018 01:37:07    212   10.8  1705.700          341.57            3.57        53       112       564
06/11/2018 01:37:17    229   10.8  1708.290          341.87            3.58        53       112       564
06/11/2018 01:37:27    222   10.8  1710.920          340.80            3.59        53       113       564
06/11/2018 01:37:37    231   10.8  1713.630          340.25            3.59        52       110       564
06/11/2018 01:37:47    225   10.8  1716.210          339.02            3.60        53       113       564
06/11/2018 01:37:57    245   10.8  1718.950          339.53            3.60        53       111       564
06/11/2018 01:38:07    220   10.8  1721.500          338.17            3.60        52       110       564
06/11/2018 01:38:17    234   10.8  1724.280          339.07            3.60        52       113       564
06/11/2018 01:38:27    219   10.8  1726.790          338.10            3.60        53       111       565
06/11/2018 01:38:37    239   10.8  1729.540          337.43            3.60        54       111       564
06/11/2018 01:38:47    215   10.8  1732.170          337.75            3.61        53       112       564
06/11/2018 01:38:57    214   10.8  1734.770          337.33            3.61        53       114       564
06/11/2018 01:39:07    215   10.8  1737.500          337.27            3.61        53       113       564
06/11/2018 01:39:17    211   10.8  1740.130          336.97            3.61        53       112       564
06/11/2018 01:39:27    218   10.8  1742.850          336.94            3.61        52       115       564
06/11/2018 01:39:37    210   10.8  1745.400          335.91            3.61        53       112       565
06/11/2018 01:39:47    228   10.8  1747.990          336.79            3.61        53       112       565
06/11/2018 01:39:57    230   10.8  1750.750          336.39            3.61        52       112       565
06/11/2018 01:40:07    234   10.8  1753.430          336.85            3.61        52       111       564
06/11/2018 01:40:17    217   10.8  1755.980          336.51            3.61        52       113       565
06/11/2018 01:40:27    205   10.8  1758.580          336.23            3.61        52       112       564
06/11/2018 01:40:37    210   10.8  1761.250          336.38            3.61        53       111       564
06/11/2018 01:40:47    225   10.8  1763.830          336.23            3.61        53       113       565
06/11/2018 01:40:57    206   10.8  1766.520          336.17            3.61        52       113       564
06/11/2018 01:41:07    225   10.8  1769.190          335.47            3.61        52       111       564
06/11/2018 01:41:17    225   10.8  1771.940          334.88            3.61        53       112       564
06/11/2018 01:41:27    228   10.8  1774.390          334.17            3.61        52       114       564
06/11/2018 01:41:37    217   10.8  1777.070          335.24            3.61        53       112       564
06/11/2018 01:41:47    231   10.8  1779.710          334.37            3.61        54       112       564
06/11/2018 01:41:57    210   10.8  1782.470          334.36            3.61        53       115       564
06/11/2018 01:42:07    212   10.8  1785.130          334.70            3.60        52       112       565
06/11/2018 01:42:17    224   10.8  1787.720          334.30            3.60        52       112       564
06/11/2018 01:42:27    204   10.8  1790.390          333.51            3.60        53       113       564
06/11/2018 01:42:37    197   10.8  1793.010          333.21            3.60        53       111       564
06/11/2018 01:42:47    213   10.8  1795.750          333.70            3.60        54       113       564
06/11/2018 01:42:58    230   10.8  1798.600          333.13            3.60        54       123       564
06/11/2018 01:43:07    218   10.8  1801.030          332.97            3.60        52       113       564
06/11/2018 01:43:17    231   10.8  1803.740          333.16            3.60        54       113       564
06/11/2018 01:43:27    210   10.8  1806.340          333.32            3.60        53       111       564
06/11/2018 01:43:37    178   10.8  1808.920          334.33            3.60        53       111       564
06/11/2018 01:43:47    220   10.8  1811.620          333.15            3.60        52       111       564
06/11/2018 01:43:57    230   10.8  1814.330          332.90            3.60        52       112       564
06/11/2018 01:44:07    228   10.8  1816.930          332.90            3.59        53       113       564
06/11/2018 01:44:17    223   10.8  1819.620          332.18            3.59        54       113       564
06/11/2018 01:44:27    221   10.8  1822.140          333.58            3.58        53       113       564
06/11/2018 01:44:37    208   10.8  1824.860          332.56            3.57        52       111       564
06/11/2018 01:44:47    191   10.8  1827.470          332.96            3.57        54       117       564
06/11/2018 01:44:57    220   10.8  1830.130          332.78            3.57        51       112       564
06/11/2018 01:45:07    228   10.8  1832.760          332.64            3.57        53       113       564
06/11/2018 01:45:17    192   10.8  1835.360          333.47            3.57        54       111       564
06/11/2018 01:45:27    218   10.8  1838.040          332.68            3.56        53       111       564
06/11/2018 01:45:37    219   10.8  1840.740          332.80            3.56        54       112       564
06/11/2018 01:45:47    186   10.8  1843.320          332.46            3.55        54       111       564
06/11/2018 01:45:57    224   10.8  1845.970          332.27            3.55        53       113       564
06/11/2018 01:46:07    235   10.8  1848.620          332.57            3.54        53       113       564
06/11/2018 01:46:17    236   10.8  1851.260          334.15            3.54        53       113       564
06/11/2018 01:46:27    228   10.8  1853.900          333.27            3.54        52       115       564
06/11/2018 01:46:37    244   10.8  1856.490          333.13            3.53        53       115       564
06/11/2018 01:46:47    158   10.8  1859.180          333.54            3.53        53       114       564
06/11/2018 01:46:57    241   10.7  1861.940          333.55            3.53        53       114       564
06/11/2018 01:47:07    219   10.8  1864.580          333.53            3.52        54       115       564
06/11/2018 01:47:17    220   10.8  1867.260          334.37            3.51        53       117       564
06/11/2018 01:47:27    216   10.8  1869.950          334.36            3.50        54       119       564
06/11/2018 01:47:37    227   10.8  1872.550          334.97            3.49        52       119       564
06/11/2018 01:47:47    220   10.8  1875.270          335.69            3.48        52       117       564
06/11/2018 01:47:57    228   10.8  1877.790          334.43            3.47        53       119       564
06/11/2018 01:48:07    208   10.8  1880.580          336.38            3.47        52       120       564
06/11/2018 01:48:17    213   10.8  1883.090          336.47            3.46        53       127       564
06/11/2018 01:48:27    223   10.8  1885.840          335.85            3.45        54       178       564
06/11/2018 01:48:37    216   10.8  1888.390          336.46            3.44        53       122       564
06/11/2018 01:48:47    227   10.8  1891.060          336.98            3.44        52       123       564
06/11/2018 01:48:57    207   10.8  1893.690          336.60            3.44        53       122       564
06/11/2018 01:49:07    219   10.8  1896.370          336.39            3.43        54       122       564
06/11/2018 01:49:17    219   10.8  1899.140          337.05            3.44        54       121       564
06/11/2018 01:49:27    245   10.7  1901.640          335.89            3.44        54       122       564
06/11/2018 01:49:37    200   10.8  1904.400          334.94            3.44        53       117       564
06/11/2018 01:49:47    215   10.8  1907.050          334.60            3.44        52       120       564
06/11/2018 01:49:57    215   10.8  1909.680          333.20            3.44        54       117       564
06/11/2018 01:50:07    222   10.8  1912.390          335.45            3.44        54       118       564
06/11/2018 01:50:17    207   10.8  1914.970          333.84            3.43        53       125       564
06/11/2018 01:50:27    216   10.8  1917.790          334.44            3.43        54       117       564
06/11/2018 01:50:37    233   10.8  1920.430          334.25            3.43        54       121       564
06/11/2018 01:50:47    209   10.8  1923.060          333.75            3.42        54       125       564
06/11/2018 01:50:57    213   10.8  1925.800          333.82            3.42        53       119       564
06/11/2018 01:51:07    210   10.8  1928.360          334.01            3.42        52       123       564
06/11/2018 01:51:17    219   10.8  1931.030          334.54            3.42        54       119       565
06/11/2018 01:51:27    212   10.8  1933.710          334.14            3.41        53       118       564
06/11/2018 01:51:37    215   10.8  1936.370          334.16            3.41        53       119       564
06/11/2018 01:51:47    212   10.8  1939.020          333.53            3.40        53       118       564
06/11/2018 01:51:57    201   10.8  1941.570          334.20            3.40        52       119       564
06/11/2018 01:52:07    236   10.8  1944.230          334.15            3.40        52       119       565
06/11/2018 01:52:17    230   10.8  1947.040          334.66            3.40        52       117       564
06/11/2018 01:52:27    235   10.8  1949.650          334.62            3.40        52       116       564
06/11/2018 01:52:37    212   10.8  1952.320          333.94            3.40        54       117       564
06/11/2018 01:52:47    237   10.8  1954.900          332.86            3.40        52       116       565
06/11/2018 01:52:57    218   10.8  1957.540          333.29            3.39        53       117       564
06/11/2018 01:53:07    232   10.8  1960.170          332.76            3.39        52       119       564
06/11/2018 01:53:17    220   10.8  1962.780          333.50            3.39        53       117       564
06/11/2018 01:53:27    242   10.8  1965.390          334.01            3.38        53       118       564
06/11/2018 01:53:37    224   10.8  1968.050          332.93            3.37        53       117       564
06/11/2018 01:53:47    225   10.8  1970.850          334.25            3.37        54       116       564
06/11/2018 01:53:57    222   10.8  1973.380          333.83            3.36        53       117       564
06/11/2018 01:54:07    235   10.8  1976.020          333.71            3.36        53       120       564
06/11/2018 01:54:17    226   10.8  1978.700          334.20            3.35        52       117       564
06/11/2018 01:54:27    256   10.7  1981.260          333.60            3.35        52       119       564
06/11/2018 01:54:37    224   10.8  1983.810          335.57            3.34        52       120       564
06/11/2018 01:54:47    264   10.7  1986.390          334.66            3.33        53       121       564
06/11/2018 01:54:57    232   10.8  1989.040          334.45            3.33        53       124       564
06/11/2018 01:55:07    223   10.8  1991.800          334.87            3.33        52       119       564
06/11/2018 01:55:17    215   10.8  1994.380          334.24            3.33        54       120       565
06/11/2018 01:55:27    235   10.8  1997.050          335.27            3.32        54       122       564
06/11/2018 01:55:37    237   10.8  1999.520          334.29            3.31        52       118       564
06/11/2018 01:55:47    260   10.7  2002.190          334.47            3.31        54       118       565
06/11/2018 01:55:57    228   10.7  2004.840          335.10            3.31        52       120       564
06/11/2018 01:56:07    249   10.7  2007.520          334.19            3.30        52       118       565
06/11/2018 01:56:17    244   10.7  2010.190          334.28            3.30        52       117       565
06/11/2018 01:56:27    249   10.7  2012.700          334.46            3.30        54       119       565
06/11/2018 01:56:37    246   10.7  2015.300          334.31            3.30        52       119       565
06/11/2018 01:56:47    178   10.8  2018.000          334.10            3.31        53       118       564
06/11/2018 01:56:57    264   10.7  2020.670          332.49            3.31        54       119       564
06/11/2018 01:57:07    236   10.7  2023.250          332.46            3.31        53       114       564
06/11/2018 01:57:17    253   10.7  2025.860          331.43            3.31        52       115       564
06/11/2018 01:57:27    203   10.7  2028.440          331.45            3.29        53       119       564
06/11/2018 01:57:37    246   10.7  2031.010          331.87            3.28        53       116       564
06/11/2018 01:57:47    217   10.8  2033.650          331.63            3.28        53       120       564
06/11/2018 01:57:57    248   10.7  2036.340          332.27            3.27        53       120       564
06/11/2018 01:58:07    268   10.7  2038.910          331.40            3.26        53       117       565
06/11/2018 01:58:17    239   10.7  2041.460          333.34            3.24        54       121       564
06/11/2018 01:58:27    255   10.7  2044.120          333.88            3.22        53       123       564
06/11/2018 01:58:37    235   10.7  2046.680          334.50            3.21        54       141       564
06/11/2018 01:58:47    252   10.7  2049.280          335.38            3.20        52       120       565
06/11/2018 01:58:57    252   10.7  2051.970          336.29            3.20        54       123       565
06/11/2018 01:59:07    239   10.7  2054.560          336.10            3.20        53       123       565
06/11/2018 01:59:17    253   10.7  2057.230          336.06            3.19        53       125       565
06/11/2018 01:59:27    228   10.7  2059.770          335.93            3.18        53       125       565
06/11/2018 01:59:37    239   10.7  2062.510          337.13            3.17        54       125       565
06/11/2018 01:59:47    241   10.7  2065.040          335.53            3.18        53       123       565
06/11/2018 01:59:57    240   10.7  2067.620          335.95            3.18        52       122       565
06/11/2018 02:00:07    223   10.8  2070.380          335.77            3.19        52       124       565
06/11/2018 02:00:17    230   10.7  2072.890          334.21            3.19        54       119       565
06/11/2018 02:00:27    250   10.7  2075.460          333.74            3.17        53       123       565
06/11/2018 02:00:37    244   10.7  2078.180          334.50            3.17        53       122       565
06/11/2018 02:00:47    233   10.8  2080.710          334.41            3.16        51       122       565
06/11/2018 02:00:57    230   10.7  2083.350          334.90            3.17        54       121       565
06/11/2018 02:01:07    248   10.7  2085.970          333.84            3.19        53       123       565
06/11/2018 02:01:17    214   10.7  2088.550          333.23            3.19        53       118       565
06/11/2018 02:01:27    231   10.7  2091.140          332.29            3.19        53       116       565
06/11/2018 02:01:37    226   10.7  2093.880          332.12            3.18        53       116       564
06/11/2018 02:01:47    233   10.7  2096.400          332.95            3.18        52       116       565
06/11/2018 02:01:57    206   10.8  2099.110          332.58            3.17        53       115       565
06/11/2018 02:02:07    173   10.8  2101.700          332.27            3.17        54       114       564
06/11/2018 02:02:17    230   10.8  2104.340          331.87            3.17        53       114       565
06/11/2018 02:02:27    239   10.7  2107.080          331.35            3.17        54       115       565
06/11/2018 02:02:37    228   10.8  2109.720          332.12            3.16        54       118       565
06/11/2018 02:02:47    236   10.7  2112.250          330.85            3.16        53       115       565
06/11/2018 02:02:57    204   10.8  2114.860          330.89            3.16        54       117       565
06/11/2018 02:03:07    232   10.7  2117.460          330.60            3.16        54       116       565
06/11/2018 02:03:17    260   10.7  2120.130          331.03            3.15        53       116       565
06/11/2018 02:03:27    239   10.7  2122.750          331.27            3.15        53       118       565
06/11/2018 02:03:37    263   10.7  2125.410          331.20            3.14        53       115       565
06/11/2018 02:03:47    233   10.8  2128.000          331.58            3.14        53       117       565
06/11/2018 02:03:57    241   10.7  2130.660          330.32            3.14        53       114       565
06/11/2018 02:04:07    226   10.7  2133.140          331.02            3.13        53       121       565
06/11/2018 02:04:17    220   10.7  2135.940          331.90            3.12        53       112       565
06/11/2018 02:04:27    246   10.7  2138.460          331.27            3.12        53       115       565
06/11/2018 02:04:37    237   10.7  2141.180          331.88            3.12        53       115       565
06/11/2018 02:04:47    227   10.7  2143.770          331.46            3.12        54       114       565
06/11/2018 02:04:57    219   10.7  2146.410          331.57            3.12        53       113       565
06/11/2018 02:05:07    241   10.7  2149.140          331.41            3.12        54       114       565
06/11/2018 02:05:17    213   10.7  2151.630          331.10            3.12        52       115       565
06/11/2018 02:05:27    253   10.7  2154.240          331.00            3.11        53       115       565
06/11/2018 02:05:37    228   10.7  2156.950          331.11            3.11        53       113       565
06/11/2018 02:05:47    225   10.7  2159.610          331.22            3.11        53       181       565
06/11/2018 02:05:57    244   10.7  2162.220          330.87            3.10        54       114       565
06/11/2018 02:06:07    222   10.7  2164.780          331.65            3.10        54       114       565
06/11/2018 02:06:17    248   10.7  2167.540          331.01            3.09        52       114       565
06/11/2018 02:06:27    211   10.7  2170.190          330.75            3.09        52       115       565
06/11/2018 02:06:37    234   10.7  2172.870          331.17            3.09        53       113       565
06/11/2018 02:06:47    227   10.7  2175.450          331.80            3.08        53       115       565
06/11/2018 02:06:57    242   10.8  2178.140          331.42            3.07        54       115       565
06/11/2018 02:07:07    221   10.7  2180.750          331.27            3.05        52       115       565
06/11/2018 02:07:17    231   10.7  2183.390          332.56            3.05        53       115       565
06/11/2018 02:07:27    215   10.8  2186.060          332.18            3.04        54       114       565
06/11/2018 02:07:37    233   10.7  2188.740          331.08            3.04        54       116       565
06/11/2018 02:07:47    227   10.8  2191.350          332.49            3.03        52       117       565
06/11/2018 02:07:57    229   10.7  2194.000          331.95            3.03        52       120       565
06/11/2018 02:08:07    227   10.7  2196.730          332.25            3.03        52       120       565
06/11/2018 02:08:17    226   10.7  2199.270          332.56            3.02        53       115       565
06/11/2018 02:08:27    245   10.7  2201.980          332.42            3.02        53       117       565
06/11/2018 02:08:37    244   10.7  2204.610          332.50            3.02        52       116       565
06/11/2018 02:08:47    246   10.7  2207.240          332.36            3.01        53       115       565
06/11/2018 02:08:57    231   10.7  2209.960          331.70            3.01        54       117       565
06/11/2018 02:09:07    240   10.7  2212.410          332.58            3.00        53       117       565
06/11/2018 02:09:17    245   10.7  2215.130          332.86            3.00        52       114       565
06/11/2018 02:09:27    241   10.7  2217.890          331.77            3.00        53       115       565
06/11/2018 02:09:37    229   10.7  2220.450          331.99            2.99        52       115       565
06/11/2018 02:09:47    223   10.7  2223.080          331.74            2.99        53       113       565
06/11/2018 02:09:57    246   10.7  2225.740          331.83            2.99        53       113       565
06/11/2018 02:10:07    230   10.7  2228.360          331.43            3.00        54       113       565
06/11/2018 02:10:17    248   10.7  2230.930          330.97            3.00        52       114       565
06/11/2018 02:10:27    237   10.7  2233.570          331.02            3.00        53       113       565
06/11/2018 02:10:37    240   10.7  2236.320          330.70            3.00        53       112       565
06/11/2018 02:10:47    254   10.7  2238.940          331.26            2.99        54       119       565
06/11/2018 02:10:57    217   10.7  2241.600          330.34            2.99        53       113       565
06/11/2018 02:11:07    248   10.7  2244.240          329.93            2.99        54       115       565
06/11/2018 02:11:17    249   10.7  2246.780          331.45            2.97        53       117       565
06/11/2018 02:11:27    244   10.7  2249.420          332.47            2.95        53       115       565
06/11/2018 02:11:37    251   10.7  2252.130          331.94            2.95        54       116       565
06/11/2018 02:11:47    224   10.7  2254.690          332.86            2.95        53       115       565
06/11/2018 02:11:57    249   10.7  2257.280          332.28            2.95        54       118       565
06/11/2018 02:12:07    226   10.7  2259.930          332.63            2.93        52       119       565
06/11/2018 02:12:17    250   10.7  2262.560          333.27            2.92        53       114       565
06/11/2018 02:12:27    246   10.7  2265.260          332.26            2.92        52       118       565
06/11/2018 02:12:37    243   10.7  2267.860          332.94            2.92        53       119       565
06/11/2018 02:12:47    252   10.7  2270.360          333.48            2.91        54       117       565
06/11/2018 02:12:57    242   10.7  2273.130          332.98            2.91        54       118       565
06/11/2018 02:13:07    255   10.7  2275.730          333.83            2.91        51       116       565
06/11/2018 02:13:17    243   10.7  2278.380          333.87            2.91        53       123       565
06/11/2018 02:13:27    247   10.7  2281.080          333.30            2.90        52       117       565
06/11/2018 02:13:37    257   10.7  2283.650          332.92            2.90        52       120       565
06/11/2018 02:13:47    251   10.7  2286.190          333.79            2.88        53       116       565
06/11/2018 02:13:57    241   10.7  2288.850          332.66            2.87        53       117       565
06/11/2018 02:14:07    248   10.7  2291.420          333.85            2.87        53       116       565
06/11/2018 02:14:17    244   10.7  2294.190          333.34            2.86        53       117       565
06/11/2018 02:14:27    239   10.7  2296.780          335.02            2.86        54       119       565
06/11/2018 02:14:37    242   10.7  2299.380          333.81            2.86        52       119       565
06/11/2018 02:14:47    235   10.7  2302.010          334.49            2.84        54       117       565
06/11/2018 02:14:57    271   10.7  2304.550          333.73            2.83        51       119       565
06/11/2018 02:15:07    252   10.7  2307.230          334.57            2.83        52       120       565
06/11/2018 02:15:17    376   10.7  2309.750          334.98            2.82        51       121       565
06/11/2018 02:15:27    283   10.7  2312.310          334.98            2.81        53       119       565
06/11/2018 02:15:37    277   10.7  2314.750          335.17            2.81        53       122       565
06/11/2018 02:15:47    282   10.7  2317.290          334.85            2.80        52       119       565
06/11/2018 02:15:57    292   10.7  2319.850          335.05            2.80        53       126       565
06/11/2018 02:16:07    280   10.7  2322.420          335.68            2.78        53       119       565
06/11/2018 02:16:17    294   10.7  2325.000          334.96            2.78        53       127       565
06/11/2018 02:16:27    290   10.7  2327.470          335.46            2.78        52       120       565
06/11/2018 02:16:37    312   10.7  2329.960          334.62            2.77        54       118       565
06/11/2018 02:16:47    297   10.7  2332.470          335.71            2.77        52       122       565
06/11/2018 02:16:57    300   10.7  2335.030          334.39            2.76        52       118       565
06/11/2018 02:17:07    301   10.7  2337.660          335.29            2.75        53       120       565
06/11/2018 02:17:17    305   10.7  2340.100          335.09            2.74        54       120       565
06/11/2018 02:17:27    321   10.7  2342.540          335.65            2.73        53       119       565
06/11/2018 02:17:37    299   10.7  2345.030          335.22            2.70        53       123       565
06/11/2018 02:17:47    299   10.7  2347.560          336.08            2.69        53       125       565
06/11/2018 02:17:57    308   10.7  2350.050          337.20            2.67        53       123       565
06/11/2018 02:18:07    298   10.7  2352.600          336.42            2.66        54       122       565
06/11/2018 02:18:17    274   10.7  2355.180          337.19            2.66        52       123       565
06/11/2018 02:18:27    296   10.7  2357.680          337.63            2.65        54       125       565
06/11/2018 02:18:37    283   10.7  2360.220          338.50            2.63        54       122       565
06/11/2018 02:18:47    297   10.7  2362.700          338.83            2.62        53       123       565
06/11/2018 02:18:57    254   10.7  2365.180          338.22            2.62        52       123       565
06/11/2018 02:19:07    284   10.7  2367.770          338.96            2.62        51       125       565
06/11/2018 02:19:17    289   10.7  2370.200          338.14            2.62        54       123       565
06/11/2018 02:19:27    301   10.7  2372.740          337.74            2.61        53       123       565
06/11/2018 02:19:37    303   10.7  2375.180          337.92            2.61        53       123       565
06/11/2018 02:19:47    302   10.7  2377.730          338.15            2.61        53       123       565
06/11/2018 02:19:57    297   10.7  2380.230          336.90            2.61        54       121       565
06/11/2018 02:20:07    295   10.7  2382.650          336.67            2.61        53       121       565
06/11/2018 02:20:17    300   10.7  2385.260          335.51            2.61        52       122       565
06/11/2018 02:20:27    300   10.7  2387.730          335.82            2.61        52       118       565
06/11/2018 02:20:37    313   10.7  2390.320          336.24            2.62        53       119       566
06/11/2018 02:20:47    314   10.7  2392.870          335.41            2.61        53       119       565
06/11/2018 02:20:57    310   10.7  2395.340          334.86            2.61        53       117       565
06/11/2018 02:21:07    333   10.7  2397.820          335.70            2.60        53       117       565
06/11/2018 02:21:17    303   10.7  2400.250          335.54            2.57        53       121       565
06/11/2018 02:21:27    314   10.7  2402.780          337.55            2.53        53       123       565
06/11/2018 02:21:37    328   10.7  2405.270          338.45            2.51        52       123       565
06/11/2018 02:21:47    308   10.7  2407.890          339.45            2.48        54       126       565
06/11/2018 02:21:57    297   10.7  2410.320          340.65            2.46        52       125       565
06/11/2018 02:22:07    281   10.7  2412.830          341.27            2.45        52       130       565
06/11/2018 02:22:17    297   10.7  2415.340          341.72            2.43        54       128       565
06/11/2018 02:22:27    304   10.7  2417.930          342.05            2.41        53       135       566
06/11/2018 02:22:37    285   10.7  2420.370          343.38            2.40        52       129       565
06/11/2018 02:22:47    308   10.7  2422.970          343.58            2.36        54       129       565
06/11/2018 02:22:57    300   10.7  2425.500          343.54            2.35        53       131       566
06/11/2018 02:23:07    296   10.7  2428.000          344.74            2.34        53       133       566
06/11/2018 02:23:17    299   10.7  2430.540          345.09            2.33        54       129       565
06/11/2018 02:23:27    282   10.7  2433.040          344.37            2.32        53       135       565
06/11/2018 02:23:37    264   10.7  2435.620          345.37            2.31        53       130       565
06/11/2018 02:23:47    277   10.7  2438.180          345.26            2.29        53       133       566
06/11/2018 02:23:57    280   10.7  2440.800          345.36            2.28        52       133       566
06/11/2018 02:24:07    287   10.7  2443.320          345.85            2.27        54       132       566
06/11/2018 02:24:17    267   10.7  2445.930          345.34            2.27        53       133       566
06/11/2018 02:24:27    265   10.7  2448.420          345.92            2.27        52       129       566
06/11/2018 02:24:37    283   10.7  2451.030          345.23            2.26        53       132       566
06/11/2018 02:24:47    283   10.7  2453.580          345.16            2.24        53       136       566
06/11/2018 02:24:57    272   10.7  2456.270          345.36            2.22        54       127       566
06/11/2018 02:25:07    264   10.7  2458.790          345.90            2.19        53       127       566
06/11/2018 02:25:17    260   10.7  2461.360          345.38            2.18        53       128       566
06/11/2018 02:25:27    267   10.7  2463.970          345.92            2.17        54       128       566
06/11/2018 02:25:37    272   10.7  2466.470          345.41            2.16        54       131       566
06/11/2018 02:25:47    256   10.7  2469.190          345.53            2.15        54       128       566
06/11/2018 02:25:57    241   10.7  2471.790          346.89            2.12        52       127       566
06/11/2018 02:26:07    250   10.7  2474.210          346.47            2.08        54       129       566
06/11/2018 02:26:17    249   10.7  2476.860          347.39            2.07        54       129       566
06/11/2018 02:26:27    269   10.7  2479.470          346.54            2.05        52       134       566
06/11/2018 02:26:37    272   10.7  2482.020          346.75            2.03        54       127       566
06/11/2018 02:26:47    284   10.7  2484.610          347.50            2.02        53       129       566
06/11/2018 02:26:57    282   10.7  2487.110          347.82            2.01        52       133       566
06/11/2018 02:27:07    266   10.7  2489.860          347.07            1.98        54       129       566
06/11/2018 02:27:17    275   10.7  2492.240          347.92            1.98        53       132       566
06/11/2018 02:27:27    285   10.7  2495.010          348.80            1.97        54       133       566
06/11/2018 02:27:37    279   10.7  2497.490          348.08            1.97        53       131       566
06/11/2018 02:27:47    281   10.7  2500.190          348.15            1.93        54       137       566
06/11/2018 02:27:57    264   10.7  2502.690          348.59            1.92        54       132       566
06/11/2018 02:28:07    268   10.7  2505.260          348.47            1.91        54       130       566
06/11/2018 02:28:17    251   10.7  2507.830          348.84            1.90        53       133       566
06/11/2018 02:28:27    264   10.7  2510.390          348.38            1.90        53       131       566
06/11/2018 02:28:37    273   10.7  2512.970          349.42            1.90        53       132       566
06/11/2018 02:28:47    265   10.7  2515.740          347.84            1.88        53       140       566
06/11/2018 02:28:57    286   10.7  2518.210          348.79            1.86        52       131       566
06/11/2018 02:29:07    271   10.7  2520.800          348.97            1.84        53       166       566
06/11/2018 02:29:17    264   10.7  2523.380          349.10            1.83        53       133       566
06/11/2018 02:29:27    287   10.7  2525.940          349.06            1.82        53       135       566
06/11/2018 02:29:37    257   10.7  2528.650          348.84            1.80        53       136       566
06/11/2018 02:29:47    261   10.7  2531.260          348.66            1.78        53       138       566
06/11/2018 02:29:57    244   10.7  2533.850          350.04            1.77        53       140       566
06/11/2018 02:30:07    252   10.7  2536.360          350.77            1.74        54       140       566
06/11/2018 02:30:17    254   10.7  2539.020          350.52            1.73        53       142       566
06/11/2018 02:30:27    235   10.7  2541.620          350.13            1.73        54       139       566
06/11/2018 02:30:37    154   10.8  2544.190          350.33            1.73        54       136       566
06/11/2018 02:30:47    225   10.7  2546.780          351.78            1.71        52       167       566
06/11/2018 02:30:57    235   10.7  2549.450          350.79            1.70        53       151       566
06/11/2018 02:31:07    252   10.7  2552.030          351.25            1.69        53       143       566

 Ramp exit:    SMOOTH RUNNING
 Profile exit: BOTTOM PRESSURE

 Vehicle motion stopped at 06/11/2018 02:31:10
 Sensor logging stopped at 06/11/2018 02:33:16
