

 Profile 1

mmho/cm,Celsius,dbars,hz

33.4251,5.6325,499.620, 1223
33.4253,5.6326,499.620, 1230
33.4256,5.6329,499.620, 1236
33.4255,5.6329,499.620, 1240
33.4256,5.6327,499.610, 1242
33.4255,5.6327,499.610, 1243
33.4260,5.6330,499.610, 1244
33.4259,5.6332,499.610, 1245
33.4256,5.6329,499.610, 1246
33.4259,5.6329,499.610, 1246
33.4260,5.6329,499.610, 1246
33.4261,5.6335,499.610, 1246
33.4260,5.6335,499.600, 1246
33.4261,5.6333,499.610, 1247
33.4266,5.6339,499.610, 1247
33.4261,5.6333,499.610, 1247
33.4260,5.6333,499.600, 1247
33.4272,5.6343,499.610, 1247
33.4278,5.6349,499.610, 1247
33.4278,5.6348,499.610, 1247
33.4277,5.6353,499.610, 1247
33.4280,5.6350,499.610, 1247
33.4274,5.6346,499.600, 1247
33.4286,5.6356,499.610, 1247
33.4291,5.6367,499.610, 1247
33.4294,5.6369,499.600, 1247
33.4301,5.6373,499.600, 1247
33.4287,5.6362,499.600, 1248
33.4284,5.6357,499.600, 1247
33.4281,5.6354,499.600, 1247
33.4274,5.6346,499.590, 1248
33.4270,5.6343,499.590, 1247
33.4272,5.6339,499.600, 1247
33.4274,5.6344,499.600, 1247
33.4274,5.6344,499.590, 1247
33.4274,5.6344,499.590, 1247
33.4276,5.6344,499.590, 1248
33.4278,5.6354,499.600, 1247
33.4276,5.6346,499.590, 1247
33.4270,5.6344,499.590, 1247
33.4268,5.6336,499.590, 1247
33.4266,5.6338,499.590, 1247
33.4272,5.6340,499.590, 1247
33.4277,5.6345,499.590, 1247
33.4272,5.6343,499.590, 1248
33.4274,5.6345,499.580, 1247
33.4272,5.6344,499.580, 1247
33.4236,5.6296,499.580, 1247
33.4233,5.6298,499.580, 1247
33.4202,5.6260,499.580, 1247
33.4218,5.6268,499.580, 1247
33.4230,5.6288,499.580, 1247
33.4256,5.6321,499.580, 1247
33.4261,5.6334,499.580, 1247
33.4262,5.6338,499.590, 1248
33.4261,5.6338,499.580, 1248
33.4262,5.6335,499.590, 1248
33.4263,5.6338,499.580, 1248
33.4262,5.6333,499.580, 1248
33.4263,5.6333,499.580, 1248
33.4262,5.6334,499.580, 1248
33.4263,5.6334,499.580, 1248
33.4266,5.6338,499.580, 1248
33.4268,5.6340,499.580, 1248
33.4250,5.6324,499.580, 1248
33.4214,5.6273,499.570, 1248
33.4198,5.6251,499.570, 1248
33.4204,5.6257,499.570, 1248
33.4216,5.6273,499.570, 1247
33.4237,5.6298,499.560, 1247
33.4246,5.6315,499.570, 1247
33.4247,5.6319,499.570, 1248
33.4240,5.6310,499.570, 1247
33.4243,5.6310,499.570, 1247
33.4236,5.6298,499.570, 1248
33.4243,5.6311,499.560, 1248
33.4238,5.6306,499.570, 1248
33.4233,5.6300,499.560, 1248
33.4230,5.6298,499.550, 1248
33.4237,5.6304,499.560, 1248
33.4234,5.6305,499.560, 1248
33.4232,5.6299,499.560, 1248
33.4231,5.6296,499.560, 1248
33.4198,5.6247,499.560, 1248
33.4195,5.6247,499.560, 1248
33.4200,5.6251,499.550, 1247
33.4237,5.6295,499.550, 1248
33.4200,5.6258,499.550, 1248
33.4235,5.6297,499.560, 1247
33.4202,5.6268,499.560, 1247
33.4202,5.6261,499.550, 1247
33.4246,5.6307,499.560, 1246
33.4237,5.6311,499.550, 1247
33.4254,5.6319,499.550, 1247
33.4251,5.6323,499.550, 1247
33.4264,5.6336,499.560, 1247
33.4261,5.6337,499.550, 1247
33.4262,5.6329,499.550, 1247
33.4272,5.6343,499.550, 1247
33.4264,5.6337,499.550, 1247
33.4265,5.6340,499.550, 1247
33.4262,5.6335,499.550, 1248
33.4261,5.6333,499.550, 1248
33.4258,5.6329,499.550, 1248
33.4249,5.6312,499.550, 1248
33.4250,5.6319,499.550, 1248
33.4276,5.6344,499.550, 1248
33.4272,5.6346,499.540, 1248
33.4278,5.6353,499.550, 1248
33.4270,5.6344,499.550, 1248
33.4272,5.6347,499.550, 1248
33.4272,5.6349,499.550, 1248
33.4301,5.6371,499.550, 1248
33.4307,5.6383,499.540, 1248
33.4277,5.6359,499.550, 1248
33.4274,5.6342,499.540, 1248
33.4266,5.6335,499.520, 1248
33.4270,5.6338,499.480, 1248
33.4262,5.6329,499.410, 1248
33.4265,5.6342,499.330, 1248
33.4262,5.6337,499.240, 1248
33.4265,5.6341,499.090, 1248
33.4297,5.6375,498.920, 1248
33.4286,5.6358,498.730, 1248
33.4292,5.6365,498.520, 1248
33.4288,5.6372,498.310, 1248
33.4299,5.6382,498.070, 1248
33.4315,5.6401,497.810, 1248
33.4311,5.6401,497.560, 1248
33.4342,5.6427,497.300, 1248
33.4409,5.6513,497.040, 1248
33.4447,5.6572,496.770, 1249
33.4447,5.6587,496.480, 1249
33.4473,5.6606,496.210, 1250
33.4583,5.6737,495.930, 1250
33.4620,5.6804,495.650, 1251
33.4634,5.6824,495.360, 1252
33.4640,5.6836,495.070, 1253
33.4641,5.6835,494.790, 1255
33.4650,5.6848,494.500, 1256
33.4658,5.6852,494.210, 1257
33.4671,5.6871,493.910, 1258
33.4684,5.6887,493.620, 1259
33.4711,5.6921,493.320, 1259
33.4733,5.6959,493.020, 1260
33.4746,5.6974,492.720, 1261
33.4761,5.6996,492.430, 1261
33.4775,5.7011,492.130, 1263
33.4785,5.7025,491.840, 1263
33.4793,5.7043,491.540, 1264
33.4789,5.7038,491.250, 1265
33.4811,5.7063,490.950, 1266
33.4820,5.7078,490.650, 1266
33.4833,5.7097,490.350, 1266
33.4828,5.7098,490.060, 1267
33.4831,5.7098,489.760, 1268
33.4847,5.7121,489.460, 1268
33.4882,5.7161,489.170, 1269
33.4873,5.7160,488.870, 1269
33.4882,5.7168,488.570, 1270
33.4881,5.7172,488.270, 1270
33.4877,5.7163,487.980, 1271
33.4873,5.7161,487.680, 1271
33.4875,5.7157,487.380, 1272
33.4875,5.7162,487.090, 1272
33.4877,5.7161,486.790, 1272
33.4892,5.7181,486.480, 1272
33.4893,5.7189,486.190, 1272
33.4903,5.7201,485.900, 1272
33.4919,5.7224,485.600, 1272
33.4921,5.7228,485.300, 1273
33.4925,5.7230,485.000, 1273
33.4929,5.7244,484.710, 1273
33.4933,5.7247,484.410, 1274
33.4945,5.7261,484.120, 1274
33.4948,5.7265,483.820, 1274
33.4948,5.7271,483.530, 1274
33.4944,5.7264,483.230, 1275
33.4923,5.7241,482.930, 1275
33.4972,5.7290,482.640, 1275
33.4996,5.7336,482.350, 1275
33.4999,5.7344,482.050, 1275
33.5000,5.7344,481.740, 1275
33.5001,5.7347,481.450, 1276
33.4998,5.7343,481.160, 1277
33.4996,5.7343,480.860, 1276
33.4993,5.7340,480.560, 1277
33.4992,5.7341,480.270, 1277
33.4997,5.7344,479.960, 1277
33.4996,5.7349,479.670, 1277
33.4998,5.7351,479.380, 1278
33.4999,5.7352,479.080, 1278
33.5000,5.7352,478.790, 1278
33.5003,5.7355,478.490, 1278
33.5004,5.7361,478.200, 1278
33.5046,5.7400,477.910, 1278
33.5071,5.7450,477.610, 1278
33.5090,5.7481,477.310, 1279
33.5135,5.7528,477.020, 1279
33.5161,5.7572,476.720, 1280
33.5169,5.7582,476.430, 1281
33.5177,5.7595,476.130, 1282
33.5179,5.7597,475.840, 1282
33.5202,5.7624,475.540, 1283
33.5211,5.7643,475.250, 1284
33.5221,5.7654,474.950, 1284
33.5245,5.7676,474.650, 1285
33.5260,5.7702,474.350, 1285
33.5284,5.7731,474.060, 1286
33.5403,5.7859,473.770, 1286
33.5453,5.7965,473.470, 1288
33.5478,5.7983,473.180, 1289
33.5594,5.8129,472.880, 1290
33.5610,5.8169,472.590, 1292
33.5636,5.8193,472.280, 1294
33.5651,5.8222,471.990, 1296
33.5663,5.8235,471.700, 1298
33.5663,5.8235,471.400, 1299
33.5663,5.8235,471.110, 1301
33.5657,5.8225,470.810, 1302
33.5665,5.8229,470.520, 1302
33.5689,5.8260,470.220, 1303
33.5703,5.8283,469.920, 1303
33.5710,5.8290,469.630, 1304
33.5762,5.8334,469.340, 1304
33.5788,5.8387,469.040, 1305
33.5851,5.8450,468.750, 1305
33.5883,5.8511,468.450, 1307
33.5895,5.8534,468.160, 1307
33.5901,5.8536,467.870, 1308
33.5905,5.8540,467.570, 1309
33.5907,5.8544,467.280, 1310
33.5907,5.8541,466.990, 1311
33.5905,5.8541,466.690, 1312
33.5907,5.8542,466.390, 1312
33.5911,5.8549,466.100, 1313
33.5911,5.8548,465.810, 1313
33.5913,5.8551,465.510, 1313
33.5909,5.8546,465.230, 1314
33.5943,5.8585,464.930, 1313
33.5949,5.8604,464.630, 1314
33.5952,5.8608,464.340, 1314
33.5965,5.8622,464.050, 1314
33.5961,5.8619,463.750, 1315
33.5949,5.8615,463.460, 1315
33.5952,5.8621,463.170, 1316
33.5959,5.8625,462.880, 1316
33.5963,5.8635,462.580, 1316
33.5965,5.8633,462.290, 1317
33.5965,5.8638,462.000, 1317
33.5965,5.8641,461.700, 1317
33.5967,5.8644,461.400, 1318
33.5947,5.8621,461.120, 1318
33.5945,5.8616,460.820, 1318
33.5946,5.8614,460.520, 1318
33.5943,5.8613,460.230, 1318
33.5941,5.8615,459.940, 1318
33.5940,5.8616,459.650, 1318
33.5942,5.8621,459.350, 1318
33.5949,5.8632,459.060, 1318
33.5951,5.8637,458.770, 1318
33.5950,5.8638,458.470, 1318
33.5945,5.8635,458.180, 1319
33.5943,5.8631,457.890, 1319
33.5946,5.8632,457.600, 1319
33.5953,5.8644,457.310, 1320
33.5955,5.8652,457.020, 1320
33.5962,5.8665,456.720, 1320
33.5971,5.8671,456.430, 1320
33.5983,5.8686,456.130, 1320
33.6004,5.8717,455.840, 1321
33.6010,5.8729,455.550, 1321
33.6012,5.8736,455.260, 1321
33.6012,5.8738,454.970, 1323
33.6012,5.8740,454.670, 1322
33.6008,5.8735,454.380, 1323
33.6012,5.8738,454.090, 1323
33.6031,5.8758,453.790, 1323
33.6030,5.8769,453.500, 1323
33.6034,5.8778,453.210, 1324
33.6023,5.8758,452.910, 1325
33.6016,5.8763,452.620, 1325
33.6050,5.8788,452.330, 1325
33.6066,5.8820,452.030, 1325
33.6090,5.8850,451.740, 1325
33.6088,5.8858,451.450, 1326
33.6089,5.8862,451.160, 1327
33.6105,5.8871,450.870, 1327
33.6117,5.8895,450.570, 1328
33.6133,5.8915,450.280, 1328
33.6141,5.8929,449.990, 1329
33.6143,5.8939,449.700, 1330
33.6143,5.8934,449.410, 1330
33.6145,5.8939,449.110, 1331
33.6145,5.8941,448.820, 1332
33.6167,5.8965,448.540, 1332
33.6189,5.8998,448.240, 1332
33.6213,5.9024,447.950, 1333
33.6226,5.9049,447.660, 1332
33.6246,5.9075,447.360, 1334
33.6246,5.9078,447.070, 1335
33.6248,5.9080,446.780, 1335
33.6246,5.9078,446.500, 1335
33.6258,5.9095,446.190, 1336
33.6292,5.9136,445.900, 1336
33.6317,5.9171,445.620, 1337
33.6323,5.9181,445.330, 1337
33.6348,5.9209,445.030, 1338
33.6354,5.9222,444.740, 1338
33.6357,5.9230,444.450, 1339
33.6363,5.9232,444.160, 1340
33.6354,5.9232,443.870, 1341
33.6383,5.9256,443.580, 1341
33.6393,5.9278,443.290, 1342
33.6418,5.9306,442.990, 1342
33.6422,5.9319,442.700, 1342
33.6430,5.9327,442.410, 1343
33.6474,5.9376,442.110, 1344
33.6503,5.9418,441.820, 1344
33.6547,5.9468,441.530, 1344
33.6578,5.9514,441.230, 1346
33.6590,5.9541,440.950, 1347
33.6597,5.9551,440.660, 1348
33.6603,5.9556,440.360, 1349
33.6644,5.9586,440.070, 1350
33.6703,5.9672,439.780, 1351
33.6719,5.9710,439.490, 1352
33.6748,5.9744,439.190, 1353
33.6774,5.9775,438.900, 1354
33.6813,5.9822,438.610, 1356
33.6845,5.9867,438.320, 1357
33.6848,5.9877,438.030, 1358
33.6857,5.9884,437.740, 1360
33.6861,5.9893,437.440, 1361
33.6890,5.9918,437.150, 1362
33.6894,5.9937,436.860, 1362
33.6900,5.9942,436.580, 1363
33.6920,5.9966,436.280, 1364
33.6932,5.9979,435.980, 1365
33.6942,5.9995,435.700, 1365
33.6946,6.0000,435.400, 1366
33.6948,6.0003,435.100, 1366
33.6979,6.0033,434.820, 1367
33.6983,6.0050,434.530, 1367
33.6995,6.0068,434.230, 1368
33.7023,6.0091,433.940, 1369
33.7056,6.0146,433.650, 1369
33.7066,6.0158,433.360, 1369
33.7086,6.0189,433.060, 1371
33.7118,6.0224,432.770, 1372
33.7141,6.0254,432.490, 1373
33.7167,6.0285,432.190, 1373
33.7206,6.0339,431.890, 1374
33.7256,6.0397,431.610, 1376
33.7303,6.0466,431.310, 1377
33.7347,6.0522,431.010, 1379
33.7399,6.0587,430.730, 1381
33.7411,6.0610,430.430, 1382
33.7437,6.0637,430.140, 1385
33.7451,6.0665,429.840, 1386
33.7488,6.0695,429.560, 1388
33.7512,6.0734,429.260, 1389
33.7524,6.0755,428.960, 1390
33.7551,6.0784,428.670, 1392
33.7563,6.0804,428.390, 1393
33.7575,6.0817,428.090, 1394
33.7581,6.0829,427.800, 1395
33.7584,6.0830,427.510, 1396
33.7582,6.0826,427.220, 1397
33.7605,6.0849,426.930, 1398
33.7630,6.0881,426.640, 1398
33.7632,6.0891,426.340, 1399
33.7654,6.0918,426.050, 1399
33.7685,6.0945,425.760, 1400
33.7701,6.0974,425.460, 1401
33.7716,6.0999,425.170, 1401
33.7744,6.1020,424.880, 1402
33.7790,6.1092,424.590, 1403
33.7898,6.1219,424.290, 1404
33.8002,6.1361,424.010, 1406
33.8040,6.1428,423.710, 1408
33.8177,6.1586,423.420, 1410
33.8273,6.1729,423.130, 1413
33.8317,6.1791,422.840, 1417
33.8327,6.1799,422.550, 1419
33.8342,6.1813,422.270, 1423
33.8342,6.1817,421.980, 1426
33.8350,6.1817,421.680, 1429
33.8358,6.1826,421.390, 1431
33.8362,6.1827,421.100, 1432
33.8362,6.1829,420.800, 1433
33.8368,6.1830,420.510, 1434
33.8368,6.1830,420.220, 1434
33.8370,6.1834,419.930, 1435
33.8368,6.1836,419.630, 1436
33.8375,6.1840,419.340, 1436
33.8371,6.1839,419.060, 1436
33.8436,6.1905,418.760, 1436
33.8482,6.1975,418.470, 1437
33.8527,6.2030,418.180, 1437
33.8539,6.2055,417.890, 1438
33.8596,6.2128,417.600, 1440
33.8611,6.2156,417.310, 1441
33.8619,6.2160,417.020, 1443
33.8696,6.2236,416.720, 1444
33.8735,6.2307,416.430, 1446
33.8739,6.2305,416.160, 1448
33.8804,6.2389,415.850, 1449
33.8849,6.2449,415.550, 1451
33.8855,6.2467,415.270, 1453
33.8853,6.2464,414.980, 1455
33.8843,6.2449,414.690, 1457
33.8843,6.2449,414.400, 1458
33.8837,6.2439,414.110, 1459
33.8841,6.2445,413.820, 1460
33.8839,6.2438,413.530, 1460
33.8868,6.2476,413.240, 1461
33.8841,6.2450,412.950, 1461
33.8852,6.2459,412.650, 1461
33.8833,6.2439,412.370, 1462
33.8864,6.2467,412.080, 1462
33.8841,6.2452,411.780, 1462
33.8833,6.2434,411.490, 1462
33.8870,6.2482,411.210, 1462
33.8942,6.2558,410.910, 1462
33.8971,6.2611,410.620, 1462
33.9019,6.2685,410.320, 1464
33.9031,6.2702,410.050, 1464
33.9037,6.2713,409.750, 1466
33.9031,6.2706,409.440, 1468
33.9043,6.2717,409.160, 1470
33.9049,6.2727,408.870, 1471
33.9047,6.2725,408.580, 1472
33.9057,6.2736,408.290, 1472
33.9061,6.2741,408.010, 1473
33.9065,6.2748,407.720, 1474
33.9065,6.2750,407.420, 1474
33.9065,6.2750,407.140, 1475
33.9061,6.2744,406.850, 1475
33.9059,6.2746,406.550, 1475
33.9061,6.2748,406.260, 1476
33.9057,6.2741,405.970, 1476
33.9057,6.2741,405.680, 1476
33.9063,6.2750,405.400, 1476
33.9063,6.2755,405.110, 1476
33.9063,6.2755,404.820, 1476
33.9063,6.2752,404.530, 1476
33.9059,6.2750,404.240, 1476
33.9057,6.2745,403.940, 1477
33.9057,6.2751,403.660, 1477
33.9057,6.2747,403.370, 1476
33.9055,6.2746,403.070, 1477
33.9055,6.2748,402.790, 1477
33.9049,6.2743,402.490, 1477
33.9049,6.2741,402.210, 1477
33.9047,6.2746,401.920, 1477
33.9047,6.2744,401.620, 1476
33.9041,6.2737,401.330, 1477
33.9041,6.2734,401.040, 1477
33.9047,6.2745,400.760, 1477
33.9049,6.2747,400.460, 1476
33.9047,6.2750,400.170, 1476
33.9045,6.2749,399.890, 1476
33.9047,6.2748,399.600, 1476
33.9043,6.2750,399.300, 1476
33.9041,6.2747,399.020, 1476
33.9043,6.2752,398.730, 1475
33.9047,6.2756,398.430, 1476
33.9051,6.2763,398.140, 1475
33.9053,6.2767,397.850, 1475
33.9049,6.2763,397.560, 1476
33.9047,6.2770,397.270, 1475
33.9047,6.2766,396.990, 1476
33.9049,6.2765,396.700, 1476
33.9051,6.2772,396.400, 1475
33.9050,6.2774,396.080, 1476
33.9048,6.2771,395.800, 1476
33.9044,6.2768,395.500, 1477
33.9042,6.2764,395.200, 1477
33.9042,6.2769,394.920, 1477
33.9044,6.2769,394.630, 1477
33.9048,6.2778,394.330, 1477
33.9048,6.2779,394.050, 1477
33.9067,6.2799,393.770, 1477
33.9083,6.2821,393.470, 1477
33.9119,6.2872,393.180, 1477
33.9123,6.2887,392.890, 1478
33.9125,6.2886,392.590, 1478
33.9152,6.2921,392.300, 1479
33.9142,6.2918,392.030, 1479
33.9150,6.2920,391.740, 1480
33.9159,6.2936,391.450, 1481
33.9196,6.2978,391.160, 1481
33.9207,6.3000,390.870, 1482
33.9234,6.3030,390.570, 1482
33.9287,6.3100,390.270, 1483
33.9303,6.3126,389.990, 1484
33.9312,6.3141,389.700, 1485
33.9322,6.3152,389.400, 1486
33.9349,6.3189,389.130, 1487
33.9391,6.3234,388.840, 1488
33.9428,6.3290,388.540, 1489
33.9439,6.3310,388.250, 1490
33.9465,6.3344,387.970, 1492
33.9469,6.3347,387.670, 1494
33.9467,6.3349,387.380, 1495
33.9494,6.3381,387.090, 1497
33.9502,6.3395,386.800, 1498
33.9508,6.3401,386.510, 1498
33.9514,6.3409,386.240, 1500
33.9516,6.3416,385.950, 1500
33.9516,6.3416,385.630, 1501
33.9526,6.3425,385.350, 1502
33.9528,6.3435,385.060, 1502
33.9535,6.3437,384.760, 1502
33.9539,6.3445,384.470, 1503
33.9549,6.3463,384.180, 1504
33.9561,6.3478,383.890, 1504
33.9569,6.3495,383.590, 1505
33.9567,6.3500,383.310, 1505
33.9578,6.3508,383.020, 1507
33.9620,6.3563,382.730, 1507
33.9687,6.3653,382.440, 1508
33.9702,6.3689,382.150, 1510
33.9710,6.3698,381.850, 1512
33.9725,6.3714,381.570, 1514
33.9741,6.3739,381.290, 1517
33.9756,6.3758,380.990, 1518
33.9762,6.3762,380.700, 1520
33.9766,6.3773,380.420, 1522
33.9774,6.3785,380.130, 1523
33.9786,6.3801,379.830, 1524
33.9796,6.3815,379.550, 1526
33.9811,6.3833,379.260, 1527
33.9825,6.3855,378.950, 1528
33.9843,6.3876,378.670, 1529
33.9878,6.3922,378.390, 1530
33.9927,6.3994,378.100, 1531
33.9995,6.4079,377.810, 1532
34.0056,6.4161,377.530, 1535
34.0081,6.4196,377.240, 1537
34.0130,6.4240,376.950, 1540
34.0132,6.4258,376.660, 1542
34.0206,6.4329,376.370, 1543
34.0194,6.4326,376.080, 1544
34.0239,6.4385,375.790, 1546
34.0278,6.4424,375.500, 1546
34.0284,6.4435,375.210, 1546
34.0361,6.4511,374.920, 1547
34.0416,6.4591,374.640, 1548
34.0411,6.4601,374.350, 1549
34.0440,6.4624,374.050, 1550
34.0467,6.4663,373.760, 1551
34.0536,6.4734,373.480, 1552
34.0563,6.4774,373.180, 1553
34.0590,6.4817,372.900, 1555
34.0597,6.4827,372.620, 1556
34.0612,6.4839,372.320, 1558
34.0627,6.4854,372.030, 1559
34.0645,6.4872,371.750, 1560
34.0651,6.4886,371.460, 1560
34.0659,6.4888,371.170, 1561
34.0698,6.4933,370.870, 1561
34.0732,6.4979,370.580, 1561
34.0737,6.4983,370.290, 1561
34.0731,6.4979,370.000, 1561
34.0737,6.4983,369.730, 1561
34.0756,6.5004,369.440, 1561
34.0762,6.5009,369.150, 1561
34.0763,6.5014,368.860, 1562
34.0768,6.5025,368.580, 1562
34.0770,6.5025,368.290, 1562
34.0770,6.5028,367.990, 1562
34.0772,6.5025,367.700, 1562
34.0785,6.5039,367.430, 1563
34.0788,6.5046,367.140, 1563
34.0803,6.5068,366.840, 1563
34.0811,6.5078,366.560, 1564
34.0838,6.5107,366.270, 1563
34.0858,6.5140,365.980, 1565
34.0865,6.5151,365.690, 1566
34.0875,6.5165,365.410, 1566
34.0883,6.5173,365.120, 1567
34.0891,6.5187,364.820, 1568
34.0899,6.5196,364.530, 1568
34.0910,6.5208,364.250, 1568
34.0936,6.5236,363.960, 1569
34.0951,6.5261,363.670, 1570
34.0959,6.5274,363.380, 1569
34.0978,6.5298,363.110, 1570
34.1000,6.5332,362.820, 1570
34.1004,6.5335,362.520, 1572
34.1029,6.5362,362.230, 1572
34.1074,6.5412,361.940, 1574
34.1074,6.5423,361.650, 1575
34.1105,6.5460,361.350, 1576
34.1132,6.5489,361.080, 1577
34.1163,6.5530,360.790, 1578
34.1178,6.5550,360.500, 1578
34.1195,6.5571,360.220, 1578
34.1218,6.5597,359.940, 1578
34.1222,6.5600,359.650, 1578
34.1243,6.5622,359.360, 1578
34.1255,6.5635,359.070, 1578
34.1261,6.5649,358.780, 1578
34.1274,6.5659,358.490, 1578
34.1282,6.5663,358.200, 1577
34.1315,6.5701,357.920, 1578
34.1405,6.5802,357.630, 1578
34.1490,6.5917,357.340, 1578
34.1492,6.5929,357.050, 1578
34.1582,6.6036,356.770, 1578
34.1607,6.6069,356.470, 1579
34.1642,6.6114,356.170, 1580
34.1652,6.6130,355.900, 1581
34.1675,6.6155,355.610, 1583
34.1733,6.6218,355.330, 1584
34.1778,6.6280,355.050, 1584
34.1834,6.6351,354.760, 1586
34.1848,6.6371,354.480, 1588
34.1850,6.6377,354.190, 1588
34.1850,6.6372,353.900, 1590
34.1830,6.6346,353.610, 1592
34.1825,6.6337,353.320, 1593
34.1817,6.6329,353.040, 1593
34.1823,6.6332,352.760, 1593
34.1823,6.6335,352.470, 1593
34.1818,6.6326,352.190, 1593
34.1869,6.6383,351.900, 1593
34.1871,6.6398,351.620, 1593
34.1877,6.6405,351.330, 1594
34.1877,6.6408,351.040, 1595
34.1875,6.6399,350.760, 1595
34.1875,6.6401,350.470, 1596
34.1902,6.6434,350.180, 1596
34.1916,6.6456,349.900, 1597
34.1922,6.6466,349.610, 1597
34.1967,6.6524,349.330, 1597
34.1989,6.6553,349.050, 1599
34.2005,6.6571,348.760, 1599
34.2064,6.6653,348.470, 1600
34.2102,6.6701,348.190, 1601
34.2143,6.6752,347.900, 1603
34.2176,6.6799,347.610, 1605
34.2252,6.6893,347.320, 1607
34.2338,6.6995,347.040, 1608
34.2391,6.7059,346.760, 1610
34.2422,6.7099,346.470, 1613
34.2442,6.7120,346.190, 1615
34.2459,6.7138,345.900, 1618
34.2477,6.7155,345.610, 1620
34.2500,6.7183,345.330, 1621
34.2610,6.7294,345.050, 1622
34.2818,6.7546,344.760, 1623
34.2896,6.7682,344.470, 1625
34.2984,6.7769,344.190, 1627
34.3023,6.7839,343.900, 1629
34.3023,6.7836,343.610, 1632
34.3052,6.7856,343.330, 1634
34.3056,6.7869,343.050, 1636
34.3058,6.7860,342.750, 1637
34.3065,6.7868,342.460, 1638
34.3091,6.7890,342.170, 1639
34.3085,6.7893,341.890, 1640
34.3098,6.7904,341.600, 1640
34.3116,6.7921,341.320, 1642
34.3127,6.7936,341.050, 1643
34.3155,6.7969,340.750, 1644
34.3178,6.8000,340.460, 1645
34.3205,6.8028,340.180, 1646
34.3211,6.8043,339.890, 1647
34.3216,6.8050,339.600, 1649
34.3223,6.8055,339.310, 1650
34.3243,6.8077,339.030, 1651
34.3267,6.8106,338.740, 1651
34.3284,6.8130,338.460, 1652
34.3298,6.8144,338.170, 1653
34.3299,6.8148,337.890, 1654
34.3296,6.8148,337.610, 1654
34.3315,6.8163,337.320, 1654
34.3365,6.8214,337.040, 1655
34.3371,6.8232,336.750, 1656
34.3378,6.8238,336.470, 1658
34.3397,6.8262,336.180, 1658
34.3452,6.8323,335.900, 1659
34.3470,6.8357,335.620, 1660
34.3483,6.8372,335.320, 1661
34.3506,6.8400,335.030, 1662
34.3539,6.8439,334.740, 1663
34.3560,6.8465,334.450, 1665
34.3603,6.8507,334.150, 1666
34.3665,6.8591,333.870, 1667
34.3680,6.8615,333.590, 1669
34.3674,6.8609,333.300, 1670
34.3703,6.8633,333.010, 1671
34.3713,6.8655,332.730, 1673
34.3732,6.8666,332.440, 1674
34.3732,6.8679,332.140, 1675
34.3739,6.8681,331.860, 1676
34.3740,6.8685,331.570, 1676
34.3750,6.8694,331.290, 1677
34.3754,6.8703,331.010, 1678
34.3761,6.8711,330.730, 1678
34.3767,6.8718,330.450, 1679
34.3773,6.8726,330.160, 1679
34.3779,6.8733,329.870, 1679
34.3783,6.8736,329.570, 1680
34.3804,6.8761,329.300, 1680
34.3817,6.8786,329.020, 1681
34.3850,6.8823,328.700, 1681
34.3858,6.8834,328.400, 1682
34.3856,6.8837,328.120, 1683
34.3858,6.8837,327.820, 1684
34.3927,6.8917,327.520, 1684
34.3924,6.8919,327.240, 1685
34.3939,6.8941,326.960, 1686
34.3952,6.8948,326.660, 1687
34.3964,6.8968,326.370, 1688
34.3993,6.9007,326.080, 1689
34.4005,6.9022,325.780, 1690
34.4014,6.9035,325.500, 1691
34.4033,6.9057,325.220, 1692
34.4041,6.9072,324.930, 1693
34.4049,6.9077,324.650, 1694
34.4051,6.9087,324.370, 1695
34.4043,6.9074,324.080, 1695
34.4062,6.9096,323.790, 1696
34.4072,6.9111,323.490, 1697
34.4082,6.9119,323.190, 1697
34.4084,6.9130,322.920, 1698
34.4086,6.9130,322.640, 1698
34.4113,6.9157,322.360, 1699
34.4122,6.9175,322.080, 1700
34.4132,6.9187,321.790, 1700
34.4159,6.9222,321.510, 1701
34.4169,6.9238,321.220, 1701
34.4186,6.9259,320.930, 1702
34.4207,6.9284,320.640, 1703
34.4221,6.9306,320.360, 1704
34.4236,6.9321,320.080, 1705
34.4259,6.9355,319.790, 1705
34.4304,6.9397,319.510, 1707
34.4417,6.9529,319.230, 1708
34.4475,6.9614,318.940, 1709
34.4472,6.9613,318.650, 1711
34.4487,6.9633,318.350, 1714
34.4519,6.9660,318.070, 1716
34.4552,6.9703,317.780, 1718
34.4589,6.9737,317.500, 1720
34.4587,6.9750,317.220, 1721
34.4579,6.9740,316.940, 1722
34.4583,6.9745,316.650, 1723
34.4591,6.9754,316.360, 1725
34.4625,6.9781,316.070, 1725
34.4712,6.9869,315.790, 1726
34.4729,6.9904,315.500, 1728
34.4820,7.0022,315.210, 1729
34.4812,7.0027,314.930, 1731
34.4825,7.0047,314.640, 1733
34.4856,7.0054,314.350, 1735
34.5025,7.0224,314.070, 1737
34.5219,7.0500,313.790, 1739
34.5277,7.0588,313.500, 1742
34.5285,7.0604,313.210, 1747
34.5310,7.0632,312.930, 1752
34.5317,7.0636,312.640, 1757
34.5319,7.0639,312.350, 1761
34.5317,7.0636,312.060, 1764
34.5314,7.0631,311.790, 1766
34.5325,7.0639,311.510, 1767
34.5356,7.0672,311.220, 1769
34.5362,7.0687,310.930, 1770
34.5372,7.0686,310.660, 1771
34.5427,7.0770,310.370, 1772
34.5425,7.0766,310.070, 1773
34.5442,7.0787,309.780, 1775
34.5442,7.0783,309.500, 1776
34.5444,7.0779,309.210, 1777
34.5446,7.0792,308.920, 1778
34.5444,7.0788,308.650, 1779
34.5494,7.0849,308.360, 1780
34.5500,7.0863,308.060, 1780
34.5492,7.0851,307.770, 1782
34.5494,7.0853,307.490, 1783
34.5498,7.0858,307.190, 1784
34.5529,7.0892,306.900, 1784
34.5533,7.0912,306.620, 1785
34.5544,7.0910,306.340, 1786
34.5588,7.0964,306.040, 1786
34.5686,7.1074,305.760, 1787
34.5726,7.1151,305.480, 1787
34.5801,7.1250,305.200, 1789
34.5811,7.1268,304.910, 1790
34.5859,7.1324,304.630, 1792
34.5891,7.1370,304.360, 1793
34.5903,7.1387,304.060, 1794
34.5905,7.1386,303.750, 1795
34.5914,7.1402,303.470, 1796
34.5932,7.1418,303.170, 1796
34.5939,7.1443,302.880, 1796
34.5959,7.1464,302.590, 1795
34.5959,7.1476,302.310, 1793
34.5964,7.1485,302.010, 1792
34.5978,7.1498,301.710, 1790
34.6005,7.1540,301.430, 1788
34.6012,7.1551,301.140, 1787
34.6016,7.1555,300.840, 1785
34.6026,7.1571,300.550, 1785
34.6037,7.1581,300.280, 1783
34.6047,7.1595,299.970, 1783
34.6070,7.1628,299.670, 1782
34.6074,7.1641,299.390, 1781
34.6077,7.1644,299.080, 1779
34.6077,7.1641,298.780, 1778
34.6083,7.1649,298.500, 1777
34.6112,7.1683,298.210, 1777
34.6164,7.1748,297.900, 1776
34.6198,7.1796,297.610, 1775
34.6212,7.1820,297.340, 1775
34.6208,7.1822,297.040, 1774
34.6210,7.1828,296.750, 1774
34.6218,7.1833,296.470, 1774
34.6223,7.1839,296.180, 1774
34.6229,7.1844,295.870, 1774
34.6233,7.1851,295.580, 1774
34.6254,7.1870,295.310, 1774
34.6256,7.1881,295.030, 1774
34.6265,7.1894,294.740, 1774
34.6290,7.1919,294.460, 1774
34.6309,7.1950,294.180, 1774
34.6321,7.1971,293.880, 1774
34.6322,7.1971,293.590, 1775
34.6323,7.1975,293.300, 1775
34.6336,7.1990,293.020, 1775
34.6340,7.1998,292.740, 1775
34.6340,7.2000,292.460, 1775
34.6340,7.1999,292.170, 1775
34.6338,7.1998,291.890, 1775
34.6336,7.1998,291.610, 1775
34.6340,7.2002,291.330, 1776
34.6338,7.2003,291.040, 1777
34.6336,7.2002,290.750, 1777
34.6350,7.2022,290.460, 1777
34.6371,7.2053,290.180, 1777
34.6394,7.2081,289.890, 1778
34.6422,7.2117,289.620, 1778
34.6447,7.2150,289.340, 1779
34.6484,7.2209,289.040, 1780
34.6545,7.2271,288.760, 1781
34.6606,7.2355,288.480, 1782
34.6631,7.2394,288.180, 1784
34.6667,7.2441,287.900, 1786
34.6714,7.2505,287.620, 1787
34.6748,7.2559,287.320, 1788
34.6761,7.2578,287.020, 1791
34.6778,7.2603,286.740, 1793
34.6786,7.2616,286.450, 1794
34.6794,7.2618,286.160, 1796
34.6801,7.2632,285.880, 1797
34.6805,7.2639,285.620, 1798
34.6808,7.2641,285.330, 1799
34.6817,7.2647,285.050, 1799
34.6824,7.2660,284.770, 1799
34.6832,7.2673,284.500, 1800
34.6851,7.2687,284.200, 1801
34.6863,7.2703,283.920, 1801
34.6874,7.2719,283.650, 1801
34.6901,7.2739,283.340, 1802
34.6941,7.2789,283.040, 1802
34.6964,7.2826,282.760, 1802
34.6977,7.2842,282.470, 1802
34.6983,7.2849,282.160, 1802
34.6990,7.2860,281.880, 1802
34.6996,7.2864,281.590, 1802
34.7002,7.2871,281.300, 1802
34.7048,7.2915,281.010, 1802
34.7084,7.2963,280.740, 1802
34.7151,7.3055,280.460, 1803
34.7161,7.3081,280.160, 1804
34.7189,7.3109,279.880, 1805
34.7214,7.3149,279.600, 1806
34.7230,7.3171,279.310, 1808
34.7247,7.3195,279.020, 1810
34.7283,7.3244,278.750, 1811
34.7338,7.3316,278.470, 1813
34.7352,7.3352,278.170, 1814
34.7355,7.3366,277.880, 1817
34.7361,7.3377,277.600, 1819
34.7367,7.3386,277.320, 1822
34.7369,7.3387,277.030, 1823
34.7373,7.3389,276.760, 1825
34.7373,7.3392,276.480, 1826
34.7373,7.3396,276.200, 1828
34.7371,7.3394,275.920, 1828
34.7371,7.3395,275.620, 1828
34.7371,7.3392,275.340, 1829
34.7371,7.3394,275.060, 1829
34.7371,7.3396,274.780, 1830
34.7371,7.3402,274.490, 1830
34.7377,7.3406,274.210, 1830
34.7377,7.3414,273.930, 1830
34.7377,7.3413,273.650, 1830
34.7379,7.3419,273.360, 1831
34.7388,7.3435,273.090, 1831
34.7409,7.3462,272.810, 1832
34.7428,7.3489,272.520, 1832
34.7440,7.3513,272.240, 1833
34.7451,7.3533,271.960, 1835
34.7461,7.3544,271.680, 1836
34.7470,7.3556,271.390, 1837
34.7480,7.3577,271.110, 1839
34.7489,7.3590,270.820, 1841
34.7494,7.3597,270.530, 1843
34.7497,7.3609,270.250, 1844
34.7510,7.3619,269.970, 1846
34.7524,7.3643,269.690, 1847
34.7533,7.3658,269.410, 1848
34.7543,7.3672,269.130, 1849
34.7555,7.3687,268.840, 1850
34.7571,7.3707,268.560, 1850
34.7573,7.3713,268.270, 1851
34.7577,7.3719,267.990, 1852
34.7577,7.3718,267.720, 1852
34.7575,7.3718,267.440, 1852
34.7578,7.3718,267.160, 1852
34.7587,7.3728,266.880, 1853
34.7594,7.3735,266.600, 1853
34.7596,7.3745,266.310, 1853
34.7606,7.3753,266.010, 1854
34.7608,7.3760,265.720, 1854
34.7619,7.3768,265.440, 1854
34.7621,7.3776,265.150, 1855
34.7623,7.3776,264.880, 1855
34.7632,7.3785,264.610, 1856
34.7661,7.3828,264.330, 1856
34.7701,7.3868,264.050, 1857
34.7730,7.3920,263.780, 1857
34.7751,7.3958,263.500, 1858
34.7762,7.3972,263.210, 1860
34.7770,7.3987,262.930, 1861
34.7777,7.3996,262.640, 1863
34.7785,7.4009,262.370, 1863
34.7789,7.4016,262.080, 1865
34.7798,7.4027,261.780, 1866
34.7804,7.4040,261.500, 1866
34.7808,7.4049,261.220, 1868
34.7816,7.4055,260.920, 1868
34.7804,7.4066,260.630, 1870
34.7828,7.4078,260.360, 1870
34.7835,7.4092,260.070, 1871
34.7839,7.4095,259.780, 1872
34.7846,7.4107,259.500, 1872
34.7877,7.4146,259.220, 1874
34.7976,7.4276,258.940, 1875
34.7993,7.4328,258.650, 1876
34.8002,7.4341,258.370, 1878
34.8008,7.4350,258.090, 1880
34.8020,7.4361,257.820, 1883
34.8027,7.4373,257.520, 1884
34.8031,7.4379,257.210, 1886
34.8037,7.4384,256.930, 1886
34.8044,7.4390,256.660, 1887
34.8048,7.4398,256.370, 1888
34.8058,7.4410,256.100, 1888
34.8067,7.4427,255.830, 1889
34.8071,7.4434,255.540, 1889
34.8084,7.4448,255.230, 1890
34.8105,7.4474,254.950, 1891
34.8124,7.4500,254.650, 1891
34.8132,7.4516,254.370, 1891
34.8140,7.4523,254.100, 1891
34.8164,7.4551,253.830, 1892
34.8218,7.4624,253.540, 1892
34.8250,7.4668,253.270, 1893
34.8273,7.4705,252.980, 1893
34.8288,7.4726,252.710, 1895
34.8317,7.4763,252.430, 1896
34.8328,7.4777,252.150, 1897
34.8349,7.4802,251.870, 1897
34.8389,7.4849,251.590, 1898
34.8426,7.4901,251.310, 1899
34.8450,7.4937,251.030, 1900
34.8469,7.4959,250.760, 1900
34.8482,7.4979,250.470, 1901
34.8505,7.5002,250.180, 1901
34.8537,7.5042,249.900, 1903
34.8600,7.5126,249.620, 1903
34.8676,7.5220,249.340, 1904
34.8718,7.5279,249.070, 1905
34.8754,7.5318,248.800, 1906
34.8762,7.5333,248.500, 1906
34.8762,7.5329,248.220, 1907
34.8756,7.5321,247.950, 1907
34.8765,7.5330,247.650, 1907
34.8771,7.5334,247.340, 1908
34.8765,7.5331,247.060, 1908
34.8769,7.5337,246.760, 1908
34.8771,7.5336,246.440, 1908
34.8781,7.5343,246.130, 1908
34.8804,7.5367,245.850, 1908
34.8794,7.5360,245.540, 1908
34.8804,7.5378,245.240, 1907
34.8806,7.5374,244.960, 1907
34.8815,7.5389,244.680, 1908
34.8899,7.5481,244.380, 1908
34.8914,7.5509,244.100, 1907
34.8925,7.5521,243.800, 1906
34.8935,7.5536,243.480, 1905
34.8948,7.5549,243.190, 1904
34.8950,7.5554,242.900, 1902
34.8958,7.5565,242.610, 1902
34.8967,7.5573,242.340, 1901
34.8973,7.5586,242.080, 1901
34.8981,7.5592,241.800, 1900
34.8979,7.5596,241.510, 1899
34.8983,7.5594,241.240, 1899
34.8993,7.5609,240.950, 1899
34.8993,7.5611,240.650, 1899
34.8993,7.5612,240.370, 1898
34.8990,7.5609,240.090, 1898
34.8993,7.5612,239.790, 1898
34.8993,7.5609,239.510, 1899
34.8994,7.5614,239.240, 1898
34.8992,7.5610,238.950, 1898
34.8992,7.5610,238.640, 1898
34.8992,7.5616,238.340, 1898
34.8990,7.5612,238.070, 1897
34.8990,7.5612,237.770, 1898
34.8990,7.5615,237.470, 1897
34.8988,7.5616,237.200, 1898
34.8992,7.5620,236.900, 1898
34.8994,7.5625,236.620, 1897
34.9000,7.5634,236.350, 1898
34.9017,7.5656,236.080, 1897
34.9028,7.5670,235.800, 1897
34.9030,7.5683,235.520, 1897
34.9028,7.5679,235.250, 1898
34.9038,7.5694,234.970, 1898
34.9047,7.5704,234.680, 1898
34.9057,7.5717,234.390, 1899
34.9076,7.5747,234.120, 1899
34.9121,7.5799,233.820, 1899
34.9150,7.5847,233.540, 1900
34.9158,7.5865,233.260, 1901
34.9162,7.5874,232.970, 1902
34.9166,7.5879,232.690, 1903
34.9171,7.5884,232.420, 1903
34.9173,7.5892,232.140, 1903
34.9175,7.5892,231.850, 1903
34.9177,7.5892,231.580, 1903
34.9189,7.5908,231.280, 1903
34.9197,7.5927,230.990, 1902
34.9212,7.5944,230.720, 1902
34.9222,7.5966,230.450, 1902
34.9228,7.5974,230.160, 1902
34.9234,7.5983,229.880, 1901
34.9238,7.5992,229.600, 1901
34.9247,7.6000,229.310, 1901
34.9267,7.6027,229.040, 1901
34.9282,7.6054,228.750, 1900
34.9286,7.6061,228.440, 1900
34.9288,7.6064,228.160, 1900
34.9290,7.6067,227.890, 1901
34.9309,7.6090,227.600, 1901
34.9324,7.6116,227.330, 1902
34.9353,7.6157,227.070, 1902
34.9381,7.6204,226.780, 1903
34.9393,7.6221,226.480, 1905
34.9404,7.6234,226.200, 1906
34.9412,7.6244,225.920, 1908
34.9438,7.6287,225.620, 1910
34.9445,7.6300,225.350, 1912
34.9446,7.6297,225.100, 1914
34.9444,7.6296,224.810, 1916
34.9447,7.6296,224.520, 1916
34.9447,7.6301,224.250, 1917
34.9447,7.6305,223.960, 1918
34.9459,7.6316,223.680, 1918
34.9463,7.6328,223.400, 1918
34.9478,7.6349,223.150, 1919
34.9494,7.6373,222.900, 1918
34.9515,7.6399,222.630, 1919
34.9535,7.6436,222.370, 1919
34.9544,7.6451,222.090, 1919
34.9548,7.6455,221.800, 1919
34.9558,7.6471,221.520, 1920
34.9570,7.6487,221.240, 1920
34.9579,7.6502,220.940, 1921
34.9583,7.6510,220.660, 1921
34.9585,7.6516,220.400, 1922
34.9587,7.6515,220.110, 1923
34.9593,7.6522,219.830, 1923
34.9601,7.6535,219.560, 1924
34.9612,7.6550,219.280, 1924
34.9620,7.6562,219.000, 1925
34.9638,7.6587,218.710, 1926
34.9651,7.6609,218.430, 1927
34.9655,7.6619,218.140, 1927
34.9660,7.6625,217.860, 1928
34.9660,7.6629,217.590, 1930
34.9681,7.6651,217.320, 1931
34.9702,7.6690,217.040, 1931
34.9721,7.6712,216.750, 1933
34.9738,7.6741,216.470, 1934
34.9742,7.6750,216.180, 1936
34.9742,7.6747,215.880, 1937
34.9751,7.6757,215.590, 1938
34.9753,7.6767,215.330, 1939
34.9761,7.6775,215.040, 1940
34.9772,7.6788,214.760, 1941
34.9782,7.6801,214.490, 1941
34.9782,7.6807,214.210, 1943
34.9804,7.6832,213.920, 1944
34.9812,7.6851,213.650, 1945
34.9826,7.6872,213.360, 1945
34.9830,7.6882,213.080, 1946
34.9832,7.6884,212.810, 1946
34.9849,7.6902,212.530, 1947
34.9884,7.6952,212.240, 1948
34.9892,7.6969,211.960, 1949
34.9895,7.6970,211.670, 1949
34.9895,7.6973,211.360, 1950
34.9901,7.6978,211.080, 1951
34.9903,7.6982,210.790, 1952
34.9905,7.6987,210.480, 1954
34.9909,7.6996,210.180, 1955
34.9931,7.7011,209.910, 1955
34.9952,7.7049,209.620, 1956
34.9977,7.7084,209.320, 1958
35.0045,7.7168,209.050, 1959
35.0157,7.7313,208.760, 1961
35.0236,7.7426,208.450, 1962
35.0331,7.7563,208.150, 1966
35.0399,7.7671,207.860, 1969
35.0426,7.7702,207.550, 1971
35.0438,7.7719,207.240, 1974
35.0448,7.7731,206.950, 1977
35.0467,7.7751,206.650, 1978
35.0465,7.7757,206.320, 1980
35.0482,7.7769,206.020, 1981
35.0486,7.7781,205.730, 1983
35.0488,7.7784,205.420, 1984
35.0492,7.7787,205.130, 1984
35.0498,7.7794,204.840, 1985
35.0496,7.7795,204.540, 1986
35.0503,7.7803,204.230, 1986
35.0503,7.7805,203.960, 1987
35.0507,7.7808,203.660, 1988
35.0522,7.7828,203.360, 1988
35.0567,7.7894,203.080, 1988
35.0596,7.7940,202.780, 1989
35.0616,7.7978,202.500, 1991
35.0629,7.7998,202.230, 1992
35.0639,7.8013,201.940, 1993
35.0643,7.8019,201.660, 1994
35.0647,7.8027,201.390, 1995
35.0660,7.8041,201.110, 1996
35.0683,7.8074,200.830, 1997
35.0696,7.8092,200.550, 1998
35.0703,7.8106,200.280, 1999
35.0712,7.8117,200.000, 2000
35.0714,7.8124,199.710, 2000
35.0713,7.8128,199.430, 2001
35.0720,7.8135,199.140, 2001
35.0724,7.8149,198.830, 2002
35.0749,7.8185,198.540, 2003
35.0797,7.8249,198.250, 2004
35.0817,7.8293,197.960, 2004
35.0828,7.8309,197.680, 2005
35.0845,7.8324,197.420, 2006
35.0862,7.8347,197.140, 2007
35.0877,7.8366,196.860, 2007
35.0887,7.8379,196.580, 2008
35.0894,7.8386,196.300, 2009
35.0898,7.8394,196.030, 2009
35.0896,7.8409,195.750, 2010
35.0900,7.8438,195.460, 2011
35.0915,7.8464,195.180, 2011
35.0934,7.8494,194.910, 2013
35.0968,7.8547,194.610, 2014
35.1000,7.8599,194.310, 2015
35.1014,7.8626,194.030, 2017
35.1023,7.8636,193.720, 2019
35.1030,7.8639,193.420, 2021
35.1049,7.8658,193.130, 2022
35.1064,7.8688,192.840, 2023
35.1077,7.8710,192.570, 2023
35.1097,7.8729,192.310, 2024
35.1112,7.8749,192.020, 2026
35.1127,7.8771,191.750, 2026
35.1159,7.8816,191.460, 2026
35.1183,7.8860,191.180, 2028
35.1263,7.8969,190.910, 2028
35.1303,7.9050,190.630, 2029
35.1336,7.9093,190.350, 2029
35.1374,7.9139,190.080, 2030
35.1406,7.9200,189.800, 2030
35.1448,7.9251,189.490, 2030
35.1519,7.9364,189.200, 2031
35.1534,7.9400,188.920, 2032
35.1536,7.9406,188.620, 2033
35.1538,7.9406,188.330, 2035
35.1540,7.9403,188.060, 2036
35.1542,7.9407,187.790, 2037
35.1551,7.9419,187.480, 2038
35.1559,7.9436,187.200, 2038
35.1566,7.9451,186.920, 2039
35.1577,7.9465,186.640, 2039
35.1596,7.9488,186.330, 2039
35.1623,7.9527,186.050, 2040
35.1636,7.9555,185.790, 2040
35.1643,7.9572,185.490, 2041
35.1648,7.9576,185.190, 2041
35.1651,7.9586,184.920, 2042
35.1664,7.9600,184.630, 2043
35.1677,7.9627,184.330, 2043
35.1681,7.9630,184.040, 2043
35.1695,7.9649,183.770, 2044
35.1702,7.9669,183.470, 2044
35.1711,7.9687,183.170, 2045
35.1731,7.9718,182.900, 2045
35.1739,7.9740,182.620, 2046
35.1745,7.9755,182.320, 2047
35.1747,7.9761,182.020, 2048
35.1755,7.9775,181.740, 2049
35.1772,7.9802,181.440, 2050
35.1778,7.9812,181.140, 2050
35.1787,7.9837,180.870, 2051
35.1798,7.9853,180.590, 2052
35.1803,7.9871,180.310, 2053
35.1818,7.9894,180.040, 2054
35.1832,7.9943,179.790, 2055
35.1836,7.9967,179.510, 2056
35.1839,7.9968,179.210, 2057
35.1839,7.9974,178.920, 2059
35.1840,7.9980,178.630, 2061
35.1845,7.9999,178.320, 2062
35.1851,8.0018,178.020, 2064
35.1853,8.0043,177.740, 2064
35.1853,8.0051,177.440, 2066
35.1855,8.0063,177.140, 2068
35.1857,8.0070,176.870, 2069
35.1861,8.0085,176.580, 2071
35.1864,8.0099,176.280, 2073
35.1862,8.0106,176.000, 2074
35.1860,8.0109,175.710, 2076
35.1859,8.0118,175.410, 2076
35.1859,8.0129,175.120, 2078
35.1866,8.0142,174.860, 2079
35.1870,8.0152,174.590, 2080
35.1876,8.0161,174.320, 2082
35.1884,8.0187,174.040, 2083
35.1879,8.0197,173.770, 2084
35.1877,8.0197,173.500, 2085
35.1882,8.0205,173.200, 2087
35.1884,8.0220,172.910, 2088
35.1896,8.0242,172.630, 2090
35.1894,8.0243,172.330, 2091
35.1901,8.0256,172.020, 2092
35.1905,8.0268,171.740, 2093
35.1906,8.0271,171.450, 2094
35.1904,8.0274,171.150, 2095
35.1911,8.0279,170.870, 2095
35.1922,8.0298,170.600, 2095
35.1962,8.0345,170.320, 2096
35.2000,8.0397,170.040, 2096
35.2028,8.0440,169.780, 2096
35.2053,8.0484,169.490, 2096
35.2060,8.0491,169.210, 2096
35.2060,8.0497,168.940, 2096
35.2063,8.0513,168.680, 2095
35.2063,8.0515,168.390, 2096
35.2060,8.0542,168.090, 2096
35.2058,8.0552,167.820, 2097
35.2048,8.0559,167.530, 2098
35.2023,8.0570,167.210, 2099
35.1994,8.0576,166.910, 2100
35.1953,8.0574,166.630, 2102
35.1946,8.0575,166.330, 2105
35.1944,8.0578,166.040, 2108
35.1945,8.0579,165.770, 2113
35.1942,8.0579,165.480, 2116
35.1936,8.0577,165.200, 2118
35.1930,8.0574,164.930, 2120
35.1925,8.0574,164.670, 2121
35.1910,8.0562,164.370, 2122
35.1900,8.0558,164.100, 2123
35.1898,8.0556,163.820, 2124
35.1893,8.0555,163.520, 2125
35.1889,8.0553,163.230, 2126
35.1878,8.0550,162.950, 2127
35.1871,8.0544,162.670, 2127
35.1868,8.0543,162.380, 2128
35.1851,8.0538,162.120, 2128
35.1846,8.0533,161.860, 2129
35.1844,8.0533,161.580, 2130
35.1840,8.0529,161.290, 2131
35.1833,8.0531,161.010, 2132
35.1832,8.0531,160.730, 2133
35.1823,8.0538,160.440, 2133
35.1806,8.0537,160.170, 2134
35.1791,8.0541,159.920, 2135
35.1782,8.0539,159.630, 2136
35.1778,8.0541,159.350, 2137
35.1767,8.0540,159.070, 2138
35.1765,8.0541,158.790, 2140
35.1759,8.0537,158.490, 2141
35.1755,8.0544,158.210, 2142
35.1753,8.0538,157.950, 2143
35.1748,8.0540,157.680, 2144
35.1746,8.0541,157.400, 2145
35.1744,8.0540,157.130, 2145
35.1740,8.0542,156.860, 2146
35.1737,8.0548,156.580, 2147
35.1727,8.0542,156.290, 2147
35.1721,8.0539,156.000, 2147
35.1713,8.0537,155.720, 2147
35.1708,8.0540,155.440, 2147
35.1693,8.0531,155.160, 2148
35.1686,8.0529,154.880, 2148
35.1675,8.0522,154.620, 2149
35.1632,8.0508,154.350, 2150
35.1597,8.0498,154.060, 2152
35.1571,8.0500,153.790, 2154
35.1551,8.0498,153.520, 2157
35.1544,8.0497,153.250, 2160
35.1536,8.0500,152.980, 2163
35.1537,8.0505,152.710, 2165
35.1539,8.0516,152.460, 2167
35.1538,8.0519,152.170, 2168
35.1538,8.0523,151.870, 2169
35.1539,8.0524,151.600, 2170
35.1541,8.0525,151.300, 2170
35.1541,8.0525,150.990, 2170
35.1540,8.0531,150.710, 2170
35.1540,8.0544,150.440, 2171
35.1537,8.0541,150.150, 2171
35.1541,8.0555,149.870, 2171
35.1545,8.0568,149.610, 2172
35.1550,8.0579,149.330, 2171
35.1559,8.0599,149.050, 2171
35.1571,8.0620,148.760, 2171
35.1586,8.0638,148.480, 2170
35.1590,8.0652,148.220, 2169
35.1613,8.0680,147.960, 2168
35.1622,8.0697,147.690, 2168
35.1628,8.0709,147.430, 2167
35.1616,8.0711,147.140, 2166
35.1617,8.0724,146.860, 2166
35.1621,8.0735,146.580, 2165
35.1620,8.0736,146.270, 2166
35.1620,8.0741,145.990, 2166
35.1626,8.0751,145.720, 2166
35.1638,8.0769,145.450, 2166
35.1681,8.0808,145.170, 2166
35.1703,8.0838,144.900, 2166
35.1745,8.0879,144.630, 2167
35.1783,8.0937,144.350, 2168
35.1829,8.1015,144.070, 2168
35.1848,8.1065,143.800, 2168
35.1848,8.1086,143.530, 2170
35.1856,8.1092,143.230, 2171
35.1860,8.1100,142.950, 2172
35.1867,8.1112,142.690, 2173
35.1871,8.1121,142.400, 2174
35.1879,8.1134,142.120, 2174
35.1885,8.1148,141.860, 2174
35.1884,8.1156,141.570, 2174
35.1890,8.1168,141.280, 2174
35.1889,8.1199,141.020, 2174
35.1893,8.1237,140.730, 2175
35.1875,8.1286,140.430, 2176
35.1884,8.1341,140.140, 2177
35.1895,8.1388,139.850, 2178
35.1897,8.1427,139.550, 2180
35.1903,8.1444,139.270, 2181
35.1910,8.1480,139.020, 2181
35.1912,8.1504,138.730, 2181
35.1912,8.1518,138.440, 2180
35.1912,8.1517,138.170, 2179
35.1909,8.1522,137.890, 2178
35.1909,8.1533,137.600, 2178
35.1914,8.1562,137.340, 2178
35.1916,8.1602,137.060, 2178
35.1924,8.1629,136.770, 2180
35.1931,8.1647,136.490, 2182
35.1931,8.1658,136.210, 2185
35.1933,8.1665,135.930, 2188
35.1937,8.1674,135.650, 2191
35.1935,8.1690,135.380, 2193
35.1935,8.1702,135.100, 2195
35.1935,8.1713,134.840, 2197
35.1933,8.1726,134.560, 2198
35.1926,8.1732,134.270, 2200
35.1910,8.1739,134.000, 2200
35.1901,8.1743,133.730, 2200
35.1880,8.1751,133.440, 2201
35.1852,8.1752,133.140, 2201
35.1829,8.1760,132.880, 2202
35.1818,8.1770,132.600, 2204
35.1815,8.1785,132.300, 2207
35.1811,8.1795,132.030, 2211
35.1810,8.1802,131.760, 2216
35.1808,8.1804,131.450, 2219
35.1794,8.1805,131.160, 2222
35.1785,8.1797,130.900, 2226
35.1760,8.1798,130.630, 2228
35.1762,8.1831,130.340, 2231
35.1766,8.1875,130.070, 2233
35.1751,8.1887,129.790, 2238
35.1775,8.1926,129.500, 2244
35.1779,8.1990,129.220, 2250
35.1774,8.2054,128.950, 2259
35.1777,8.2092,128.680, 2268
35.1783,8.2108,128.400, 2277
35.1797,8.2131,128.130, 2284
35.1810,8.2145,127.870, 2290
35.1815,8.2161,127.580, 2294
35.1817,8.2169,127.300, 2298
35.1824,8.2180,127.040, 2299
35.1824,8.2185,126.760, 2301
35.1830,8.2195,126.500, 2301
35.1830,8.2211,126.240, 2303
35.1830,8.2220,125.960, 2304
35.1830,8.2220,125.700, 2305
35.1830,8.2226,125.420, 2306
35.1830,8.2229,125.130, 2307
35.1828,8.2237,124.860, 2307
35.1824,8.2248,124.610, 2308
35.1824,8.2257,124.310, 2309
35.1822,8.2256,124.020, 2310
35.1817,8.2258,123.740, 2311
35.1816,8.2260,123.460, 2312
35.1807,8.2272,123.160, 2313
35.1796,8.2283,122.870, 2314
35.1766,8.2290,122.620, 2316
35.1749,8.2293,122.350, 2318
35.1714,8.2297,122.080, 2322
35.1706,8.2303,121.830, 2326
35.1651,8.2331,121.560, 2330
35.1608,8.2376,121.300, 2335
35.1595,8.2414,121.030, 2342
35.1597,8.2439,120.750, 2351
35.1606,8.2494,120.480, 2360
35.1617,8.2534,120.200, 2368
35.1633,8.2580,119.940, 2375
35.1641,8.2639,119.690, 2381
35.1636,8.2666,119.430, 2386
35.1638,8.2685,119.150, 2389
35.1640,8.2703,118.890, 2393
35.1641,8.2716,118.630, 2396
35.1641,8.2720,118.350, 2398
35.1642,8.2727,118.090, 2400
35.1640,8.2733,117.830, 2402
35.1641,8.2731,117.550, 2403
35.1641,8.2735,117.280, 2404
35.1640,8.2755,117.020, 2405
35.1636,8.2774,116.740, 2406
35.1631,8.2788,116.460, 2407
35.1626,8.2795,116.190, 2409
35.1626,8.2800,115.920, 2410
35.1627,8.2813,115.630, 2412
35.1623,8.2815,115.330, 2413
35.1611,8.2823,115.070, 2414
35.1599,8.2829,114.820, 2415
35.1593,8.2834,114.560, 2417
35.1584,8.2848,114.320, 2419
35.1582,8.2848,114.060, 2422
35.1576,8.2853,113.780, 2424
35.1568,8.2868,113.530, 2426
35.1561,8.2884,113.270, 2429
35.1546,8.2912,112.950, 2431
35.1531,8.2932,112.650, 2433
35.1512,8.2956,112.380, 2436
35.1503,8.2963,112.090, 2439
35.1499,8.2965,111.800, 2442
35.1491,8.2971,111.540, 2445
35.1482,8.2963,111.270, 2448
35.1478,8.2966,110.970, 2451
35.1468,8.2956,110.700, 2453
35.1463,8.2957,110.460, 2456
35.1448,8.2945,110.190, 2458
35.1437,8.2940,109.920, 2459
35.1422,8.2944,109.660, 2461
35.1416,8.2948,109.400, 2462
35.1412,8.2948,109.120, 2465
35.1407,8.2951,108.840, 2468
35.1401,8.2947,108.560, 2470
35.1389,8.2943,108.280, 2471
35.1349,8.2934,107.980, 2473
35.1316,8.2946,107.690, 2474
35.1288,8.3020,107.420, 2478
35.1173,8.3077,107.160, 2483
35.1129,8.3093,106.890, 2491
35.1115,8.3093,106.620, 2502
35.1084,8.3093,106.380, 2513
35.1067,8.3090,106.100, 2523
35.1035,8.3098,105.810, 2531
35.1016,8.3125,105.550, 2539
35.1005,8.3138,105.290, 2545
35.0998,8.3138,105.000, 2552
35.0984,8.3143,104.700, 2558
35.0984,8.3146,104.430, 2562
35.0975,8.3148,104.120, 2565
35.0960,8.3152,103.800, 2568
35.0949,8.3156,103.520, 2571
35.0920,8.3161,103.240, 2574
35.0911,8.3171,102.940, 2577
35.0916,8.3190,102.670, 2580
35.0935,8.3224,102.400, 2584
35.0962,8.3314,102.110, 2587
35.0992,8.3422,101.830, 2590
35.1015,8.3516,101.560, 2593
35.1023,8.3571,101.290, 2597
35.1026,8.3637,101.040, 2600
35.1001,8.3734,100.780, 2603
35.0992,8.3760,100.510, 2608
35.0986,8.3766,100.240, 2614
35.0979,8.3765,99.960, 2621
35.0955,8.3769,99.680, 2627
35.0946,8.3766,99.390, 2632
35.0941,8.3770,99.090, 2636
35.0941,8.3768,98.820, 2640
35.0930,8.3775,98.570, 2644
35.0926,8.3781,98.320, 2647
35.0926,8.3783,98.050, 2649
35.0925,8.3777,97.780, 2651
35.0926,8.3783,97.530, 2653
35.0926,8.3787,97.240, 2655
35.0932,8.3796,96.940, 2657
35.0937,8.3816,96.660, 2658
35.0942,8.3856,96.380, 2659
35.0944,8.3865,96.110, 2660
35.0940,8.3877,95.840, 2662
35.0936,8.3886,95.590, 2665
35.0936,8.3887,95.320, 2666
35.0936,8.3889,95.060, 2668
35.0936,8.3895,94.790, 2670
35.0934,8.3901,94.520, 2670
35.0927,8.3912,94.220, 2671
35.0923,8.3928,93.940, 2672
35.0924,8.3932,93.680, 2673
35.0915,8.3954,93.400, 2674
35.0913,8.3964,93.130, 2674
35.0909,8.3977,92.870, 2675
35.0909,8.3988,92.580, 2676
35.0907,8.4042,92.290, 2676
35.0911,8.4081,92.020, 2677
35.0913,8.4127,91.770, 2678
35.0921,8.4158,91.520, 2679
35.0928,8.4180,91.270, 2681
35.0927,8.4188,90.990, 2682
35.0933,8.4210,90.710, 2683
35.0987,8.4405,90.450, 2684
35.1009,8.4627,90.150, 2685
35.1013,8.4677,89.830, 2687
35.1017,8.4712,89.540, 2689
35.1038,8.4780,89.240, 2692
35.1050,8.4825,88.930, 2693
35.1066,8.4859,88.650, 2695
35.1111,8.4942,88.390, 2697
35.1128,8.4985,88.120, 2698
35.1140,8.5010,87.850, 2699
35.1141,8.5010,87.600, 2700
35.1182,8.5072,87.320, 2700
35.1168,8.5080,87.040, 2699
35.1208,8.5128,86.770, 2699
35.1196,8.5121,86.470, 2699
35.1198,8.5111,86.170, 2699
35.1195,8.5108,85.900, 2699
35.1195,8.5101,85.630, 2699
35.1240,8.5168,85.360, 2698
35.1300,8.5272,85.070, 2698
35.1368,8.5408,84.790, 2699
35.1391,8.5470,84.530, 2698
35.1415,8.5506,84.240, 2697
35.1425,8.5532,83.960, 2696
35.1434,8.5539,83.680, 2695
35.1438,8.5547,83.440, 2693
35.1449,8.5563,83.180, 2693
35.1448,8.5563,82.920, 2692
35.1452,8.5559,82.640, 2692
35.1453,8.5560,82.360, 2692
35.1455,8.5562,82.090, 2691
35.1455,8.5561,81.810, 2691
35.1458,8.5566,81.500, 2691
35.1458,8.5564,81.180, 2691
35.1462,8.5565,80.900, 2691
35.1468,8.5577,80.610, 2690
35.1468,8.5580,80.330, 2690
35.1467,8.5587,80.070, 2690
35.1467,8.5578,79.830, 2690
35.1466,8.5579,79.560, 2690
35.1504,8.5635,79.290, 2691
35.1521,8.5680,79.030, 2692
35.1537,8.5708,78.770, 2691
35.1551,8.5736,78.480, 2691
35.1564,8.5760,78.180, 2690
35.1581,8.5778,77.910, 2690
35.1639,8.5859,77.610, 2689
35.1670,8.5930,77.290, 2689
35.1683,8.5952,77.000, 2689
35.1709,8.6004,76.720, 2688
35.1778,8.6121,76.420, 2687
35.1862,8.6291,76.140, 2687
35.1928,8.6443,75.880, 2687
35.2007,8.6609,75.610, 2688
35.2068,8.6738,75.320, 2688
35.2103,8.6835,75.060, 2689
35.2118,8.6868,74.800, 2690
35.2189,8.7003,74.540, 2691
35.2218,8.7114,74.280, 2692
35.2236,8.7165,74.030, 2694
35.2246,8.7175,73.740, 2696
35.2261,8.7203,73.450, 2698
35.2286,8.7250,73.160, 2699
35.2317,8.7326,72.860, 2700
35.2321,8.7352,72.530, 2701
35.2366,8.7431,72.230, 2701
35.2403,8.7544,71.960, 2703
35.2456,8.7693,71.690, 2704
35.2464,8.7721,71.440, 2706
35.2472,8.7736,71.210, 2707
35.2483,8.7756,70.970, 2708
35.2526,8.7874,70.690, 2709
35.2601,8.8092,70.420, 2712
35.2629,8.8185,70.170, 2715
35.2661,8.8285,69.890, 2718
35.2678,8.8331,69.600, 2722
35.2695,8.8409,69.340, 2725
35.2710,8.8491,69.080, 2728
35.2732,8.8611,68.780, 2730
35.2739,8.8648,68.470, 2732
35.2746,8.8684,68.170, 2734
35.2755,8.8719,67.870, 2736
35.2774,8.8792,67.560, 2738
35.2789,8.8872,67.260, 2740
35.2793,8.9125,67.000, 2743
35.2766,8.9461,66.730, 2747
35.2714,8.9675,66.480, 2752
35.2636,8.9865,66.240, 2761
35.2603,8.9999,65.990, 2773
35.2596,9.0083,65.710, 2788
35.2611,9.0136,65.420, 2803
35.2619,9.0172,65.150, 2816
35.2647,9.0280,64.840, 2825
35.2671,9.0399,64.540, 2833
35.2692,9.0496,64.260, 2839
35.2720,9.0601,63.990, 2844
35.2729,9.0624,63.700, 2849
35.2730,9.0610,63.420, 2853
35.2784,9.0757,63.120, 2857
35.2814,9.0867,62.840, 2861
35.2859,9.0952,62.570, 2864
35.2900,9.1058,62.310, 2867
35.2915,9.1104,62.040, 2870
35.2939,9.1124,61.790, 2871
35.2975,9.1205,61.550, 2873
35.2990,9.1293,61.250, 2875
35.3016,9.1371,60.940, 2878
35.3124,9.1613,60.660, 2882
35.3279,9.2197,60.380, 2888
35.3344,9.2441,60.070, 2898
35.3478,9.2646,59.800, 2912
35.3764,9.3199,59.520, 2926
35.3871,9.3440,59.220, 2941
35.3940,9.3534,58.920, 2956
35.3978,9.3591,58.630, 2967
35.3989,9.3612,58.360, 2976
35.4026,9.3652,58.090, 2982
35.4027,9.3646,57.840, 2986
35.4169,9.3844,57.590, 2990
35.4303,9.4046,57.330, 2993
35.4385,9.4197,57.070, 2997
35.4574,9.4424,56.800, 3000
35.4809,9.4801,56.510, 3003
35.4929,9.5036,56.220, 3006
35.4969,9.5090,55.950, 3009
35.4937,9.5039,55.660, 3012
35.5030,9.5140,55.340, 3015
35.5095,9.5209,55.050, 3017
35.5233,9.5413,54.780, 3019
35.5512,9.5811,54.460, 3022
35.5673,9.6102,54.140, 3025
35.5883,9.6431,53.860, 3028
35.6003,9.6605,53.570, 3030
35.6712,9.7578,53.260, 3034
35.7163,9.8410,52.980, 3038
35.7731,9.9299,52.710, 3046
35.8271,10.0037,52.390, 3059
35.8713,10.0604,52.100, 3073
35.8863,10.0859,51.810, 3085
35.8959,10.0969,51.500, 3094
35.9060,10.1075,51.200, 3100
35.9120,10.1145,50.920, 3103
35.9233,10.1253,50.660, 3106
35.9536,10.1583,50.390, 3108
35.9831,10.1954,50.150, 3110
36.0387,10.2658,49.900, 3113
36.1128,10.3690,49.610, 3116
36.1690,10.4599,49.330, 3119
36.1923,10.5008,49.060, 3126
36.2128,10.5316,48.770, 3137
36.2334,10.5586,48.450, 3150
36.2867,10.6194,48.170, 3164
36.3199,10.6769,47.890, 3176
36.3461,10.7131,47.600, 3187
36.3615,10.7353,47.340, 3199
36.3775,10.7551,47.090, 3210
36.3827,10.7615,46.820, 3218
36.3915,10.7700,46.540, 3226
36.4013,10.7806,46.250, 3233
36.4357,10.8186,45.930, 3239
36.4622,10.8601,45.630, 3247
36.4776,10.8840,45.340, 3253
36.4807,10.8904,45.050, 3259
36.4933,10.9037,44.780, 3264
36.5141,10.9282,44.530, 3269
36.5452,10.9734,44.300, 3274
36.5742,11.0116,44.040, 3281
36.5912,11.0368,43.780, 3290
36.6128,11.0655,43.530, 3298
36.6387,11.1011,43.250, 3306
36.6659,11.1433,42.960, 3315
36.6826,11.1724,42.690, 3326
36.7411,11.2424,42.420, 3339
36.7547,11.2742,42.140, 3353
36.7614,11.2828,41.860, 3369
36.7816,11.3068,41.570, 3384
36.8042,11.3434,41.270, 3398
36.8152,11.3608,40.970, 3412
36.8205,11.3667,40.690, 3426
36.8297,11.3776,40.400, 3438
36.8365,11.3884,40.140, 3448
36.8470,11.4051,39.900, 3458
36.8503,11.4114,39.650, 3468
36.8679,11.4286,39.400, 3478
36.9008,11.4772,39.170, 3488
36.9253,11.5133,38.920, 3497
36.9655,11.5687,38.640, 3510
36.9882,11.6037,38.340, 3526
37.0107,11.6337,38.050, 3541
37.0541,11.6893,37.760, 3556
37.0988,11.7510,37.450, 3571
37.1530,11.8269,37.170, 3588
37.1851,11.8774,36.910, 3607
37.1978,11.8994,36.650, 3626
37.2320,11.9379,36.340, 3643
37.3381,12.0586,36.060, 3661
37.5944,12.4255,35.780, 3691
37.7019,12.6029,35.480, 3738
37.7874,12.7128,35.180, 3793
37.8459,12.7941,34.920, 3843
37.8628,12.8218,34.670, 3882
37.8805,12.8358,34.420, 3912
37.9411,12.8988,34.180, 3936
37.9711,12.9436,34.030, 3951
37.9940,12.9707,33.980, 3961
37.9996,12.9767,33.970, 3967
38.0027,12.9769,33.990, 3972
37.9920,12.9594,33.960, 3976
38.0083,12.9732,33.910, 3978
38.0140,12.9790,33.940, 3979
38.0125,12.9776,33.980, 3980
38.0167,12.9772,33.900, 3982
38.0207,12.9798,33.900, 3984
38.0207,12.9788,33.980, 3985
38.0174,12.9732,33.970, 3984
38.0189,12.9705,33.930, 3985
38.0208,12.9740,34.000, 3985
38.0179,12.9693,34.000, 3987
38.0208,12.9702,33.930, 3987
38.0254,12.9746,33.920, 3988
38.0256,12.9741,33.970, 3989
38.0339,12.9819,33.990, 3990
38.0321,12.9817,33.940, 3991
38.0379,12.9845,33.970, 3993
38.0397,12.9891,34.070, 3993
38.0437,12.9934,34.050, 3993
38.0439,12.9912,34.020, 3993
38.0475,12.9951,34.030, 3993
38.0484,12.9960,33.970, 3994
38.0484,12.9953,33.920, 3995
38.0439,12.9895,33.940, 3997
38.0486,12.9932,33.960, 3998
38.0481,12.9931,34.010, 3997
38.0497,12.9949,34.060, 3996
38.0479,12.9915,34.050, 3995
38.0524,12.9953,34.050, 3995
38.0495,12.9926,34.010, 3995
38.0544,12.9938,33.960, 3997
38.0689,13.0122,33.940, 3998
38.0736,13.0216,33.940, 3999
38.0747,13.0227,33.960, 3999
38.0803,13.0323,34.000, 3999
38.0948,13.0486,34.020, 4000
38.0794,13.0319,34.070, 3998
38.0782,13.0248,34.100, 3998
38.0758,13.0221,34.080, 4000
38.0863,13.0310,34.070, 4001
38.0936,13.0450,34.050, 4002
38.1088,13.0622,34.050, 4004
38.0988,13.0527,34.020, 4004
38.0979,13.0480,33.990, 4004
38.1028,13.0545,34.040, 4003
38.1015,13.0514,34.070, 4002
38.0970,13.0477,34.010, 4001
38.1135,13.0653,34.010, 4001
38.1131,13.0667,34.020, 4002
38.1129,13.0664,33.940, 4004
38.1187,13.0729,33.910, 4004
38.1175,13.0714,33.930, 4004
38.1182,13.0713,33.920, 4004
38.1213,13.0741,33.970, 4005
38.1193,13.0740,34.090, 4005
38.1182,13.0705,34.160, 4004
38.1173,13.0689,34.210, 4003
38.1113,13.0629,34.280, 4000
38.1055,13.0543,34.280, 4000
38.1104,13.0566,34.160, 4001
38.1158,13.0655,34.070, 4002
38.1222,13.0736,33.980, 4003
38.1285,13.0820,33.870, 4003
38.1399,13.0948,33.840, 4005
38.1509,13.1098,33.950, 4006
38.1454,13.1066,34.010, 4005
38.1383,13.0964,34.030, 4003
38.1361,13.0917,34.090, 4002
38.1332,13.0864,34.090, 4003
38.1336,13.0867,34.020, 4004
38.1341,13.0877,33.990, 4005
38.1365,13.0900,34.010, 4005
38.1488,13.1040,34.010, 4006
38.1535,13.1119,33.990, 4007
38.1535,13.1126,34.030, 4007
38.1513,13.1098,34.080, 4008
38.1524,13.1104,34.100, 4008
38.1504,13.1098,34.150, 4008
38.1515,13.1095,34.210, 4007
38.1381,13.0916,34.180, 4006
38.1428,13.0973,34.120, 4006
38.1406,13.0943,34.070, 4007
38.1464,13.1014,33.970, 4009
38.1549,13.1129,33.850, 4009
38.1914,13.1493,33.840, 4009
38.1887,13.1596,33.910, 4009
38.1678,13.1346,33.960, 4007
38.1667,13.1273,34.020, 4006
38.1661,13.1273,34.110, 4006
38.1488,13.1067,34.140, 4005
38.1567,13.1123,34.080, 4006
38.1611,13.1183,34.090, 4004
38.1471,13.1054,34.090, 4005
38.1414,13.0936,34.040, 4007
38.1420,13.0935,34.060, 4007
38.1512,13.1030,34.120, 4008
38.1585,13.1146,34.100, 4008
38.1609,13.1182,34.090, 4009
38.1587,13.1165,34.090, 4009
38.1558,13.1116,34.000, 4009
38.1640,13.1209,33.930, 4009
38.1614,13.1201,33.940, 4009
38.1578,13.1153,33.930, 4010
38.1627,13.1199,33.950, 4010
38.1640,13.1227,34.010, 4011
38.1620,13.1199,34.050, 4009
38.1636,13.1213,34.090, 4009
38.1692,13.1284,34.080, 4009
38.1672,13.1278,34.080, 4010
38.1741,13.1339,34.090, 4010
38.1678,13.1278,34.080, 4009
38.1701,13.1296,34.090, 4010
38.1692,13.1290,34.090, 4010
38.1770,13.1375,34.100, 4011
38.1741,13.1334,34.130, 4010
38.1799,13.1433,34.100, 4010
38.1761,13.1377,34.060, 4010
38.1746,13.1359,33.990, 4010
38.1748,13.1365,33.960, 4010
38.1719,13.1323,33.910, 4011
38.1800,13.1389,33.840, 4012

 Profile 1
  CTD turned on at 10/17/2015 03:00:02
  CTD turned off at 10/17/2015 03:31:31
