

 Profile 2

mmho/cm,Celsius,dbars,hz

38.2163,13.1850,33.710, 4009
38.2077,13.1776,33.760, 4015
38.2021,13.1667,33.770, 4017
38.1985,13.1623,33.710, 4016
38.2025,13.1676,33.720, 4016
38.2014,13.1665,33.720, 4018
38.1945,13.1587,33.670, 4019
38.2005,13.1647,33.610, 4019
38.1949,13.1603,33.570, 4021
38.1938,13.1564,33.560, 4022
38.1812,13.1426,33.580, 4021
38.1654,13.1216,33.650, 4019
38.1571,13.1103,33.710, 4017
38.1531,13.1033,33.790, 4015
38.1473,13.0947,33.820, 4015
38.1466,13.0935,33.780, 4015
38.1414,13.0888,33.760, 4014
38.1401,13.0875,33.760, 4013
38.1408,13.0881,33.660, 4013
38.1705,13.1203,33.580, 4014
38.1837,13.1446,33.630, 4015
38.1815,13.1446,33.640, 4016
38.1768,13.1358,33.580, 4015
38.1576,13.1215,33.600, 4016
38.1367,13.0869,33.590, 4016
38.1377,13.0838,33.510, 4016
38.1359,13.0835,33.450, 4016
38.1348,13.0815,33.510, 4016
38.1377,13.0860,33.620, 4016
38.1352,13.0826,33.650, 4013
38.1356,13.0834,33.720, 4012
38.1343,13.0814,33.830, 4011
38.1330,13.0806,33.820, 4011
38.1285,13.0756,33.750, 4010
38.1265,13.0713,33.700, 4011
38.1368,13.0849,33.590, 4012
38.1410,13.0903,33.500, 4014
38.1414,13.0931,33.490, 4014
38.1390,13.0897,33.490, 4013
38.1305,13.0780,33.510, 4013
38.1296,13.0765,33.570, 4012
38.1265,13.0741,33.620, 4013
38.1231,13.0690,33.630, 4013
38.1273,13.0727,33.670, 4013
38.1196,13.0662,33.680, 4013
38.1198,13.0630,33.640, 4012
38.1198,13.0645,33.630, 4013
38.1164,13.0621,33.640, 4013
38.1104,13.0545,33.610, 4013
38.1122,13.0547,33.610, 4012
38.1015,13.0434,33.600, 4011
38.0930,13.0303,33.600, 4010
38.0930,13.0291,33.570, 4011
38.0916,13.0292,33.550, 4013
38.0887,13.0257,33.580, 4014
38.0887,13.0260,33.610, 4014
38.0885,13.0247,33.610, 4015
38.0876,13.0256,33.640, 4013
38.0854,13.0228,33.630, 4012
38.0825,13.0187,33.610, 4012
38.0809,13.0156,33.600, 4013
38.0765,13.0113,33.570, 4015
38.0724,13.0061,33.520, 4015
38.0727,13.0059,33.560, 4014
38.0849,13.0198,33.560, 4014
38.0840,13.0245,33.560, 4014
38.0858,13.0250,33.610, 4012
38.0733,13.0087,33.640, 4013
38.0731,13.0094,33.600, 4014
38.0698,13.0024,33.580, 4014
38.0840,13.0194,33.570, 4015
38.0749,13.0110,33.550, 4014
38.0629,12.9961,33.550, 4014
38.0637,12.9957,33.610, 4015
38.0615,12.9937,33.690, 4015
38.0446,12.9703,33.690, 4013
38.0337,12.9584,33.640, 4012
38.0412,12.9649,33.620, 4013
38.0619,12.9885,33.550, 4014
38.0722,13.0069,33.440, 4016
38.0834,13.0216,33.390, 4016
38.0722,13.0108,33.420, 4015
38.0869,13.0256,33.490, 4015
38.0823,13.0198,33.570, 4013
38.0830,13.0189,33.650, 4012
38.0820,13.0210,33.710, 4012
38.0690,13.0037,33.740, 4012
38.0702,13.0064,33.660, 4012
38.0988,13.0385,33.540, 4013
38.1061,13.0506,33.490, 4015
38.1113,13.0592,33.480, 4016
38.1129,13.0610,33.460, 4016
38.1129,13.0614,33.530, 4014
38.1132,13.0607,33.580, 4013
38.1142,13.0618,33.590, 4013
38.1146,13.0617,33.580, 4013
38.1135,13.0610,33.570, 4013
38.1115,13.0583,33.550, 4013
38.1111,13.0555,33.510, 4013
38.1117,13.0574,33.530, 4014
38.1120,13.0582,33.560, 4015
38.1108,13.0571,33.560, 4014
38.1104,13.0558,33.570, 4013
38.1108,13.0556,33.600, 4013
38.1093,13.0545,33.560, 4013
38.1073,13.0519,33.510, 4013
38.1075,13.0515,33.510, 4013
38.1028,13.0459,33.500, 4014
38.1039,13.0450,33.510, 4015
38.1084,13.0540,33.580, 4014
38.0997,13.0424,33.640, 4013
38.1008,13.0435,33.640, 4012
38.0997,13.0410,33.600, 4013
38.1019,13.0441,33.570, 4014
38.1093,13.0531,33.530, 4015
38.1111,13.0578,33.480, 4014
38.1104,13.0561,33.460, 4015
38.1093,13.0545,33.480, 4016
38.1097,13.0547,33.500, 4016
38.1122,13.0577,33.540, 4015
38.1097,13.0558,33.570, 4016
38.1120,13.0575,33.630, 4015
38.1117,13.0572,33.750, 4016
38.1059,13.0491,33.880, 4017
38.1026,13.0468,34.020, 4017
38.1006,13.0426,34.180, 4016
38.0869,13.0271,34.400, 4014
38.0649,13.0001,34.620, 4012
38.0588,12.9881,34.850, 4011
38.0510,12.9769,35.060, 4011
38.0350,12.9581,35.260, 4011
38.0227,12.9414,35.450, 4011
38.0147,12.9315,35.630, 4012
38.0069,12.9222,35.840, 4015
37.9765,12.8870,36.070, 4015
37.9304,12.8225,36.300, 4014
37.9131,12.7971,36.560, 4012
37.9034,12.7840,36.830, 4011
37.8950,12.7741,37.080, 4009
37.8885,12.7659,37.340, 4009
37.8670,12.7400,37.610, 4006
37.8077,12.6575,37.890, 4000
37.7100,12.5279,38.190, 3988
37.3912,12.0896,38.530, 3963
37.3067,11.9367,38.820, 3923
37.2476,11.8530,39.100, 3871
37.1765,11.7596,39.380, 3818
37.1331,11.7000,39.640, 3773
37.0801,11.6327,39.880, 3735
37.0205,11.5517,40.150, 3702
36.9380,11.4344,40.400, 3669
36.8952,11.3674,40.640, 3635
36.8717,11.3369,40.920, 3602
36.8574,11.3215,41.210, 3573
36.8514,11.3118,41.470, 3549
36.8453,11.3107,41.750, 3532
36.8446,11.3103,42.070, 3517
36.8381,11.3027,42.370, 3507
36.8365,11.3003,42.650, 3496
36.8314,11.2969,42.920, 3487
36.8117,11.2779,43.200, 3479
36.7946,11.2455,43.450, 3468
36.7835,11.2283,43.690, 3457
36.7770,11.2229,43.980, 3446
36.7731,11.2190,44.250, 3436
36.7700,11.2171,44.510, 3428
36.7249,11.1584,44.810, 3421
36.6884,11.1036,45.110, 3412
36.6534,11.0495,45.370, 3399
36.6259,11.0088,45.640, 3384
36.5707,10.9313,45.940, 3370
36.5470,10.8943,46.220, 3355
36.5087,10.8474,46.480, 3340
36.4855,10.8143,46.730, 3326
36.4620,10.7832,46.980, 3314
36.4390,10.7534,47.240, 3303
36.4228,10.7324,47.490, 3293
36.4030,10.7056,47.740, 3284
36.3920,10.6921,48.010, 3276
36.3688,10.6640,48.310, 3271
36.3377,10.6237,48.590, 3264
36.3193,10.5931,48.850, 3257
36.3085,10.5755,49.120, 3249
36.2917,10.5574,49.420, 3241
36.2613,10.5162,49.720, 3232
36.2453,10.4934,50.010, 3225
36.2226,10.4658,50.330, 3220
36.1949,10.4227,50.650, 3213
36.1627,10.3762,50.920, 3202
36.1191,10.3128,51.190, 3190
36.0963,10.2773,51.450, 3178
36.0629,10.2338,51.660, 3166
36.0321,10.1903,51.850, 3155
36.0190,10.1737,52.060, 3147
36.0022,10.1527,52.260, 3140
35.9863,10.1349,52.500, 3135
35.9631,10.1044,52.790, 3132
35.9270,10.0572,53.120, 3129
35.9047,10.0298,53.430, 3125
35.8471,9.9739,53.750, 3121
35.7842,9.8632,54.080, 3116
35.7312,9.7822,54.380, 3108
35.6556,9.6594,54.650, 3098
35.6383,9.6271,54.910, 3086
35.6168,9.6022,55.170, 3076
35.5914,9.5642,55.400, 3067
35.5788,9.5493,55.640, 3062
35.5769,9.5484,55.920, 3056
35.5758,9.5508,56.190, 3053
35.5491,9.5270,56.430, 3050
35.5284,9.4872,56.670, 3047
35.5019,9.4478,56.910, 3046
35.4969,9.4413,57.140, 3043
35.4858,9.4278,57.370, 3041
35.4761,9.4145,57.640, 3039
35.4632,9.3979,57.950, 3036
35.4553,9.3869,58.270, 3035
35.4481,9.3786,58.580, 3032
35.4377,9.3652,58.890, 3030
35.4221,9.3410,59.180, 3028
35.4014,9.3056,59.440, 3024
35.3804,9.2614,59.720, 3019
35.3684,9.2237,59.960, 3013
35.3580,9.1952,60.180, 3003
35.3478,9.1672,60.400, 2990
35.3390,9.1471,60.680, 2976
35.3317,9.1331,60.930, 2962
35.3279,9.1271,61.200, 2949
35.3239,9.1220,61.510, 2939
35.3180,9.1153,61.820, 2932
35.3171,9.1131,62.080, 2927
35.3141,9.1096,62.340, 2924
35.3103,9.1046,62.620, 2921
35.3043,9.0924,62.880, 2918
35.3014,9.0871,63.110, 2916
35.2994,9.0841,63.370, 2912
35.2999,9.0802,63.630, 2910
35.2979,9.0691,63.880, 2907
35.2947,9.0565,64.160, 2904
35.2903,9.0348,64.470, 2899
35.2861,9.0231,64.740, 2895
35.2844,9.0180,65.010, 2889
35.2834,9.0132,65.290, 2883
35.2832,9.0091,65.530, 2879
35.2823,9.0071,65.780, 2875
35.2811,9.0070,66.040, 2871
35.2883,8.9927,66.300, 2868
35.3016,8.9548,66.580, 2865
35.3020,8.9178,66.860, 2855
35.2996,8.8956,67.150, 2841
35.2958,8.8811,67.430, 2823
35.2956,8.8710,67.660, 2807
35.2934,8.8631,67.930, 2794
35.2927,8.8551,68.200, 2784
35.2914,8.8520,68.430, 2775
35.2898,8.8482,68.670, 2768
35.2891,8.8452,68.940, 2763
35.2868,8.8407,69.180, 2760
35.2847,8.8312,69.440, 2757
35.2837,8.8275,69.730, 2754
35.2816,8.8228,70.030, 2752
35.2778,8.8143,70.310, 2750
35.2705,8.7942,70.600, 2747
35.2643,8.7754,70.890, 2744
35.2624,8.7720,71.170, 2742
35.2612,8.7702,71.430, 2738
35.2601,8.7676,71.650, 2736
35.2588,8.7655,71.900, 2734
35.2575,8.7634,72.130, 2732
35.2555,8.7611,72.330, 2731
35.2479,8.7478,72.580, 2729
35.2379,8.7158,72.870, 2728
35.2343,8.7021,73.140, 2725
35.2320,8.6976,73.410, 2721
35.2297,8.6931,73.700, 2718
35.2274,8.6889,74.010, 2714
35.2261,8.6866,74.280, 2712
35.2244,8.6828,74.540, 2710
35.2236,8.6818,74.830, 2709
35.2230,8.6813,75.110, 2709
35.2220,8.6806,75.350, 2707
35.2197,8.6754,75.620, 2707
35.2189,8.6735,75.870, 2706
35.2143,8.6637,76.100, 2705
35.2082,8.6521,76.360, 2704
35.2033,8.6419,76.600, 2703
35.1984,8.6342,76.830, 2701
35.1882,8.6166,77.120, 2700
35.1832,8.6035,77.430, 2699
35.1813,8.6007,77.710, 2698
35.1799,8.5992,77.980, 2697
35.1789,8.5981,78.280, 2697
35.1751,8.5933,78.570, 2697
35.1696,8.5839,78.810, 2698
35.1653,8.5766,79.070, 2697
35.1600,8.5666,79.340, 2699
35.1598,8.5657,79.580, 2699
35.1585,8.5645,79.780, 2699
35.1583,8.5647,80.020, 2699
35.1574,8.5647,80.280, 2699
35.1569,8.5637,80.520, 2700
35.1556,8.5624,80.800, 2700
35.1551,8.5606,81.110, 2701
35.1538,8.5586,81.380, 2701
35.1523,8.5560,81.640, 2701
35.1506,8.5527,81.940, 2701
35.1498,8.5515,82.240, 2701
35.1491,8.5504,82.510, 2701
35.1477,8.5482,82.810, 2701
35.1421,8.5388,83.110, 2702
35.1367,8.5280,83.370, 2703
35.1336,8.5220,83.630, 2703
35.1323,8.5192,83.910, 2703
35.1313,8.5175,84.140, 2704
35.1298,8.5145,84.370, 2705
35.1263,8.5089,84.660, 2704
35.1226,8.5021,84.950, 2705
35.1164,8.4904,85.200, 2705
35.1143,8.4842,85.490, 2707
35.1130,8.4802,85.800, 2708
35.1122,8.4767,86.080, 2709
35.1118,8.4760,86.360, 2709
35.1120,8.4726,86.660, 2709
35.1115,8.4701,86.940, 2708
35.1115,8.4695,87.190, 2708
35.1096,8.4588,87.430, 2708
35.1058,8.4366,87.690, 2706
35.1012,8.4184,87.920, 2704
35.0998,8.4142,88.110, 2700
35.0989,8.4127,88.330, 2698
35.0977,8.4088,88.590, 2694
35.0964,8.4041,88.850, 2691
35.0958,8.4008,89.140, 2690
35.0954,8.3985,89.460, 2689
35.0956,8.3963,89.770, 2690
35.0955,8.3955,90.030, 2690
35.0955,8.3954,90.310, 2689
35.0960,8.3937,90.600, 2690
35.0960,8.3929,90.840, 2689
35.0963,8.3923,91.080, 2690
35.0969,8.3912,91.330, 2690
35.0971,8.3908,91.560, 2689
35.0973,8.3896,91.780, 2688
35.0973,8.3895,92.030, 2687
35.0970,8.3880,92.290, 2686
35.0963,8.3851,92.550, 2686
35.0961,8.3825,92.830, 2685
35.0958,8.3818,93.130, 2684
35.0958,8.3806,93.400, 2682
35.0956,8.3792,93.670, 2680
35.0956,8.3787,93.920, 2679
35.0956,8.3793,94.180, 2677
35.0963,8.3782,94.450, 2676
35.0973,8.3755,94.680, 2674
35.0973,8.3732,94.930, 2672
35.0973,8.3721,95.190, 2669
35.0971,8.3691,95.420, 2666
35.0966,8.3648,95.680, 2664
35.0965,8.3642,95.970, 2661
35.0948,8.3591,96.240, 2659
35.0927,8.3502,96.490, 2656
35.0877,8.3324,96.770, 2653
35.0858,8.3208,97.040, 2650
35.0852,8.3150,97.280, 2645
35.0856,8.3114,97.550, 2639
35.0857,8.3106,97.810, 2633
35.0857,8.3096,98.050, 2627
35.0857,8.3091,98.320, 2622
35.0856,8.3089,98.610, 2619
35.0856,8.3091,98.880, 2616
35.0856,8.3086,99.150, 2614
35.0864,8.3088,99.420, 2613
35.0870,8.3091,99.660, 2611
35.0880,8.3089,99.910, 2610
35.0890,8.3094,100.160, 2608
35.0911,8.3096,100.370, 2608
35.0924,8.3094,100.630, 2606
35.0935,8.3091,100.910, 2604
35.0949,8.3090,101.180, 2602
35.0971,8.3078,101.430, 2599
35.0992,8.3073,101.700, 2596
35.1007,8.3075,101.980, 2593
35.1022,8.3072,102.230, 2590
35.1039,8.3071,102.490, 2587
35.1045,8.3063,102.790, 2584
35.1054,8.3066,103.050, 2580
35.1098,8.3060,103.290, 2578
35.1154,8.3048,103.580, 2574
35.1216,8.3033,103.850, 2571
35.1286,8.2995,104.080, 2564
35.1324,8.2948,104.330, 2556
35.1362,8.2948,104.610, 2545
35.1395,8.2960,104.880, 2535
35.1418,8.2964,105.130, 2524
35.1426,8.2970,105.410, 2515
35.1435,8.2972,105.690, 2507
35.1443,8.2970,105.940, 2502
35.1470,8.2974,106.190, 2497
35.1488,8.2974,106.440, 2493
35.1493,8.2974,106.680, 2489
35.1491,8.2977,106.940, 2485
35.1495,8.2973,107.190, 2482
35.1514,8.2952,107.430, 2479
35.1508,8.2957,107.700, 2477
35.1514,8.2955,107.970, 2475
35.1528,8.2941,108.240, 2474
35.1534,8.2923,108.520, 2472
35.1539,8.2921,108.780, 2469
35.1542,8.2913,109.060, 2468
35.1544,8.2914,109.330, 2465
35.1549,8.2906,109.570, 2462
35.1553,8.2903,109.810, 2461
35.1554,8.2904,110.050, 2460
35.1559,8.2900,110.300, 2458
35.1559,8.2893,110.540, 2458
35.1566,8.2892,110.810, 2456
35.1570,8.2887,111.090, 2455
35.1574,8.2885,111.340, 2454
35.1580,8.2880,111.590, 2453
35.1584,8.2878,111.870, 2451
35.1589,8.2870,112.140, 2450
35.1597,8.2846,112.410, 2449
35.1601,8.2818,112.680, 2448
35.1604,8.2809,112.960, 2447
35.1609,8.2768,113.220, 2445
35.1607,8.2740,113.470, 2444
35.1601,8.2723,113.720, 2441
35.1599,8.2694,113.960, 2438
35.1595,8.2669,114.200, 2436
35.1587,8.2626,114.440, 2435
35.1580,8.2590,114.690, 2433
35.1574,8.2563,114.950, 2431
35.1567,8.2545,115.210, 2429
35.1563,8.2522,115.470, 2426
35.1587,8.2476,115.730, 2424
35.1616,8.2433,116.000, 2421
35.1640,8.2380,116.270, 2417
35.1666,8.2347,116.530, 2411
35.1678,8.2340,116.790, 2403
35.1699,8.2330,117.070, 2395
35.1723,8.2326,117.330, 2388
35.1740,8.2332,117.580, 2381
35.1751,8.2331,117.850, 2375
35.1764,8.2324,118.120, 2369
35.1770,8.2321,118.340, 2364
35.1772,8.2318,118.580, 2360
35.1781,8.2318,118.860, 2357
35.1784,8.2315,119.100, 2354
35.1787,8.2313,119.330, 2351
35.1787,8.2305,119.610, 2350
35.1792,8.2300,119.890, 2348
35.1793,8.2290,120.150, 2346
35.1793,8.2282,120.400, 2345
35.1789,8.2265,120.680, 2343
35.1792,8.2253,120.950, 2341
35.1791,8.2250,121.190, 2339
35.1791,8.2247,121.450, 2338
35.1789,8.2236,121.700, 2336
35.1787,8.2238,121.960, 2336
35.1792,8.2236,122.200, 2335
35.1787,8.2231,122.470, 2334
35.1785,8.2228,122.760, 2334
35.1785,8.2223,123.030, 2333
35.1787,8.2222,123.290, 2332
35.1789,8.2222,123.550, 2332
35.1789,8.2221,123.820, 2332
35.1785,8.2218,124.070, 2332
35.1783,8.2204,124.290, 2332
35.1783,8.2196,124.540, 2332
35.1772,8.2170,124.790, 2331
35.1768,8.2149,125.060, 2330
35.1747,8.2085,125.330, 2329
35.1745,8.2052,125.610, 2328
35.1751,8.2034,125.880, 2325
35.1749,8.2008,126.130, 2322
35.1755,8.1975,126.390, 2318
35.1753,8.1960,126.660, 2315
35.1754,8.1947,126.910, 2312
35.1749,8.1936,127.180, 2308
35.1747,8.1930,127.440, 2305
35.1749,8.1921,127.700, 2302
35.1754,8.1904,127.960, 2300
35.1747,8.1882,128.200, 2297
35.1741,8.1846,128.450, 2295
35.1749,8.1822,128.690, 2291
35.1770,8.1809,128.930, 2286
35.1774,8.1804,129.200, 2281
35.1773,8.1792,129.470, 2275
35.1773,8.1780,129.730, 2270
35.1781,8.1775,130.000, 2266
35.1791,8.1773,130.270, 2263
35.1793,8.1773,130.530, 2260
35.1798,8.1774,130.790, 2257
35.1805,8.1770,131.040, 2255
35.1812,8.1772,131.290, 2252
35.1822,8.1775,131.530, 2250
35.1837,8.1766,131.790, 2247
35.1877,8.1763,132.050, 2245
35.1889,8.1765,132.310, 2242
35.1895,8.1766,132.580, 2238
35.1914,8.1765,132.840, 2234
35.1926,8.1750,133.120, 2230
35.1941,8.1749,133.380, 2227
35.1960,8.1723,133.640, 2223
35.1963,8.1691,133.910, 2220
35.1961,8.1678,134.160, 2218
35.1958,8.1659,134.410, 2218
35.1954,8.1639,134.670, 2218
35.1950,8.1620,134.920, 2218
35.1948,8.1601,135.150, 2217
35.1945,8.1575,135.420, 2217
35.1943,8.1547,135.680, 2217
35.1941,8.1537,135.940, 2216
35.1944,8.1536,136.220, 2213
35.1945,8.1528,136.510, 2211
35.1947,8.1518,136.760, 2211
35.1952,8.1505,137.030, 2212
35.1956,8.1484,137.300, 2215
35.1954,8.1459,137.540, 2216
35.1954,8.1442,137.770, 2215
35.1950,8.1427,138.030, 2213
35.1950,8.1415,138.290, 2209
35.1947,8.1408,138.540, 2207
35.1943,8.1394,138.810, 2205
35.1939,8.1350,139.070, 2203
35.1946,8.1326,139.310, 2201
35.1933,8.1276,139.570, 2199
35.1939,8.1254,139.830, 2197
35.1933,8.1242,140.070, 2195
35.1920,8.1231,140.330, 2192
35.1889,8.1190,140.600, 2191
35.1893,8.1180,140.850, 2189
35.1897,8.1181,141.110, 2187
35.1895,8.1175,141.400, 2186
35.1898,8.1176,141.670, 2185
35.1896,8.1172,141.920, 2184
35.1888,8.1160,142.190, 2184
35.1886,8.1147,142.460, 2183
35.1885,8.1145,142.690, 2183
35.1879,8.1132,142.940, 2183
35.1878,8.1125,143.190, 2184
35.1873,8.1116,143.440, 2183
35.1885,8.1116,143.710, 2183
35.1885,8.1111,144.000, 2183
35.1871,8.1087,144.250, 2182
35.1835,8.1034,144.510, 2182
35.1814,8.1003,144.770, 2182
35.1810,8.0991,145.040, 2182
35.1819,8.0986,145.290, 2182
35.1824,8.0988,145.530, 2181
35.1827,8.0973,145.790, 2180
35.1896,8.1022,146.050, 2179
35.1894,8.1018,146.300, 2178
35.1863,8.0975,146.580, 2177
35.1846,8.0953,146.840, 2177
35.1789,8.0892,147.090, 2176
35.1777,8.0869,147.360, 2176
35.1775,8.0864,147.610, 2176
35.1767,8.0855,147.870, 2176
35.1754,8.0830,148.140, 2176
35.1748,8.0821,148.410, 2176
35.1748,8.0813,148.670, 2176
35.1784,8.0834,148.950, 2177
35.1827,8.0864,149.220, 2177
35.1823,8.0868,149.440, 2176
35.1840,8.0873,149.700, 2175
35.1854,8.0875,149.970, 2173
35.1861,8.0866,150.210, 2172
35.1858,8.0855,150.450, 2170
35.1860,8.0853,150.710, 2169
35.1857,8.0843,150.970, 2167
35.1861,8.0836,151.210, 2166
35.1867,8.0832,151.480, 2165
35.1867,8.0817,151.750, 2165
35.1850,8.0794,152.010, 2165
35.1850,8.0795,152.280, 2165
35.1842,8.0779,152.560, 2165
35.1802,8.0733,152.820, 2164
35.1788,8.0703,153.080, 2164
35.1778,8.0681,153.350, 2164
35.1798,8.0706,153.600, 2165
35.1798,8.0711,153.850, 2165
35.1859,8.0784,154.110, 2165
35.1769,8.0688,154.370, 2165
35.1710,8.0607,154.640, 2164
35.1700,8.0589,154.900, 2165
35.1700,8.0588,155.150, 2166
35.1705,8.0591,155.400, 2167
35.1701,8.0592,155.650, 2167
35.1700,8.0593,155.910, 2168
35.1703,8.0587,156.180, 2168
35.1688,8.0567,156.460, 2168
35.1695,8.0565,156.740, 2168
35.1692,8.0562,157.000, 2168
35.1694,8.0561,157.260, 2168
35.1699,8.0560,157.500, 2168
35.1697,8.0566,157.750, 2168
35.1697,8.0559,157.990, 2167
35.1698,8.0556,158.250, 2167
35.1700,8.0560,158.520, 2166
35.1697,8.0559,158.800, 2167
35.1701,8.0561,159.060, 2167
35.1705,8.0570,159.320, 2167
35.1703,8.0569,159.580, 2166
35.1703,8.0568,159.840, 2166
35.1701,8.0554,160.080, 2167
35.1686,8.0523,160.330, 2167
35.1686,8.0509,160.600, 2166
35.1690,8.0500,160.860, 2166
35.1695,8.0503,161.120, 2165
35.1712,8.0502,161.370, 2164
35.1715,8.0496,161.650, 2164
35.1717,8.0496,161.920, 2163
35.1716,8.0494,162.150, 2161
35.1723,8.0494,162.410, 2161
35.1731,8.0496,162.680, 2160
35.1732,8.0498,162.940, 2159
35.1736,8.0496,163.190, 2158
35.1738,8.0494,163.470, 2158
35.1740,8.0501,163.740, 2158
35.1747,8.0497,163.990, 2157
35.1755,8.0498,164.250, 2157
35.1761,8.0499,164.530, 2156
35.1759,8.0500,164.780, 2156
35.1763,8.0499,165.010, 2155
35.1761,8.0497,165.260, 2155
35.1783,8.0499,165.520, 2155
35.1791,8.0499,165.780, 2154
35.1792,8.0500,166.040, 2153
35.1799,8.0499,166.330, 2153
35.1832,8.0515,166.580, 2152
35.1851,8.0524,166.820, 2150
35.1870,8.0537,167.100, 2149
35.1882,8.0545,167.360, 2147
35.1884,8.0547,167.590, 2145
35.1891,8.0550,167.850, 2143
35.1894,8.0553,168.120, 2142
35.1898,8.0555,168.370, 2140
35.1903,8.0554,168.610, 2139
35.1915,8.0560,168.880, 2139
35.1917,8.0558,169.140, 2138
35.1919,8.0557,169.370, 2138
35.1930,8.0556,169.620, 2137
35.1943,8.0560,169.880, 2136
35.1947,8.0549,170.110, 2136
35.1946,8.0538,170.370, 2135
35.1971,8.0543,170.660, 2133
35.1990,8.0548,170.930, 2132
35.2017,8.0564,171.170, 2131
35.2028,8.0573,171.440, 2130
35.2036,8.0570,171.700, 2128
35.2047,8.0570,171.940, 2126
35.2054,8.0566,172.210, 2124
35.2071,8.0558,172.470, 2122
35.2082,8.0551,172.720, 2120
35.2081,8.0538,172.970, 2118
35.2060,8.0489,173.220, 2116
35.2049,8.0464,173.470, 2115
35.2045,8.0455,173.730, 2113
35.2049,8.0457,173.990, 2112
35.2042,8.0444,174.260, 2111
35.2036,8.0435,174.520, 2111
35.2032,8.0426,174.790, 2111
35.2030,8.0425,175.050, 2110
35.2024,8.0419,175.320, 2109
35.2015,8.0411,175.580, 2109
35.2013,8.0398,175.840, 2109
35.1994,8.0384,176.090, 2109
35.1976,8.0364,176.350, 2109
35.1961,8.0340,176.590, 2108
35.1958,8.0332,176.850, 2109
35.1962,8.0328,177.120, 2108
35.1963,8.0328,177.390, 2108
35.1961,8.0325,177.660, 2109
35.1960,8.0316,177.910, 2109
35.1960,8.0313,178.160, 2109
35.1955,8.0309,178.440, 2108
35.1955,8.0306,178.670, 2108
35.1954,8.0303,178.920, 2107
35.1954,8.0302,179.190, 2107
35.1953,8.0295,179.460, 2107
35.1951,8.0292,179.720, 2106
35.1954,8.0288,180.000, 2106
35.1952,8.0285,180.270, 2106
35.1947,8.0279,180.500, 2106
35.1939,8.0259,180.770, 2106
35.1928,8.0213,181.030, 2105
35.1934,8.0199,181.250, 2104
35.1943,8.0186,181.500, 2103
35.1941,8.0178,181.780, 2101
35.1934,8.0157,182.050, 2100
35.1926,8.0137,182.290, 2099
35.1912,8.0105,182.570, 2097
35.1891,8.0045,182.850, 2096
35.1883,8.0022,183.100, 2094
35.1886,8.0023,183.340, 2092
35.1893,8.0029,183.620, 2090
35.1895,8.0033,183.870, 2088
35.1909,8.0015,184.120, 2087
35.1909,7.9999,184.380, 2085
35.1878,7.9950,184.650, 2083
35.1849,7.9913,184.900, 2081
35.1824,7.9871,185.150, 2078
35.1819,7.9857,185.440, 2077
35.1817,7.9847,185.680, 2076
35.1812,7.9834,185.940, 2075
35.1816,7.9824,186.210, 2075
35.1802,7.9810,186.470, 2074
35.1773,7.9779,186.710, 2073
35.1760,7.9756,186.980, 2073
35.1762,7.9748,187.250, 2072
35.1764,7.9743,187.490, 2071
35.1768,7.9747,187.750, 2070
35.1770,7.9746,188.030, 2070
35.1770,7.9740,188.300, 2069
35.1768,7.9730,188.550, 2068
35.1762,7.9721,188.810, 2068
35.1770,7.9713,189.090, 2067
35.1781,7.9721,189.340, 2065
35.1777,7.9714,189.590, 2064
35.1779,7.9707,189.870, 2064
35.1762,7.9678,190.140, 2062
35.1754,7.9662,190.380, 2061
35.1752,7.9656,190.650, 2060
35.1724,7.9629,190.920, 2059
35.1707,7.9601,191.150, 2059
35.1700,7.9576,191.400, 2058
35.1695,7.9570,191.670, 2057
35.1694,7.9565,191.930, 2056
35.1687,7.9562,192.180, 2056
35.1679,7.9530,192.460, 2055
35.1650,7.9468,192.730, 2055
35.1635,7.9434,192.970, 2054
35.1626,7.9418,193.250, 2052
35.1596,7.9384,193.520, 2051
35.1571,7.9343,193.770, 2050
35.1563,7.9323,194.010, 2049
35.1558,7.9313,194.290, 2048
35.1551,7.9306,194.540, 2047
35.1543,7.9298,194.780, 2046
35.1534,7.9288,195.050, 2046
35.1517,7.9270,195.300, 2046
35.1502,7.9249,195.550, 2046
35.1487,7.9233,195.820, 2047
35.1485,7.9225,196.090, 2046
35.1482,7.9218,196.330, 2047
35.1463,7.9195,196.580, 2047
35.1432,7.9151,196.830, 2047
35.1394,7.9087,197.070, 2046
35.1368,7.9049,197.320, 2046
35.1359,7.9035,197.600, 2045
35.1345,7.9014,197.860, 2044
35.1321,7.8987,198.110, 2044
35.1294,7.8942,198.370, 2043
35.1285,7.8925,198.630, 2042
35.1280,7.8920,198.890, 2042
35.1261,7.8893,199.150, 2042
35.1240,7.8857,199.410, 2041
35.1232,7.8838,199.650, 2041
35.1221,7.8815,199.900, 2040
35.1209,7.8789,200.150, 2039
35.1199,7.8772,200.420, 2038
35.1178,7.8738,200.690, 2037
35.1160,7.8691,200.950, 2036
35.1153,7.8675,201.210, 2034
35.1149,7.8670,201.480, 2033
35.1143,7.8660,201.740, 2032
35.1135,7.8648,201.980, 2031
35.1122,7.8627,202.250, 2030
35.1115,7.8618,202.510, 2030
35.1113,7.8610,202.770, 2028
35.1104,7.8600,203.030, 2028
35.1079,7.8557,203.290, 2027
35.1042,7.8488,203.550, 2027
35.0983,7.8392,203.810, 2026
35.0928,7.8300,204.080, 2025
35.0885,7.8246,204.340, 2023
35.0871,7.8222,204.600, 2020
35.0873,7.8221,204.860, 2018
35.0878,7.8236,205.100, 2017
35.0863,7.8218,205.380, 2015
35.0861,7.8215,205.650, 2014
35.0858,7.8211,205.910, 2014
35.0858,7.8211,206.160, 2013
35.0852,7.8204,206.440, 2013
35.0843,7.8191,206.700, 2013
35.0836,7.8182,206.940, 2012
35.0834,7.8177,207.190, 2012
35.0828,7.8175,207.470, 2012
35.0805,7.8139,207.730, 2011
35.0790,7.8113,207.990, 2011
35.0786,7.8102,208.270, 2010
35.0775,7.8087,208.550, 2009
35.0766,7.8077,208.790, 2007
35.0758,7.8065,209.040, 2006
35.0745,7.8043,209.300, 2006
35.0737,7.8027,209.540, 2005
35.0728,7.8017,209.780, 2005
35.0726,7.8011,210.060, 2004
35.0716,7.7998,210.350, 2003
35.0706,7.7984,210.600, 2002
35.0700,7.7968,210.860, 2001
35.0687,7.7953,211.130, 2000
35.0669,7.7927,211.370, 2001
35.0665,7.7913,211.610, 2000
35.0663,7.7912,211.870, 1999
35.0658,7.7910,212.140, 1999
35.0650,7.7901,212.390, 1998
35.0650,7.7895,212.650, 1998
35.0650,7.7893,212.910, 1997
35.0650,7.7891,213.160, 1996
35.0650,7.7894,213.420, 1996
35.0648,7.7894,213.690, 1996
35.0633,7.7879,213.940, 1996
35.0620,7.7855,214.180, 1995
35.0618,7.7853,214.470, 1995
35.0578,7.7805,214.730, 1995
35.0524,7.7737,214.970, 1994
35.0468,7.7655,215.260, 1992
35.0397,7.7550,215.550, 1989
35.0374,7.7506,215.800, 1985
35.0346,7.7475,216.060, 1982
35.0340,7.7465,216.350, 1980
35.0340,7.7463,216.610, 1978
35.0327,7.7448,216.860, 1976
35.0321,7.7442,217.150, 1975
35.0321,7.7440,217.430, 1974
35.0319,7.7432,217.670, 1973
35.0304,7.7416,217.940, 1972
35.0281,7.7381,218.220, 1970
35.0246,7.7328,218.460, 1969
35.0228,7.7302,218.720, 1967
35.0215,7.7283,219.000, 1965
35.0204,7.7269,219.250, 1964
35.0198,7.7260,219.490, 1964
35.0166,7.7226,219.760, 1964
35.0143,7.7191,220.020, 1964
35.0137,7.7176,220.250, 1964
35.0130,7.7171,220.510, 1963
35.0128,7.7167,220.790, 1963
35.0124,7.7158,221.030, 1963
35.0120,7.7159,221.290, 1962
35.0122,7.7161,221.560, 1962
35.0124,7.7158,221.810, 1962
35.0122,7.7162,222.070, 1961
35.0126,7.7161,222.340, 1961
35.0124,7.7156,222.600, 1961
35.0122,7.7156,222.840, 1960
35.0115,7.7146,223.080, 1960
35.0113,7.7146,223.320, 1960
35.0113,7.7138,223.560, 1960
35.0111,7.7136,223.800, 1960
35.0113,7.7138,224.060, 1960
35.0112,7.7137,224.310, 1960
35.0112,7.7137,224.540, 1959
35.0114,7.7135,224.800, 1959
35.0114,7.7135,225.080, 1958
35.0114,7.7133,225.320, 1958
35.0111,7.7132,225.570, 1958
35.0107,7.7120,225.840, 1958
35.0099,7.7114,226.110, 1958
35.0082,7.7090,226.360, 1957
35.0067,7.7062,226.600, 1957
35.0063,7.7051,226.870, 1957
35.0056,7.7045,227.140, 1956
35.0052,7.7038,227.390, 1956
35.0050,7.7031,227.620, 1955
35.0048,7.7029,227.880, 1954
35.0040,7.7015,228.150, 1954
35.0031,7.7011,228.390, 1953
35.0023,7.6994,228.660, 1953
35.0019,7.6989,228.940, 1952
35.0019,7.6984,229.190, 1952
35.0013,7.6981,229.440, 1952
35.0001,7.6961,229.710, 1951
34.9995,7.6952,229.960, 1951
34.9986,7.6937,230.210, 1951
34.9978,7.6928,230.480, 1951
34.9965,7.6907,230.720, 1950
34.9959,7.6897,230.980, 1950
34.9952,7.6888,231.240, 1949
34.9940,7.6871,231.490, 1948
34.9916,7.6841,231.750, 1947
34.9889,7.6799,232.010, 1946
34.9879,7.6777,232.270, 1945
34.9879,7.6774,232.540, 1943
34.9862,7.6756,232.780, 1942
34.9864,7.6751,233.050, 1940
34.9862,7.6755,233.320, 1940
34.9841,7.6735,233.570, 1939
34.9808,7.6685,233.840, 1938
34.9798,7.6660,234.110, 1939
34.9790,7.6647,234.360, 1940
34.9783,7.6637,234.620, 1939
34.9770,7.6617,234.890, 1939
34.9758,7.6596,235.150, 1939
34.9737,7.6559,235.390, 1941
34.9734,7.6552,235.650, 1943
34.9726,7.6544,235.920, 1945
34.9705,7.6521,236.170, 1947
34.9643,7.6436,236.420, 1949
34.9559,7.6327,236.690, 1950
34.9487,7.6210,236.940, 1950
34.9438,7.6132,237.190, 1948
34.9400,7.6082,237.460, 1945
34.9366,7.6041,237.720, 1942
34.9358,7.6026,237.970, 1938
34.9356,7.6022,238.230, 1933
34.9354,7.6026,238.500, 1930
34.9356,7.6025,238.750, 1927
34.9349,7.6023,239.000, 1925
34.9349,7.6024,239.280, 1924
34.9341,7.6012,239.550, 1923
34.9328,7.5995,239.780, 1922
34.9316,7.5976,240.030, 1920
34.9311,7.5964,240.280, 1920
34.9282,7.5930,240.520, 1919
34.9265,7.5907,240.770, 1918
34.9248,7.5883,241.030, 1917
34.9240,7.5873,241.270, 1916
34.9237,7.5865,241.500, 1915
34.9235,7.5861,241.770, 1914
34.9218,7.5852,242.030, 1913
34.9203,7.5823,242.270, 1913
34.9199,7.5811,242.530, 1913
34.9195,7.5805,242.810, 1912
34.9184,7.5791,243.070, 1910
34.9170,7.5772,243.320, 1910
34.9157,7.5753,243.590, 1909
34.9149,7.5739,243.850, 1908
34.9149,7.5737,244.100, 1908
34.9147,7.5735,244.360, 1908
34.9138,7.5724,244.610, 1907
34.9132,7.5713,244.850, 1906
34.9121,7.5700,245.100, 1905
34.9111,7.5684,245.360, 1905
34.9101,7.5671,245.630, 1905
34.9082,7.5651,245.900, 1904
34.9068,7.5617,246.150, 1904
34.9062,7.5612,246.400, 1903
34.9043,7.5588,246.660, 1903
34.9029,7.5567,246.910, 1902
34.9027,7.5557,247.160, 1901
34.9022,7.5557,247.410, 1901
34.9025,7.5559,247.680, 1900
34.9024,7.5554,247.950, 1900
34.9024,7.5554,248.210, 1899
34.9022,7.5556,248.460, 1899
34.9014,7.5542,248.730, 1899
34.9001,7.5523,248.990, 1898
34.8992,7.5508,249.240, 1899
34.8982,7.5493,249.480, 1899
34.8982,7.5488,249.710, 1899
34.8978,7.5483,249.930, 1900
34.8976,7.5474,250.130, 1900
34.8971,7.5469,250.310, 1900
34.8971,7.5468,250.500, 1900
34.8967,7.5466,250.730, 1901
34.8967,7.5465,250.980, 1901
34.8967,7.5460,251.230, 1901
34.8967,7.5464,251.480, 1901
34.8971,7.5464,251.750, 1902
34.8965,7.5455,251.990, 1902
34.8967,7.5458,252.250, 1903
34.8967,7.5456,252.510, 1902
34.8969,7.5455,252.770, 1902
34.8967,7.5451,253.030, 1902
34.8955,7.5446,253.300, 1903
34.8944,7.5425,253.560, 1903
34.8944,7.5424,253.810, 1904
34.8947,7.5423,254.070, 1904
34.8944,7.5420,254.310, 1904
34.8921,7.5401,254.550, 1905
34.8906,7.5379,254.780, 1905
34.8917,7.5389,255.010, 1905
34.8893,7.5365,255.260, 1906
34.8889,7.5351,255.510, 1906
34.8910,7.5370,255.780, 1906
34.8885,7.5357,256.030, 1906
34.8874,7.5336,256.290, 1906
34.8883,7.5340,256.560, 1906
34.8915,7.5373,256.810, 1907
34.8885,7.5349,257.080, 1906
34.8830,7.5290,257.350, 1906
34.8763,7.5203,257.600, 1906
34.8743,7.5176,257.860, 1907
34.8720,7.5153,258.120, 1907
34.8699,7.5128,258.380, 1908
34.8666,7.5086,258.630, 1908
34.8640,7.5038,258.890, 1908
34.8627,7.5018,259.150, 1907
34.8606,7.5000,259.410, 1907
34.8550,7.4940,259.660, 1906
34.8514,7.4881,259.930, 1906
34.8503,7.4862,260.180, 1904
34.8482,7.4849,260.420, 1904
34.8444,7.4797,260.680, 1903
34.8423,7.4768,260.920, 1902
34.8403,7.4741,261.150, 1902
34.8378,7.4709,261.390, 1901
34.8366,7.4687,261.670, 1900
34.8349,7.4664,261.930, 1899
34.8332,7.4637,262.170, 1898
34.8324,7.4628,262.430, 1898
34.8322,7.4622,262.690, 1897
34.8320,7.4621,262.930, 1896
34.8318,7.4617,263.190, 1896
34.8309,7.4609,263.450, 1896
34.8296,7.4594,263.710, 1895
34.8284,7.4579,263.970, 1894
34.8276,7.4566,264.230, 1893
34.8269,7.4553,264.490, 1893
34.8263,7.4544,264.740, 1892
34.8259,7.4540,264.990, 1891
34.8259,7.4537,265.240, 1891
34.8257,7.4532,265.510, 1890
34.8244,7.4517,265.780, 1890
34.8224,7.4490,266.040, 1890
34.8212,7.4470,266.320, 1889
34.8198,7.4451,266.580, 1888
34.8191,7.4437,266.840, 1888
34.8189,7.4436,267.100, 1887
34.8187,7.4433,267.350, 1887
34.8185,7.4428,267.600, 1886
34.8183,7.4425,267.850, 1886
34.8162,7.4401,268.120, 1886
34.8128,7.4353,268.380, 1885
34.8118,7.4328,268.650, 1884
34.8101,7.4307,268.910, 1884
34.8080,7.4279,269.160, 1883
34.8074,7.4266,269.430, 1881
34.8069,7.4259,269.680, 1880
34.8065,7.4252,269.920, 1880
34.8052,7.4234,270.190, 1879
34.8042,7.4220,270.450, 1878
34.8034,7.4210,270.710, 1878
34.8023,7.4198,270.970, 1877
34.8025,7.4190,271.230, 1877
34.8025,7.4185,271.490, 1876
34.8023,7.4185,271.740, 1875
34.8023,7.4186,272.000, 1874
34.8019,7.4177,272.280, 1873
34.8007,7.4160,272.540, 1873
34.7992,7.4135,272.800, 1873
34.7979,7.4123,273.050, 1871
34.7958,7.4095,273.300, 1871
34.7939,7.4063,273.540, 1870
34.7928,7.4048,273.780, 1870
34.7922,7.4046,274.060, 1869
34.7921,7.4037,274.320, 1869
34.7906,7.4021,274.560, 1868
34.7899,7.4001,274.830, 1868
34.7895,7.3998,275.090, 1867
34.7867,7.3967,275.330, 1866
34.7806,7.3886,275.590, 1865
34.7783,7.3847,275.860, 1864
34.7732,7.3783,276.110, 1863
34.7708,7.3741,276.360, 1862
34.7699,7.3734,276.620, 1860
34.7701,7.3734,276.890, 1858
34.7687,7.3719,277.140, 1858
34.7689,7.3720,277.410, 1856
34.7672,7.3704,277.670, 1856
34.7663,7.3690,277.940, 1855
34.7621,7.3658,278.190, 1854
34.7626,7.3649,278.450, 1854
34.7615,7.3627,278.700, 1853
34.7600,7.3621,278.950, 1852
34.7586,7.3599,279.210, 1852
34.7575,7.3581,279.470, 1852
34.7567,7.3576,279.740, 1852
34.7552,7.3555,280.000, 1851
34.7548,7.3546,280.250, 1851
34.7539,7.3538,280.520, 1850
34.7527,7.3520,280.780, 1850
34.7500,7.3482,281.040, 1850
34.7487,7.3461,281.300, 1848
34.7472,7.3440,281.560, 1847
34.7464,7.3420,281.820, 1846
34.7455,7.3414,282.090, 1844
34.7445,7.3396,282.350, 1843
34.7443,7.3388,282.600, 1841
34.7439,7.3386,282.860, 1839
34.7437,7.3377,283.130, 1838
34.7435,7.3376,283.380, 1837
34.7424,7.3362,283.650, 1836
34.7416,7.3345,283.920, 1835
34.7411,7.3338,284.170, 1834
34.7411,7.3340,284.430, 1833
34.7409,7.3331,284.710, 1833
34.7390,7.3297,284.960, 1832
34.7369,7.3267,285.200, 1832
34.7306,7.3179,285.480, 1831
34.7258,7.3095,285.740, 1830
34.7248,7.3079,285.980, 1827
34.7241,7.3071,286.250, 1825
34.7239,7.3070,286.530, 1822
34.7237,7.3066,286.780, 1820
34.7216,7.3042,287.050, 1819
34.7178,7.2992,287.310, 1817
34.7159,7.2965,287.570, 1816
34.7149,7.2952,287.820, 1815
34.7111,7.2909,288.090, 1814
34.7076,7.2865,288.350, 1813
34.6976,7.2743,288.610, 1812
34.6918,7.2662,288.870, 1810
34.6887,7.2621,289.130, 1808
34.6872,7.2605,289.390, 1806
34.6864,7.2595,289.660, 1806
34.6853,7.2587,289.920, 1805
34.6845,7.2577,290.170, 1804
34.6841,7.2574,290.440, 1804
34.6843,7.2579,290.690, 1804
34.6843,7.2578,290.950, 1803
34.6834,7.2568,291.210, 1804
34.6836,7.2569,291.480, 1804
34.6835,7.2569,291.730, 1804
34.6836,7.2572,291.990, 1804
34.6836,7.2568,292.240, 1803
34.6837,7.2573,292.490, 1803
34.6837,7.2569,292.750, 1803
34.6839,7.2574,293.020, 1803
34.6841,7.2571,293.280, 1803
34.6839,7.2571,293.530, 1802
34.6841,7.2568,293.800, 1803
34.6837,7.2558,294.060, 1802
34.6834,7.2552,294.320, 1802
34.6824,7.2539,294.580, 1802
34.6816,7.2522,294.840, 1801
34.6797,7.2492,295.100, 1801
34.6786,7.2475,295.360, 1800
34.6767,7.2450,295.630, 1800
34.6755,7.2432,295.890, 1799
34.6751,7.2422,296.130, 1798
34.6736,7.2406,296.380, 1798
34.6723,7.2387,296.640, 1797
34.6719,7.2377,296.890, 1796
34.6709,7.2366,297.160, 1795
34.6673,7.2330,297.430, 1795
34.6610,7.2255,297.690, 1794
34.6561,7.2187,297.960, 1793
34.6512,7.2119,298.210, 1792
34.6491,7.2089,298.470, 1791
34.6478,7.2077,298.730, 1790
34.6458,7.2048,298.980, 1788
34.6451,7.2037,299.250, 1787
34.6413,7.1997,299.510, 1786
34.6377,7.1945,299.770, 1785
34.6367,7.1927,300.030, 1784
34.6359,7.1916,300.300, 1782
34.6351,7.1907,300.550, 1781
34.6344,7.1891,300.810, 1780
34.6338,7.1885,301.070, 1778
34.6317,7.1862,301.310, 1778
34.6310,7.1847,301.570, 1777
34.6307,7.1839,301.840, 1777
34.6303,7.1836,302.110, 1777
34.6303,7.1840,302.370, 1777
34.6305,7.1839,302.630, 1777
34.6303,7.1840,302.890, 1777
34.6296,7.1831,303.150, 1777
34.6290,7.1825,303.420, 1777
34.6301,7.1835,303.670, 1777
34.6301,7.1837,303.920, 1777
34.6277,7.1806,304.180, 1778
34.6267,7.1792,304.440, 1778
34.6265,7.1785,304.690, 1777
34.6265,7.1784,304.950, 1778
34.6259,7.1777,305.220, 1778
34.6238,7.1752,305.480, 1778
34.6221,7.1725,305.730, 1778
34.6219,7.1718,305.990, 1779
34.6204,7.1700,306.240, 1779
34.6194,7.1684,306.500, 1779
34.6192,7.1680,306.770, 1779
34.6192,7.1678,307.050, 1779
34.6188,7.1675,307.300, 1780
34.6186,7.1672,307.560, 1780
34.6184,7.1670,307.820, 1780
34.6181,7.1658,308.080, 1780
34.6173,7.1648,308.340, 1781
34.6148,7.1612,308.600, 1782
34.6123,7.1564,308.850, 1783
34.6108,7.1542,309.120, 1785
34.6098,7.1529,309.390, 1787
34.6092,7.1518,309.650, 1790
34.6085,7.1510,309.910, 1792
34.6079,7.1499,310.180, 1794
34.6071,7.1491,310.440, 1795
34.6056,7.1467,310.680, 1796
34.6048,7.1452,310.950, 1798
34.6023,7.1418,311.220, 1798
34.6006,7.1392,311.470, 1799
34.5970,7.1344,311.710, 1800
34.5949,7.1311,311.990, 1801
34.5897,7.1249,312.250, 1801
34.5847,7.1180,312.510, 1802
34.5784,7.1099,312.780, 1803
34.5770,7.1070,313.030, 1802
34.5705,7.0997,313.270, 1802
34.5682,7.0957,313.540, 1801
34.5686,7.0968,313.820, 1800
34.5644,7.0919,314.070, 1799
34.5628,7.0895,314.320, 1797
34.5615,7.0882,314.590, 1796
34.5596,7.0859,314.850, 1795
34.5586,7.0845,315.100, 1794
34.5572,7.0831,315.360, 1793
34.5563,7.0815,315.630, 1792
34.5542,7.0795,315.880, 1791
34.5538,7.0786,316.120, 1790
34.5538,7.0791,316.400, 1789
34.5546,7.0794,316.660, 1787
34.5553,7.0804,316.920, 1787
34.5538,7.0785,317.180, 1786
34.5538,7.0787,317.440, 1786
34.5519,7.0761,317.700, 1786
34.5523,7.0764,317.960, 1785
34.5509,7.0748,318.220, 1785
34.5503,7.0741,318.480, 1784
34.5480,7.0711,318.740, 1784
34.5480,7.0709,319.000, 1783
34.5475,7.0706,319.260, 1782
34.5464,7.0685,319.530, 1781
34.5463,7.0688,319.790, 1780
34.5440,7.0669,320.030, 1779
34.5375,7.0582,320.310, 1779
34.5348,7.0542,320.570, 1778
34.5285,7.0466,320.820, 1777
34.5231,7.0395,321.080, 1775
34.5137,7.0286,321.350, 1773
34.5067,7.0192,321.600, 1770
34.4937,7.0043,321.860, 1767
34.4852,6.9926,322.120, 1762
34.4827,6.9892,322.380, 1759
34.4712,6.9770,322.630, 1754
34.4662,6.9696,322.900, 1750
34.4644,6.9679,323.170, 1746
34.4613,6.9644,323.410, 1742
34.4571,6.9602,323.680, 1738
34.4550,6.9576,323.960, 1735
34.4529,6.9553,324.210, 1733
34.4496,6.9514,324.460, 1731
34.4479,6.9492,324.740, 1729
34.4479,6.9496,325.000, 1727
34.4429,6.9443,325.240, 1726
34.4407,6.9407,325.500, 1725
34.4398,6.9399,325.770, 1723
34.4386,6.9389,326.020, 1722
34.4363,6.9358,326.280, 1721
34.4353,6.9342,326.560, 1720
34.4348,6.9343,326.810, 1718
34.4342,6.9334,327.060, 1717
34.4338,6.9330,327.320, 1716
34.4332,6.9330,327.580, 1715
34.4326,6.9313,327.850, 1715
34.4315,6.9301,328.100, 1715
34.4298,6.9284,328.360, 1714
34.4286,6.9271,328.630, 1714
34.4284,6.9263,328.890, 1713
34.4267,6.9249,329.150, 1712
34.4263,6.9239,329.400, 1712
34.4261,6.9238,329.670, 1711
34.4255,6.9230,329.930, 1711
34.4249,6.9220,330.190, 1711
34.4236,6.9211,330.450, 1710
34.4233,6.9201,330.720, 1709
34.4218,6.9184,330.980, 1709
34.4201,6.9162,331.230, 1709
34.4195,6.9148,331.490, 1708
34.4191,6.9148,331.760, 1707
34.4178,6.9133,332.020, 1707
34.4170,6.9119,332.270, 1706
34.4157,6.9108,332.540, 1706
34.4135,6.9081,332.810, 1705
34.4128,6.9064,333.060, 1705
34.4114,6.9045,333.320, 1704
34.4108,6.9039,333.590, 1703
34.4083,6.9009,333.840, 1703
34.4060,6.8980,334.100, 1702
34.4041,6.8956,334.380, 1701
34.4016,6.8926,334.630, 1700
34.4006,6.8909,334.890, 1699
34.3975,6.8867,335.160, 1698
34.3946,6.8839,335.420, 1697
34.3927,6.8809,335.660, 1696
34.3910,6.8785,335.930, 1694
34.3902,6.8775,336.190, 1693
34.3896,6.8767,336.450, 1692
34.3893,6.8767,336.720, 1690
34.3885,6.8758,336.980, 1690
34.3877,6.8751,337.240, 1689
34.3873,6.8743,337.500, 1688
34.3863,6.8729,337.760, 1688
34.3844,6.8707,338.010, 1687
34.3833,6.8690,338.280, 1686
34.3823,6.8678,338.540, 1687
34.3802,6.8650,338.800, 1686
34.3788,6.8632,339.060, 1685
34.3780,6.8620,339.320, 1685
34.3775,6.8614,339.580, 1684
34.3761,6.8602,339.850, 1683
34.3748,6.8581,340.100, 1682
34.3724,6.8555,340.360, 1682
34.3707,6.8526,340.630, 1681
34.3674,6.8490,340.880, 1681
34.3657,6.8469,341.140, 1680
34.3641,6.8453,341.410, 1679
34.3618,6.8424,341.670, 1678
34.3603,6.8405,341.910, 1677
34.3589,6.8387,342.170, 1676
34.3561,6.8355,342.440, 1675
34.3545,6.8330,342.690, 1675
34.3537,6.8323,342.960, 1673
34.3525,6.8307,343.230, 1672
34.3512,6.8290,343.480, 1672
34.3500,6.8276,343.730, 1670
34.3481,6.8254,344.000, 1670
34.3460,6.8228,344.260, 1669
34.3440,6.8200,344.500, 1668
34.3419,6.8173,344.770, 1667
34.3398,6.8151,345.050, 1666
34.3384,6.8130,345.290, 1666
34.3373,6.8117,345.550, 1664
34.3361,6.8100,345.830, 1664
34.3336,6.8072,346.080, 1663
34.3317,6.8050,346.310, 1663
34.3293,6.8017,346.580, 1661
34.3268,6.7986,346.860, 1660
34.3226,6.7936,347.110, 1660
34.3202,6.7897,347.380, 1659
34.3187,6.7880,347.650, 1658
34.3168,6.7857,347.900, 1657
34.3144,6.7834,348.150, 1655
34.3133,6.7817,348.430, 1654
34.3119,6.7802,348.670, 1653
34.3102,6.7785,348.920, 1652
34.3088,6.7761,349.210, 1651
34.3083,6.7756,349.480, 1651
34.3063,6.7730,349.720, 1650
34.3034,6.7696,349.980, 1649
34.3017,6.7672,350.260, 1649
34.3003,6.7661,350.490, 1648
34.2989,6.7638,350.740, 1647
34.2970,6.7616,351.010, 1646
34.2932,6.7567,351.280, 1645
34.2908,6.7540,351.530, 1644
34.2893,6.7520,351.800, 1643
34.2777,6.7394,352.070, 1642
34.2604,6.7170,352.320, 1641
34.2488,6.7016,352.570, 1640
34.2345,6.6847,352.820, 1638
34.2288,6.6760,353.090, 1635
34.2252,6.6723,353.350, 1632
34.2226,6.6694,353.610, 1628
34.2205,6.6675,353.880, 1625
34.2182,6.6647,354.140, 1623
34.2166,6.6630,354.390, 1622
34.2154,6.6624,354.650, 1619
34.2143,6.6613,354.920, 1618
34.2120,6.6580,355.180, 1617
34.2116,6.6576,355.430, 1617
34.2100,6.6558,355.690, 1615
34.2085,6.6543,355.960, 1614
34.2079,6.6532,356.210, 1614
34.2077,6.6533,356.470, 1613
34.2069,6.6529,356.740, 1612
34.2067,6.6521,356.980, 1612
34.2063,6.6519,357.240, 1612
34.2050,6.6507,357.510, 1612
34.2011,6.6461,357.760, 1612
34.1962,6.6392,358.010, 1611
34.1949,6.6369,358.290, 1611
34.1941,6.6363,358.550, 1610
34.1933,6.6354,358.790, 1608
34.1929,6.6347,359.060, 1607
34.1918,6.6338,359.330, 1605
34.1933,6.6354,359.570, 1604
34.1920,6.6343,359.830, 1603
34.1898,6.6313,360.100, 1603
34.1881,6.6291,360.350, 1602
34.1879,6.6289,360.590, 1601
34.1871,6.6279,360.870, 1601
34.1867,6.6271,361.140, 1600
34.1857,6.6258,361.380, 1599
34.1844,6.6244,361.640, 1598
34.1821,6.6217,361.910, 1598
34.1814,6.6206,362.170, 1597
34.1817,6.6208,362.430, 1596
34.1817,6.6208,362.690, 1596
34.1813,6.6203,362.950, 1595
34.1807,6.6197,363.220, 1595
34.1805,6.6192,363.470, 1594
34.1793,6.6177,363.730, 1594
34.1795,6.6177,364.000, 1593
34.1760,6.6142,364.250, 1593
34.1708,6.6073,364.510, 1593
34.1694,6.6045,364.780, 1592
34.1622,6.5970,365.040, 1591
34.1535,6.5862,365.290, 1590
34.1418,6.5715,365.560, 1589
34.1385,6.5669,365.820, 1587
34.1364,6.5642,366.070, 1587
34.1334,6.5612,366.330, 1586
34.1301,6.5575,366.600, 1585
34.1290,6.5559,366.860, 1584
34.1266,6.5535,367.110, 1584
34.1235,6.5500,367.380, 1584
34.1151,6.5401,367.630, 1584
34.1093,6.5326,367.890, 1583
34.1064,6.5285,368.160, 1584
34.1052,6.5271,368.430, 1583
34.1050,6.5267,368.680, 1582
34.1027,6.5244,368.930, 1581
34.0988,6.5199,369.210, 1580
34.0963,6.5166,369.460, 1579
34.0951,6.5152,369.700, 1578
34.0945,6.5144,369.980, 1577
34.0934,6.5132,370.250, 1576
34.0896,6.5086,370.490, 1575
34.0867,6.5050,370.740, 1575
34.0844,6.5024,371.020, 1573
34.0832,6.5008,371.280, 1573
34.0809,6.4983,371.510, 1572
34.0797,6.4967,371.780, 1572
34.0789,6.4954,372.050, 1571
34.0779,6.4938,372.300, 1570
34.0764,6.4921,372.570, 1569
34.0752,6.4908,372.840, 1569
34.0748,6.4902,373.090, 1568
34.0742,6.4899,373.330, 1567
34.0734,6.4889,373.600, 1566
34.0723,6.4877,373.850, 1566
34.0721,6.4873,374.100, 1566
34.0696,6.4846,374.370, 1566
34.0668,6.4814,374.640, 1565
34.0635,6.4773,374.900, 1565
34.0597,6.4727,375.160, 1565
34.0584,6.4708,375.430, 1566
34.0532,6.4653,375.680, 1566
34.0444,6.4529,375.940, 1565
34.0366,6.4427,376.210, 1565
34.0327,6.4375,376.450, 1564
34.0304,6.4346,376.720, 1561
34.0290,6.4331,376.990, 1560
34.0283,6.4326,377.240, 1558
34.0279,6.4318,377.490, 1556
34.0274,6.4317,377.770, 1555
34.0272,6.4319,378.040, 1554
34.0245,6.4290,378.280, 1553
34.0208,6.4231,378.550, 1553
34.0085,6.4089,378.820, 1552
33.9956,6.3911,379.070, 1550
33.9858,6.3780,379.330, 1548
33.9801,6.3704,379.600, 1545
33.9756,6.3648,379.850, 1541
33.9741,6.3625,380.110, 1537
33.9727,6.3608,380.360, 1534
33.9720,6.3601,380.620, 1531
33.9706,6.3587,380.900, 1528
33.9678,6.3549,381.160, 1526
33.9653,6.3518,381.420, 1523
33.9643,6.3506,381.680, 1522
33.9637,6.3494,381.950, 1520
33.9627,6.3485,382.200, 1518
33.9620,6.3482,382.450, 1516
33.9608,6.3468,382.720, 1516
33.9594,6.3446,382.980, 1515
33.9567,6.3414,383.230, 1513
33.9516,6.3349,383.490, 1512
33.9475,6.3291,383.760, 1511
33.9461,6.3271,384.010, 1509
33.9434,6.3238,384.270, 1508
33.9355,6.3142,384.540, 1507
33.9277,6.3037,384.800, 1505
33.9230,6.2975,385.050, 1503
33.9193,6.2926,385.310, 1501
33.9173,6.2898,385.580, 1499
33.9173,6.2901,385.820, 1497
33.9140,6.2867,386.080, 1495
33.9130,6.2848,386.340, 1493
33.9128,6.2853,386.600, 1492
33.9112,6.2834,386.860, 1491
33.9110,6.2831,387.130, 1489
33.9114,6.2835,387.390, 1489
33.9128,6.2856,387.650, 1488
33.9136,6.2868,387.910, 1488
33.9130,6.2866,388.170, 1487
33.9122,6.2851,388.430, 1487
33.9106,6.2832,388.690, 1487
33.9097,6.2819,388.950, 1487
33.9099,6.2825,389.210, 1487
33.9095,6.2817,389.470, 1487
33.9089,6.2810,389.730, 1486
33.9093,6.2810,389.990, 1486
33.9093,6.2815,390.250, 1486
33.9091,6.2811,390.510, 1486
33.9091,6.2814,390.760, 1486
33.9085,6.2804,391.030, 1485
33.9081,6.2794,391.300, 1486
33.9071,6.2781,391.560, 1485
33.9071,6.2781,391.820, 1485
33.9061,6.2771,392.080, 1485
33.9067,6.2771,392.340, 1484
33.9073,6.2780,392.600, 1484
33.9067,6.2774,392.860, 1484
33.9055,6.2756,393.120, 1484
33.9049,6.2747,393.380, 1483
33.9051,6.2751,393.640, 1483
33.9049,6.2746,393.900, 1483
33.9049,6.2742,394.170, 1483
33.9047,6.2746,394.420, 1482
33.9045,6.2737,394.670, 1482
33.9038,6.2729,394.940, 1482
33.9042,6.2732,395.200, 1481
33.9042,6.2733,395.450, 1481
33.9038,6.2725,395.710, 1481
33.9024,6.2711,395.980, 1481
33.9016,6.2690,396.240, 1481
33.8985,6.2655,396.500, 1480
33.8963,6.2620,396.760, 1480
33.8991,6.2655,397.020, 1480
33.9008,6.2680,397.280, 1479
33.8975,6.2640,397.550, 1478
33.8936,6.2587,397.790, 1478
33.8928,6.2568,398.060, 1478
33.8924,6.2567,398.330, 1477
33.8904,6.2538,398.580, 1476
33.8910,6.2543,398.830, 1475
33.8914,6.2548,399.100, 1475
33.8865,6.2488,399.370, 1474
33.8818,6.2418,399.610, 1473
33.8789,6.2383,399.880, 1472
33.8763,6.2344,400.140, 1471
33.8741,6.2313,400.400, 1469
33.8741,6.2310,400.650, 1468
33.8734,6.2309,400.920, 1467
33.8734,6.2307,401.180, 1466
33.8738,6.2312,401.440, 1464
33.8744,6.2326,401.700, 1464
33.8747,6.2325,401.960, 1463
33.8707,6.2275,402.220, 1463
33.8661,6.2209,402.480, 1462
33.8653,6.2196,402.740, 1462
33.8624,6.2161,403.000, 1461
33.8600,6.2131,403.260, 1460
33.8592,6.2113,403.510, 1459
33.8563,6.2084,403.770, 1458
33.8553,6.2066,404.030, 1457
33.8482,6.1981,404.290, 1455
33.8451,6.1934,404.540, 1454
33.8421,6.1892,404.810, 1454
33.8402,6.1868,405.060, 1452
33.8382,6.1840,405.310, 1450
33.8349,6.1804,405.580, 1448
33.8320,6.1766,405.850, 1447
33.8316,6.1756,406.100, 1446
33.8327,6.1771,406.360, 1444
33.8333,6.1780,406.620, 1443
33.8337,6.1785,406.880, 1442
33.8333,6.1786,407.130, 1442
33.8325,6.1775,407.400, 1441
33.8284,6.1723,407.670, 1441
33.8244,6.1665,407.920, 1441
33.8227,6.1640,408.170, 1440
33.8223,6.1631,408.440, 1440
33.8205,6.1616,408.710, 1438
33.8195,6.1600,408.960, 1437
33.8193,6.1600,409.230, 1436
33.8191,6.1595,409.490, 1435
33.8193,6.1598,409.740, 1435
33.8187,6.1594,410.000, 1434
33.8170,6.1570,410.260, 1434
33.8136,6.1523,410.530, 1434
33.8124,6.1505,410.790, 1433
33.8117,6.1499,411.050, 1433
33.8089,6.1463,411.310, 1432
33.8047,6.1405,411.570, 1432
33.8047,6.1398,411.830, 1430
33.8043,6.1400,412.080, 1429
33.8022,6.1367,412.350, 1428
33.7991,6.1333,412.610, 1428
33.7979,6.1311,412.870, 1427
33.7985,6.1318,413.140, 1426
33.7989,6.1331,413.390, 1426
33.7989,6.1328,413.650, 1425
33.7991,6.1329,413.920, 1424
33.7991,6.1328,414.170, 1424
33.7978,6.1312,414.430, 1424
33.7967,6.1295,414.700, 1424
33.7963,6.1290,414.950, 1423
33.7967,6.1291,415.220, 1422
33.7965,6.1295,415.490, 1422
33.7963,6.1290,415.730, 1421
33.7967,6.1293,416.000, 1421
33.7964,6.1286,416.270, 1421
33.7964,6.1283,416.520, 1421
33.7977,6.1300,416.780, 1421
33.7983,6.1309,417.040, 1421
33.7989,6.1322,417.310, 1421
33.7994,6.1322,417.560, 1420
33.7989,6.1320,417.820, 1421
33.7906,6.1218,418.080, 1421
33.7831,6.1106,418.340, 1421
33.7805,6.1069,418.610, 1420
33.7797,6.1055,418.870, 1419
33.7782,6.1037,419.130, 1418
33.7756,6.1000,419.390, 1416
33.7748,6.0991,419.650, 1415
33.7748,6.0994,419.910, 1414
33.7731,6.0973,420.170, 1413
33.7705,6.0943,420.430, 1412
33.7670,6.0896,420.700, 1411
33.7607,6.0817,420.940, 1410
33.7538,6.0726,421.210, 1410
33.7475,6.0638,421.480, 1408
33.7453,6.0600,421.730, 1407
33.7422,6.0565,421.990, 1404
33.7324,6.0446,422.250, 1402
33.7299,6.0406,422.510, 1400
33.7289,6.0394,422.780, 1398
33.7285,6.0388,423.040, 1396
33.7276,6.0381,423.300, 1393
33.7270,6.0375,423.560, 1392
33.7266,6.0371,423.820, 1391
33.7250,6.0354,424.080, 1390
33.7226,6.0324,424.340, 1389
33.7187,6.0276,424.600, 1388
33.7147,6.0218,424.870, 1388
33.7145,6.0212,425.130, 1386
33.7139,6.0204,425.380, 1385
33.7128,6.0194,425.640, 1384
33.7124,6.0188,425.900, 1383
33.7130,6.0199,426.160, 1383
33.7126,6.0195,426.430, 1382
33.7106,6.0176,426.700, 1381
33.7088,6.0146,426.950, 1381
33.7086,6.0141,427.200, 1380
33.7085,6.0141,427.470, 1380
33.7058,6.0111,427.740, 1379
33.7035,6.0071,427.990, 1379
33.7025,6.0062,428.250, 1378
33.7015,6.0049,428.520, 1377
33.7012,6.0041,428.780, 1377
33.7000,6.0032,429.030, 1376
33.6984,6.0011,429.290, 1375
33.6964,5.9983,429.560, 1375
33.6946,5.9961,429.820, 1374
33.6946,5.9956,430.080, 1374
33.6930,5.9932,430.340, 1373
33.6895,5.9891,430.590, 1372
33.6887,5.9874,430.870, 1371
33.6896,5.9888,431.120, 1371
33.6883,5.9875,431.370, 1370
33.6877,5.9871,431.640, 1369
33.6885,5.9874,431.910, 1368
33.6853,5.9842,432.160, 1368
33.6829,5.9804,432.420, 1368
33.6841,5.9811,432.690, 1367
33.6865,5.9845,432.940, 1366
33.6853,5.9843,433.200, 1365
33.6854,5.9833,433.470, 1366
33.6821,5.9800,433.730, 1365
33.6764,5.9723,433.980, 1365
33.6746,5.9690,434.250, 1364
33.6743,5.9683,434.510, 1364
33.6746,5.9688,434.760, 1363
33.6748,5.9687,435.020, 1362
33.6739,5.9683,435.280, 1361
33.6733,5.9669,435.540, 1361
33.6734,5.9674,435.800, 1360
33.6725,5.9662,436.070, 1360
33.6729,5.9665,436.320, 1360
33.6735,5.9672,436.580, 1359
33.6740,5.9679,436.840, 1359
33.6742,5.9679,437.100, 1358
33.6737,5.9675,437.360, 1359
33.6733,5.9667,437.640, 1359
33.6717,5.9649,437.900, 1358
33.6703,5.9627,438.150, 1358
33.6701,5.9628,438.410, 1358
33.6701,5.9623,438.680, 1358
33.6693,5.9610,438.940, 1357
33.6686,5.9606,439.180, 1357
33.6689,5.9603,439.450, 1357
33.6683,5.9593,439.710, 1357
33.6681,5.9591,439.970, 1356
33.6669,5.9577,440.230, 1356
33.6675,5.9583,440.500, 1356
33.6683,5.9593,440.760, 1356
33.6681,5.9585,441.020, 1355
33.6674,5.9579,441.280, 1355
33.6677,5.9580,441.540, 1355
33.6677,5.9578,441.800, 1355
33.6675,5.9577,442.070, 1355
33.6686,5.9585,442.330, 1355
33.6681,5.9580,442.580, 1355
33.6655,5.9547,442.850, 1355
33.6653,5.9539,443.120, 1355
33.6655,5.9541,443.370, 1354
33.6669,5.9559,443.620, 1354
33.6667,5.9556,443.890, 1354
33.6659,5.9553,444.150, 1354
33.6659,5.9543,444.410, 1354
33.6649,5.9536,444.670, 1354
33.6639,5.9514,444.930, 1353
33.6636,5.9512,445.190, 1353
33.6649,5.9522,445.450, 1353
33.6655,5.9534,445.710, 1353
33.6641,5.9518,445.960, 1353
33.6643,5.9517,446.220, 1352
33.6624,5.9494,446.480, 1352
33.6591,5.9447,446.740, 1352
33.6592,5.9444,447.000, 1352
33.6596,5.9447,447.260, 1351
33.6618,5.9469,447.520, 1351
33.6636,5.9501,447.780, 1351
33.6645,5.9512,448.040, 1351
33.6629,5.9490,448.300, 1350
33.6622,5.9480,448.560, 1351
33.6618,5.9470,448.820, 1351
33.6622,5.9475,449.080, 1351
33.6629,5.9481,449.340, 1351
33.6632,5.9479,449.590, 1351
33.6618,5.9466,449.850, 1351
33.6558,5.9408,450.110, 1351
33.6513,5.9329,450.360, 1351
33.6524,5.9328,450.630, 1350
33.6585,5.9411,450.880, 1350
33.6572,5.9407,451.140, 1349
33.6517,5.9348,451.410, 1349
33.6479,5.9284,451.670, 1348
33.6468,5.9271,451.930, 1348
33.6461,5.9257,452.190, 1347
33.6436,5.9218,452.450, 1346
33.6410,5.9194,452.700, 1346
33.6402,5.9177,452.970, 1345
33.6404,5.9172,453.230, 1344
33.6400,5.9172,453.490, 1343
33.6398,5.9169,453.740, 1343
33.6394,5.9164,454.000, 1342
33.6392,5.9161,454.260, 1341
33.6394,5.9157,454.520, 1341
33.6379,5.9146,454.780, 1341
33.6374,5.9136,455.040, 1341
33.6380,5.9136,455.300, 1340
33.6354,5.9122,455.550, 1340
33.6341,5.9094,455.810, 1340
33.6339,5.9082,456.080, 1340
33.6335,5.9078,456.340, 1339
33.6340,5.9082,456.590, 1339
33.6341,5.9082,456.850, 1338
33.6351,5.9097,457.110, 1338
33.6345,5.9089,457.370, 1337
33.6305,5.9052,457.630, 1338
33.6285,5.9008,457.890, 1338
33.6283,5.9004,458.150, 1337
33.6276,5.8994,458.410, 1336
33.6275,5.8990,458.660, 1336
33.6269,5.8984,458.920, 1336
33.6269,5.8983,459.180, 1336
33.6269,5.8979,459.430, 1336
33.6263,5.8976,459.700, 1335
33.6259,5.8964,459.960, 1335
33.6253,5.8962,460.220, 1335
33.6248,5.8953,460.470, 1334
33.6248,5.8950,460.730, 1334
33.6248,5.8948,460.980, 1333
33.6249,5.8949,461.240, 1333
33.6246,5.8942,461.490, 1333
33.6242,5.8941,461.750, 1333
33.6245,5.8939,462.010, 1333
33.6244,5.8940,462.260, 1333
33.6244,5.8939,462.520, 1333
33.6236,5.8927,462.780, 1333
33.6230,5.8919,463.040, 1332
33.6226,5.8910,463.300, 1333
33.6224,5.8906,463.560, 1332
33.6203,5.8891,463.820, 1332
33.6186,5.8858,464.070, 1332
33.6184,5.8857,464.340, 1331
33.6178,5.8841,464.590, 1331
33.6172,5.8837,464.850, 1331
33.6170,5.8834,465.120, 1330
33.6168,5.8829,465.370, 1330
33.6160,5.8819,465.640, 1330
33.6133,5.8788,465.900, 1330
33.6129,5.8774,466.160, 1329
33.6102,5.8749,466.410, 1329
33.6071,5.8695,466.680, 1328
33.6046,5.8665,466.940, 1328
33.6030,5.8641,467.200, 1327
33.5983,5.8587,467.460, 1326
33.5949,5.8541,467.720, 1325
33.5945,5.8522,467.980, 1325
33.5925,5.8500,468.240, 1323
33.5891,5.8462,468.500, 1323
33.5877,5.8437,468.760, 1322
33.5859,5.8415,469.020, 1321
33.5869,5.8427,469.280, 1320
33.5850,5.8406,469.550, 1319
33.5845,5.8400,469.810, 1318
33.5849,5.8399,470.060, 1317
33.5818,5.8367,470.330, 1317
33.5803,5.8337,470.580, 1316
33.5820,5.8361,470.840, 1316
33.5768,5.8306,471.100, 1315
33.5745,5.8262,471.370, 1315
33.5713,5.8227,471.620, 1314
33.5618,5.8087,471.890, 1314
33.5621,5.8093,472.150, 1313
33.5612,5.8096,472.410, 1312
33.5290,5.7735,472.670, 1310
33.4976,5.7303,472.930, 1309
33.4831,5.7093,473.190, 1306
33.4696,5.6893,473.440, 1301
33.4641,5.6825,473.700, 1296
33.4628,5.6799,473.960, 1290
33.4625,5.6808,474.220, 1285
33.4625,5.6814,474.480, 1281
33.4640,5.6844,474.740, 1278
33.4619,5.6824,474.990, 1275
33.4601,5.6812,475.250, 1274
33.4571,5.6763,475.520, 1273
33.4545,5.6730,475.780, 1272
33.4535,5.6717,476.030, 1271
33.4545,5.6729,476.300, 1270
33.4551,5.6744,476.560, 1269
33.4551,5.6747,476.810, 1268
33.4553,5.6752,477.070, 1268
33.4545,5.6740,477.340, 1267
33.4541,5.6740,477.590, 1267
33.4551,5.6755,477.850, 1267
33.4576,5.6782,478.110, 1267
33.4591,5.6807,478.380, 1266
33.4628,5.6847,478.630, 1266
33.4634,5.6865,478.890, 1266
33.4664,5.6900,479.150, 1267
33.4687,5.6938,479.410, 1267
33.4686,5.6933,479.670, 1268
33.4681,5.6925,479.920, 1269
33.4684,5.6923,480.190, 1269
33.4700,5.6945,480.450, 1269
33.4698,5.6943,480.710, 1270
33.4698,5.6941,480.970, 1270
33.4692,5.6935,481.230, 1270
33.4674,5.6909,481.490, 1270
33.4667,5.6899,481.750, 1270
33.4688,5.6921,482.010, 1270
33.4698,5.6933,482.260, 1269
33.4706,5.6948,482.520, 1269
33.4704,5.6940,482.780, 1270
33.4710,5.6951,483.050, 1270
33.4710,5.6947,483.300, 1270
33.4708,5.6943,483.560, 1270
33.4712,5.6943,483.830, 1271
33.4712,5.6944,484.090, 1271
33.4720,5.6956,484.340, 1270
33.4719,5.6956,484.600, 1270
33.4720,5.6956,484.860, 1270
33.4725,5.6957,485.120, 1270
33.4722,5.6955,485.370, 1270
33.4716,5.6946,485.640, 1270
33.4667,5.6878,485.890, 1270
33.4694,5.6908,486.150, 1271
33.4704,5.6924,486.400, 1270
33.4704,5.6926,486.660, 1270
33.4717,5.6933,486.910, 1270
33.4684,5.6903,487.170, 1269
33.4714,5.6928,487.440, 1269
33.4723,5.6940,487.690, 1270
33.4722,5.6945,487.950, 1269
33.4677,5.6890,488.210, 1269
33.4698,5.6896,488.470, 1269
33.4690,5.6904,488.720, 1269
33.4640,5.6838,488.990, 1269
33.4624,5.6801,489.250, 1269
33.4600,5.6769,489.510, 1268
33.4576,5.6738,489.770, 1268
33.4564,5.6719,490.040, 1267
33.4560,5.6713,490.290, 1266
33.4558,5.6712,490.560, 1265
33.4560,5.6715,490.810, 1265
33.4562,5.6714,491.070, 1264
33.4562,5.6716,491.330, 1263
33.4583,5.6734,491.590, 1263
33.4584,5.6743,491.850, 1263
33.4610,5.6774,492.110, 1263
33.4624,5.6795,492.370, 1262
33.4636,5.6811,492.640, 1263
33.4638,5.6810,492.890, 1263
33.4674,5.6847,493.160, 1264
33.4647,5.6829,493.420, 1264
33.4634,5.6803,493.680, 1264
33.4628,5.6791,493.940, 1264
33.4644,5.6808,494.200, 1265
33.4640,5.6805,494.460, 1265
33.4665,5.6831,494.720, 1264
33.4680,5.6854,494.980, 1265
33.4680,5.6849,495.240, 1265
33.4674,5.6844,495.500, 1265
33.4665,5.6831,495.760, 1265
33.4656,5.6817,496.020, 1265
33.4653,5.6809,496.280, 1265
33.4662,5.6817,496.550, 1265
33.4662,5.6819,496.810, 1265
33.4672,5.6824,497.070, 1265
33.4687,5.6846,497.330, 1264
33.4682,5.6842,497.590, 1265
33.4680,5.6834,497.850, 1265
33.4670,5.6822,498.100, 1265
33.4664,5.6811,498.360, 1266
33.4668,5.6813,498.620, 1265
33.4666,5.6815,498.880, 1265
33.4672,5.6816,499.140, 1265
33.4665,5.6811,499.400, 1264
33.4660,5.6803,499.660, 1264
33.4655,5.6799,499.920, 1264
33.4656,5.6795,500.180, 1264
33.4651,5.6781,500.440, 1265
33.4668,5.6807,500.700, 1264
33.4665,5.6804,500.960, 1264
33.4668,5.6807,501.210, 1264
33.4670,5.6810,501.470, 1264
33.4659,5.6791,501.730, 1264
33.4662,5.6795,501.990, 1265
33.4659,5.6789,502.250, 1264
33.4658,5.6782,502.510, 1265
33.4666,5.6788,502.770, 1265
33.4669,5.6793,503.030, 1265
33.4665,5.6787,503.290, 1264
33.4664,5.6788,503.550, 1264
33.4666,5.6783,503.800, 1264
33.4670,5.6792,504.060, 1264
33.4671,5.6788,504.320, 1264
33.4674,5.6791,504.590, 1264
33.4677,5.6795,504.840, 1264
33.4676,5.6793,505.100, 1264
33.4673,5.6790,505.360, 1263
33.4673,5.6784,505.610, 1264
33.4680,5.6791,505.870, 1263
33.4683,5.6795,506.130, 1263
33.4697,5.6810,506.390, 1263
33.4693,5.6805,506.650, 1263
33.4726,5.6835,506.900, 1263
33.4757,5.6888,507.160, 1264
33.4771,5.6910,507.420, 1263
33.4736,5.6871,507.670, 1265
33.4781,5.6904,507.940, 1265
33.4787,5.6922,508.190, 1265
33.4789,5.6917,508.450, 1265
33.4794,5.6924,508.700, 1265
33.4779,5.6900,508.950, 1266
33.4777,5.6896,509.210, 1266
33.4773,5.6891,509.460, 1266
33.4767,5.6882,509.720, 1266
33.4773,5.6883,509.970, 1266
33.4775,5.6887,510.220, 1266
33.4775,5.6883,510.480, 1266
33.4747,5.6847,510.730, 1265
33.4697,5.6788,510.990, 1266
33.4635,5.6686,511.240, 1265
33.4627,5.6672,511.440, 1265
33.4544,5.6586,511.500, 1263
33.4596,5.6617,511.490, 1262
33.4503,5.6534,511.490, 1261
33.4594,5.6626,511.490, 1260
33.4585,5.6631,511.480, 1258
33.4576,5.6622,511.480, 1258
33.4571,5.6612,511.480, 1258
33.4446,5.6458,511.480, 1257
33.4518,5.6501,511.480, 1257
33.4468,5.6490,511.480, 1257
33.4361,5.6348,511.480, 1255
33.4359,5.6330,511.480, 1254
33.4361,5.6340,511.480, 1254
33.4352,5.6329,511.480, 1252
33.4351,5.6328,511.480, 1251
33.4344,5.6323,511.480, 1251
33.4343,5.6321,511.480, 1249
33.4344,5.6324,511.480, 1249
33.4347,5.6329,511.480, 1249
33.4348,5.6329,511.480, 1248
33.4353,5.6339,511.480, 1248
33.4340,5.6327,511.470, 1248
33.4341,5.6324,511.470, 1248
33.4344,5.6332,511.460, 1248
33.4359,5.6374,511.460, 1248
33.4458,5.6445,511.460, 1247
33.4484,5.6570,511.460, 1248
33.4464,5.6482,511.460, 1249
33.4590,5.6631,511.460, 1250
33.4709,5.6815,511.460, 1251
33.4688,5.6804,511.450, 1252
33.4701,5.6811,511.450, 1254
33.4709,5.6814,511.450, 1256
33.4703,5.6811,511.450, 1257
33.4701,5.6806,511.450, 1259
33.4687,5.6783,511.450, 1260
33.4673,5.6758,511.450, 1261
33.4695,5.6787,511.450, 1261
33.4731,5.6828,511.450, 1261
33.4736,5.6851,511.450, 1261
33.4711,5.6828,511.440, 1261
33.4699,5.6797,511.440, 1261
33.4701,5.6793,511.440, 1262
33.4701,5.6785,511.440, 1262
33.4705,5.6799,511.440, 1263
33.4709,5.6805,511.440, 1262
33.4701,5.6788,511.440, 1262
33.4681,5.6775,511.450, 1262
33.4693,5.6782,511.440, 1262
33.4691,5.6779,511.440, 1262
33.4685,5.6770,511.440, 1262
33.4687,5.6772,511.440, 1262
33.4693,5.6778,511.440, 1262
33.4699,5.6789,511.440, 1262
33.4703,5.6793,511.440, 1262
33.4701,5.6787,511.430, 1261
33.4733,5.6830,511.440, 1262
33.4734,5.6834,511.430, 1262
33.4729,5.6832,511.430, 1262
33.4713,5.6814,511.440, 1262
33.4680,5.6766,511.430, 1263
33.4691,5.6766,511.430, 1263
33.4726,5.6809,511.430, 1263
33.4790,5.6881,511.430, 1262
33.4800,5.6923,511.420, 1262
33.4796,5.6916,511.430, 1263
33.4741,5.6844,511.420, 1263
33.4728,5.6825,511.420, 1264
33.4725,5.6819,511.420, 1264
33.4713,5.6810,511.420, 1264
33.4743,5.6839,511.420, 1264
33.4608,5.6705,511.420, 1264
33.4578,5.6629,511.410, 1263
33.4631,5.6675,511.410, 1263
33.4660,5.6729,511.420, 1262
33.4655,5.6729,511.410, 1261
33.4722,5.6809,511.410, 1261
33.4717,5.6823,511.410, 1261
33.4736,5.6838,511.410, 1261
33.4745,5.6845,511.410, 1262
33.4748,5.6851,511.410, 1262
33.4755,5.6860,511.410, 1262
33.4767,5.6881,511.410, 1263
33.4746,5.6856,511.410, 1263
33.4701,5.6795,511.410, 1264
33.4629,5.6704,511.400, 1263
33.4659,5.6726,511.410, 1264
33.4705,5.6773,511.410, 1263
33.4683,5.6780,511.400, 1262
33.4786,5.6876,511.400, 1262
33.4691,5.6792,511.410, 1262
33.4757,5.6835,511.400, 1263
33.4707,5.6798,511.400, 1263
33.4697,5.6785,511.400, 1262
33.4773,5.6861,511.400, 1262
33.4804,5.6930,511.400, 1262
33.4794,5.6916,511.390, 1263
33.4826,5.6947,511.400, 1263
33.4792,5.6932,511.390, 1264
33.4816,5.6936,511.390, 1265
33.4802,5.6934,511.390, 1265
33.4779,5.6895,511.390, 1266
33.4787,5.6901,511.380, 1265
33.4769,5.6873,511.390, 1266
33.4794,5.6909,511.390, 1266
33.4749,5.6867,511.380, 1265
33.4618,5.6682,511.380, 1266
33.4611,5.6662,511.390, 1265
33.4569,5.6611,511.380, 1264
33.4681,5.6713,511.380, 1263
33.4732,5.6829,511.380, 1262
33.4639,5.6752,511.380, 1261
33.4586,5.6623,511.380, 1262
33.4602,5.6637,511.380, 1262
33.4637,5.6698,511.380, 1261
33.4682,5.6757,511.380, 1261
33.4661,5.6735,511.380, 1260
33.4703,5.6786,511.370, 1260
33.4721,5.6817,511.380, 1260
33.4736,5.6838,511.380, 1261
33.4749,5.6856,511.380, 1261
33.4777,5.6886,511.380, 1262
33.4790,5.6911,511.380, 1262
33.4783,5.6893,511.380, 1263
33.4769,5.6886,511.370, 1264

 Profile 2
  CTD turned on at 10/17/2015 03:36:16
  CTD turned off at 10/17/2015 04:11:13
