
 Profile 1

 Sensors were turned on at  10/17/2015 03:00:02
 Vehicle began profiling at 10/17/2015 03:02:01

Date,[mA],[V],[dbar],Par[mV],scatSig,chlSig,CDOMSig
10/17/2015 03:02:02,0,11.8,0.000,0.00,142,54,75
10/17/2015 03:02:07,163,11.6,0.000,0.00,131,54,73
10/17/2015 03:02:12,292,11.6,0.000,0.00,146,54,73
10/17/2015 03:02:17,206,11.6,0.000,0.00,166,54,75
10/17/2015 03:02:22,144,11.6,0.000,0.00,135,54,75
10/17/2015 03:02:27,146,11.6,0.000,0.00,158,55,74
10/17/2015 03:02:34,177,11.6,493.320,0.00,158,53,75
10/17/2015 03:02:40,108,11.6,491.840,0.00,145,55,75
10/17/2015 03:02:45,148,11.6,490.360,0.00,136,53,72
10/17/2015 03:02:50,87,11.6,488.870,0.00,142,54,74
10/17/2015 03:02:55,147,11.6,487.380,0.00,131,52,74
10/17/2015 03:03:00,94,11.6,485.900,0.00,130,55,73
10/17/2015 03:03:05,130,11.6,484.420,0.00,141,53,74
10/17/2015 03:03:10,109,11.6,482.940,0.00,148,51,74
10/17/2015 03:03:15,119,11.6,481.460,0.00,143,56,72
10/17/2015 03:03:20,111,11.6,479.970,0.00,148,54,72
10/17/2015 03:03:25,136,11.6,478.500,0.00,142,53,73
10/17/2015 03:03:30,130,11.6,477.030,0.00,166,55,74
10/17/2015 03:03:35,108,11.6,475.550,0.00,131,53,74
10/17/2015 03:03:40,159,11.5,474.070,0.00,181,54,73
10/17/2015 03:03:45,67,11.6,472.590,0.00,131,53,74
10/17/2015 03:03:50,155,11.5,471.110,0.00,134,52,74
10/17/2015 03:03:55,91,11.6,469.640,0.00,131,53,74
10/17/2015 03:04:00,150,11.5,468.160,0.00,145,56,73
10/17/2015 03:04:05,82,11.6,466.700,0.00,133,56,74
10/17/2015 03:04:10,167,11.5,465.230,0.00,127,56,75
10/17/2015 03:04:15,60,11.6,463.760,0.00,124,55,76
10/17/2015 03:04:20,198,11.5,462.290,0.00,126,53,74
10/17/2015 03:04:25,45,11.6,460.820,0.00,175,54,71
10/17/2015 03:04:30,157,11.5,459.360,0.00,125,54,73
10/17/2015 03:04:35,87,11.5,457.890,0.00,187,54,72
10/17/2015 03:04:40,139,11.5,456.430,0.00,121,55,75
10/17/2015 03:04:45,151,11.5,454.970,0.00,313,53,75
10/17/2015 03:04:50,181,11.5,453.500,0.00,122,52,73
10/17/2015 03:04:55,53,11.5,452.040,0.00,122,53,74
10/17/2015 03:05:00,156,11.5,450.580,0.00,125,51,75
10/17/2015 03:05:05,128,11.5,449.120,0.00,120,54,74
10/17/2015 03:05:10,71,11.5,447.660,0.00,147,55,74
10/17/2015 03:05:15,116,11.4,446.200,0.00,127,55,74
10/17/2015 03:05:20,186,11.4,444.750,0.00,127,54,73
10/17/2015 03:05:25,38,11.5,443.300,0.00,127,53,72
10/17/2015 03:05:30,144,11.4,441.820,0.00,128,54,72
10/17/2015 03:05:35,108,11.5,440.370,0.00,134,53,72
10/17/2015 03:05:40,143,11.4,438.910,0.00,148,53,75
10/17/2015 03:05:45,67,11.5,437.450,0.00,128,54,73
10/17/2015 03:05:50,163,11.4,435.990,0.00,135,54,73
10/17/2015 03:05:55,52,11.5,434.540,0.00,133,52,74
10/17/2015 03:06:00,122,11.4,433.060,0.00,147,50,75
10/17/2015 03:06:05,162,11.4,431.620,0.00,168,53,72
10/17/2015 03:06:10,22,11.5,430.150,0.00,143,54,73
10/17/2015 03:06:15,247,11.3,428.680,0.00,131,50,72
10/17/2015 03:06:20,7,11.5,427.220,0.00,153,52,74
10/17/2015 03:06:25,123,11.4,425.760,0.00,136,54,70
10/17/2015 03:06:30,85,11.4,424.300,0.00,150,54,73
10/17/2015 03:06:35,100,11.4,422.850,0.00,131,52,74
10/17/2015 03:06:40,194,11.3,421.400,0.00,139,53,74
10/17/2015 03:06:45,30,11.4,419.930,0.00,144,52,77
10/17/2015 03:06:50,170,11.3,418.480,0.00,145,56,73
10/17/2015 03:06:55,47,11.4,417.020,0.00,138,54,71
10/17/2015 03:07:00,207,11.3,415.560,0.00,134,55,75
10/17/2015 03:07:05,79,11.4,414.120,0.00,136,53,70
10/17/2015 03:07:10,93,11.4,412.660,0.00,124,55,73
10/17/2015 03:07:15,101,11.4,411.210,0.00,127,55,73
10/17/2015 03:07:20,63,11.4,409.750,0.00,137,54,74
10/17/2015 03:07:25,163,11.3,408.300,0.00,125,55,71
10/17/2015 03:07:30,31,11.4,406.860,0.00,123,53,72
10/17/2015 03:07:35,144,11.3,405.400,0.00,134,52,72
10/17/2015 03:07:40,156,11.3,403.940,0.00,126,54,74
10/17/2015 03:07:45,13,11.4,402.500,0.00,213,55,73
10/17/2015 03:07:50,145,11.3,401.040,0.00,134,55,73
10/17/2015 03:07:55,34,11.4,399.610,0.00,129,53,73
10/17/2015 03:08:00,195,11.3,398.140,0.00,127,53,73
10/17/2015 03:08:05,14,11.4,396.700,0.00,156,55,74
10/17/2015 03:08:10,191,11.3,395.200,0.00,123,55,71
10/17/2015 03:08:15,36,11.4,393.770,0.00,131,53,71
10/17/2015 03:08:20,141,11.3,392.310,0.00,126,54,71
10/17/2015 03:08:25,136,11.3,390.880,0.00,134,52,72
10/17/2015 03:08:30,37,11.3,389.410,0.00,133,55,74
10/17/2015 03:08:35,149,11.3,387.970,0.00,140,54,72
10/17/2015 03:08:40,108,11.3,386.520,0.00,134,55,73
10/17/2015 03:08:45,37,11.4,385.060,0.00,124,53,74
10/17/2015 03:08:50,141,11.3,383.600,0.00,132,54,74
10/17/2015 03:08:55,96,11.3,382.160,0.00,208,53,73
10/17/2015 03:09:00,168,11.3,380.710,0.00,127,54,72
10/17/2015 03:09:05,28,11.4,379.260,0.00,120,55,71
10/17/2015 03:09:10,144,11.3,377.810,0.00,122,54,73
10/17/2015 03:09:15,41,11.3,376.370,0.00,123,57,73
10/17/2015 03:09:20,214,11.2,374.930,0.00,117,53,73
10/17/2015 03:09:25,17,11.3,373.480,0.00,148,54,71
10/17/2015 03:09:30,144,11.2,372.040,0.00,121,52,73
10/17/2015 03:09:35,161,11.3,370.590,0.00,122,53,74
10/17/2015 03:09:40,77,11.3,369.160,0.00,173,54,73
10/17/2015 03:09:45,113,11.3,367.710,0.00,122,51,72
10/17/2015 03:09:50,125,11.3,366.280,0.00,139,53,72
10/17/2015 03:09:55,86,11.3,364.830,0.00,124,53,74
10/17/2015 03:10:00,183,11.2,363.390,0.00,142,56,74
10/17/2015 03:10:05,96,11.3,361.950,0.00,131,52,74
10/17/2015 03:10:10,54,11.3,360.500,0.00,119,55,76
10/17/2015 03:10:15,141,11.2,359.070,0.00,129,52,76
10/17/2015 03:10:20,17,11.3,357.640,0.00,141,55,73
10/17/2015 03:10:25,141,11.2,356.180,0.00,173,54,72
10/17/2015 03:10:30,71,11.3,354.770,0.00,120,53,71
10/17/2015 03:10:35,94,11.3,353.330,0.00,122,51,74
10/17/2015 03:10:40,138,11.2,351.910,0.00,130,54,73
10/17/2015 03:10:45,105,11.3,350.470,0.00,116,54,71
10/17/2015 03:10:50,173,11.2,349.050,0.00,136,54,74
10/17/2015 03:10:55,104,11.2,347.610,0.00,122,52,72
10/17/2015 03:11:00,187,11.2,346.190,0.00,115,53,71
10/17/2015 03:11:05,61,11.3,344.770,0.00,135,52,72
10/17/2015 03:11:10,198,11.2,343.330,0.00,130,53,74
10/17/2015 03:11:15,61,11.3,341.900,0.00,142,53,71
10/17/2015 03:11:20,169,11.2,340.470,0.00,123,52,73
10/17/2015 03:11:25,86,11.2,339.040,0.00,128,52,70
10/17/2015 03:11:30,95,11.2,337.610,0.00,110,55,72
10/17/2015 03:11:35,104,11.3,336.180,0.00,116,54,73
10/17/2015 03:11:40,272,11.2,334.750,0.00,110,52,72
10/17/2015 03:11:45,1,11.3,333.300,0.00,110,52,73
10/17/2015 03:11:50,202,11.2,331.860,0.00,105,55,74
10/17/2015 03:11:55,140,11.2,330.450,0.00,137,52,71
10/17/2015 03:12:00,13,11.3,329.020,0.00,110,55,70
10/17/2015 03:12:05,125,11.2,327.530,0.00,105,53,71
10/17/2015 03:12:10,8,11.3,326.080,0.00,111,53,72
10/17/2015 03:12:15,146,11.2,324.650,0.00,106,53,74
10/17/2015 03:12:20,193,11.2,323.200,0.00,104,52,72
10/17/2015 03:12:25,65,11.2,321.790,0.00,106,52,71
10/17/2015 03:12:30,155,11.2,320.360,0.00,110,52,71
10/17/2015 03:12:35,65,11.2,318.950,0.00,98,53,69
10/17/2015 03:12:40,66,11.2,317.510,0.00,99,55,72
10/17/2015 03:12:45,218,11.1,316.080,0.00,96,52,72
10/17/2015 03:12:50,28,11.3,314.650,0.00,100,51,72
10/17/2015 03:12:55,171,11.2,313.210,0.00,94,54,73
10/17/2015 03:13:00,165,11.2,311.800,0.00,95,52,71
10/17/2015 03:13:05,10,11.3,310.370,0.00,142,54,73
10/17/2015 03:13:10,214,11.2,308.930,0.00,94,52,72
10/17/2015 03:13:15,66,11.3,307.500,0.00,97,55,71
10/17/2015 03:13:20,90,11.2,306.040,0.00,93,51,70
10/17/2015 03:13:25,183,11.2,304.640,0.00,101,54,73
10/17/2015 03:13:30,1,11.3,303.180,0.00,112,53,72
10/17/2015 03:13:35,202,11.1,301.720,0.00,111,51,72
10/17/2015 03:13:40,2,11.3,300.280,0.00,115,54,73
10/17/2015 03:13:45,168,11.1,298.780,0.00,140,53,70
10/17/2015 03:13:50,33,11.3,297.340,0.00,115,51,70
10/17/2015 03:13:55,78,11.2,295.880,0.00,122,53,73
10/17/2015 03:14:00,165,11.2,294.470,0.00,116,54,71
10/17/2015 03:14:05,84,11.2,293.020,0.00,121,52,72
10/17/2015 03:14:10,76,11.2,291.620,0.00,199,52,72
10/17/2015 03:14:15,59,11.2,290.190,0.00,125,53,71
10/17/2015 03:14:20,232,11.1,288.760,0.00,125,53,72
10/17/2015 03:14:25,1,11.3,287.320,0.00,124,54,69
10/17/2015 03:14:30,263,11.1,285.890,0.00,122,55,74
10/17/2015 03:14:35,68,11.2,284.500,0.00,123,53,73
10/17/2015 03:14:40,141,11.1,283.050,0.00,126,52,70
10/17/2015 03:14:45,45,11.3,281.600,0.00,117,53,72
10/17/2015 03:14:50,90,11.2,280.170,0.00,121,53,72
10/17/2015 03:14:55,268,11.1,278.760,0.00,122,53,69
10/17/2015 03:15:00,96,11.2,277.320,0.00,137,53,72
10/17/2015 03:15:05,129,11.2,275.930,0.00,121,53,72
10/17/2015 03:15:10,135,11.2,274.490,0.00,119,54,72
10/17/2015 03:15:15,168,11.2,273.090,0.00,121,54,72
10/17/2015 03:15:20,117,11.2,271.680,0.00,124,54,69
10/17/2015 03:15:25,173,11.2,270.260,0.00,123,53,72
10/17/2015 03:15:30,136,11.2,268.850,0.00,125,53,72
10/17/2015 03:15:35,70,11.2,267.450,0.00,117,52,72
10/17/2015 03:15:40,26,11.2,266.020,0.00,117,55,72
10/17/2015 03:15:45,135,11.2,264.620,0.00,117,55,72
10/17/2015 03:15:50,178,11.1,263.220,0.00,117,54,68
10/17/2015 03:15:55,78,11.2,261.790,0.00,116,56,72
10/17/2015 03:16:00,114,11.2,260.360,0.00,110,55,71
10/17/2015 03:16:05,127,11.2,258.940,0.00,117,54,72
10/17/2015 03:16:10,5,11.2,257.520,0.00,116,55,72
10/17/2015 03:16:15,271,11.1,256.100,0.00,113,53,74
10/17/2015 03:16:20,2,11.2,254.660,0.00,109,52,71
10/17/2015 03:16:25,204,11.1,253.270,0.00,111,52,69
10/17/2015 03:16:30,183,11.1,251.880,0.00,117,54,71
10/17/2015 03:16:35,14,11.2,250.470,0.00,115,53,71
10/17/2015 03:16:40,157,11.2,249.080,0.00,110,53,70
10/17/2015 03:16:45,0,11.2,247.650,0.00,113,53,72
10/17/2015 03:16:50,289,11.0,246.140,0.00,113,55,72
10/17/2015 03:16:55,0,11.2,244.680,0.00,123,53,72
10/17/2015 03:17:00,486,11.0,243.190,0.00,119,51,71
10/17/2015 03:17:05,0,11.2,241.800,0.00,122,54,71
10/17/2015 03:17:10,432,11.1,240.370,0.00,124,53,71
10/17/2015 03:17:15,1,11.2,238.950,0.00,129,52,72
10/17/2015 03:17:20,239,11.1,237.480,0.00,129,53,70
10/17/2015 03:17:25,36,11.2,236.080,0.00,123,54,74
10/17/2015 03:17:30,32,11.2,234.680,0.00,131,52,71
10/17/2015 03:17:35,252,11.1,233.270,0.00,125,51,71
10/17/2015 03:17:40,195,11.1,231.860,0.00,123,55,71
10/17/2015 03:17:45,1,11.2,230.450,0.00,136,53,70
10/17/2015 03:17:50,340,11.1,229.050,0.00,127,53,71
10/17/2015 03:17:55,0,11.2,227.600,0.00,129,52,70
10/17/2015 03:18:00,438,11.0,226.200,0.00,121,53,71
10/17/2015 03:18:05,0,11.2,224.810,0.00,120,52,69
10/17/2015 03:18:10,136,11.1,223.410,0.00,124,53,69
10/17/2015 03:18:15,158,11.2,222.100,0.00,129,52,72
10/17/2015 03:18:20,218,11.1,220.670,0.00,118,52,70
10/17/2015 03:18:25,52,11.2,219.290,0.00,133,52,70
10/17/2015 03:18:30,202,11.1,217.870,0.00,120,55,72
10/17/2015 03:18:35,138,11.1,216.470,0.00,115,55,73
10/17/2015 03:18:40,0,11.2,215.050,0.00,114,53,70
10/17/2015 03:18:45,319,11.1,213.650,0.00,108,54,69
10/17/2015 03:18:50,18,11.2,212.250,0.00,109,53,71
10/17/2015 03:18:55,7,11.2,210.790,0.00,138,54,73
10/17/2015 03:19:00,111,11.1,209.330,0.00,101,52,69
10/17/2015 03:19:05,87,11.2,207.870,0.00,108,52,70
10/17/2015 03:19:10,1,11.2,206.320,0.00,99,55,72
10/17/2015 03:19:15,83,11.2,204.850,0.00,100,55,71
10/17/2015 03:19:20,68,11.1,203.370,0.00,100,51,71
10/17/2015 03:19:25,1,11.2,201.950,0.00,102,51,71
10/17/2015 03:19:30,159,11.1,200.550,0.00,101,53,71
10/17/2015 03:19:35,81,11.2,199.140,0.00,98,53,70
10/17/2015 03:19:40,190,11.1,197.690,0.00,103,52,70
10/17/2015 03:19:45,99,11.1,196.310,0.00,101,52,70
10/17/2015 03:19:50,121,11.2,194.910,0.00,108,53,71
10/17/2015 03:19:55,236,11.0,193.420,0.00,93,52,71
10/17/2015 03:20:00,2,11.2,192.020,0.00,100,52,69
10/17/2015 03:20:05,61,11.2,190.630,0.00,100,52,74
10/17/2015 03:20:10,363,11.0,189.200,0.00,101,52,74
10/17/2015 03:20:15,10,11.2,187.790,0.00,102,55,70
10/17/2015 03:20:20,49,11.1,186.340,0.00,97,53,69
10/17/2015 03:20:25,346,11.1,184.920,0.00,102,55,72
10/17/2015 03:20:30,1,11.2,183.480,0.00,102,52,70
10/17/2015 03:20:35,317,11.0,182.020,0.00,99,53,72
10/17/2015 03:20:40,2,11.2,180.600,0.00,108,52,71
10/17/2015 03:20:45,36,11.1,179.210,0.00,99,51,72
10/17/2015 03:20:50,166,11.2,177.750,0.00,98,52,68
10/17/2015 03:20:55,31,11.1,176.280,0.00,116,51,71
10/17/2015 03:21:00,80,11.2,174.860,0.00,100,53,69
10/17/2015 03:21:05,101,11.2,173.510,0.00,103,51,70
10/17/2015 03:21:10,131,11.1,172.030,0.00,96,53,72
10/17/2015 03:21:15,134,11.2,170.610,0.00,99,52,69
10/17/2015 03:21:20,206,11.1,169.210,0.00,99,54,71
10/17/2015 03:21:25,358,11.0,167.830,0.00,105,53,70
10/17/2015 03:21:30,0,11.2,166.330,0.00,104,53,71
10/17/2015 03:21:35,384,11.0,164.940,0.00,108,52,71
10/17/2015 03:21:40,1,11.2,163.520,0.00,100,52,71
10/17/2015 03:21:45,291,11.1,162.120,0.00,99,53,71
10/17/2015 03:21:50,80,11.2,160.730,0.00,104,53,68
10/17/2015 03:21:55,237,11.1,159.350,0.00,106,53,71
10/17/2015 03:22:00,335,11.1,157.950,0.00,108,50,69
10/17/2015 03:22:05,84,11.1,156.590,0.00,109,53,69
10/17/2015 03:22:10,267,11.1,155.160,0.00,103,52,68
10/17/2015 03:22:15,225,11.1,153.800,0.00,106,54,72
10/17/2015 03:22:20,139,11.2,152.460,0.00,110,53,71
10/17/2015 03:22:25,125,11.1,150.990,0.00,107,51,69
10/17/2015 03:22:30,269,11.1,149.610,0.00,112,53,70
10/17/2015 03:22:35,206,11.1,148.220,0.00,112,54,70
10/17/2015 03:22:40,295,11.1,146.870,0.00,115,53,70
10/17/2015 03:22:45,33,11.2,145.450,0.00,110,51,69
10/17/2015 03:22:50,265,11.0,144.080,0.00,111,54,71
10/17/2015 03:22:55,255,11.1,142.690,0.00,108,53,70
10/17/2015 03:23:00,118,11.1,141.290,0.00,104,53,70
10/17/2015 03:23:05,41,11.2,139.860,0.00,113,51,72
10/17/2015 03:23:10,234,11.0,138.440,0.00,121,54,70
10/17/2015 03:23:15,44,11.2,137.070,0.00,119,54,67
10/17/2015 03:23:20,249,11.0,135.650,0.00,114,53,70
10/17/2015 03:23:25,63,11.1,134.280,0.00,123,53,70
10/17/2015 03:23:30,394,11.1,132.890,0.00,126,53,70
10/17/2015 03:23:35,1,11.2,131.460,0.00,120,53,69
10/17/2015 03:23:40,431,11.0,130.070,0.00,109,54,71
10/17/2015 03:23:45,74,11.1,128.690,0.00,100,53,71
10/17/2015 03:23:50,276,11.0,127.310,0.00,100,52,69
10/17/2015 03:23:55,57,11.1,125.970,0.00,108,55,71
10/17/2015 03:24:00,255,11.1,124.610,0.00,98,54,70
10/17/2015 03:24:05,55,11.1,123.160,0.00,97,53,71
10/17/2015 03:24:10,315,11.1,121.830,0.00,98,52,70
10/17/2015 03:24:15,490,10.9,120.480,0.00,97,52,70
10/17/2015 03:24:20,171,11.1,119.160,0.00,95,56,69
10/17/2015 03:24:25,246,11.1,117.840,0.00,102,50,72
10/17/2015 03:24:30,255,11.0,116.460,0.00,99,53,70
10/17/2015 03:24:35,388,11.0,115.080,0.00,95,54,69
10/17/2015 03:24:40,139,11.1,113.790,0.00,98,54,69
10/17/2015 03:24:45,384,11.1,112.380,0.00,97,54,71
10/17/2015 03:24:50,68,11.1,110.980,0.00,97,52,70
10/17/2015 03:24:55,362,11.0,109.670,0.00,96,54,68
10/17/2015 03:25:00,199,11.0,108.280,0.00,96,55,69
10/17/2015 03:25:05,43,11.1,106.890,0.00,121,52,70
10/17/2015 03:25:10,449,11.0,105.560,0.00,93,53,68
10/17/2015 03:25:15,0,11.2,104.120,0.00,87,56,71
10/17/2015 03:25:20,411,11.0,102.680,0.00,86,54,67
10/17/2015 03:25:25,155,11.1,101.300,0.00,94,55,68
10/17/2015 03:25:30,220,11.1,99.960,0.00,84,56,68
10/17/2015 03:25:35,178,11.1,98.580,0.00,83,55,69
10/17/2015 03:25:40,2,11.2,97.250,0.00,81,55,69
10/17/2015 03:25:45,338,11.0,95.850,0.00,87,56,67
10/17/2015 03:25:50,261,11.1,94.530,0.00,83,54,69
10/17/2015 03:25:55,124,11.1,93.140,0.00,84,54,67
10/17/2015 03:26:00,0,11.2,91.780,0.00,86,56,69
10/17/2015 03:26:05,339,11.0,90.450,0.00,87,57,70
10/17/2015 03:26:10,0,11.1,88.940,0.00,89,58,70
10/17/2015 03:26:15,279,11.1,87.600,0.00,90,59,69
10/17/2015 03:26:20,293,11.0,86.180,0.00,93,58,66
10/17/2015 03:26:25,240,11.1,84.790,0.00,98,58,66
10/17/2015 03:26:30,95,11.1,83.440,0.00,94,58,68
10/17/2015 03:26:35,280,11.0,82.100,0.00,95,63,68
10/17/2015 03:26:40,21,11.2,80.620,0.00,93,60,69
10/17/2015 03:26:45,124,11.1,79.290,0.00,97,58,71
10/17/2015 03:26:50,438,11.0,77.910,0.00,94,59,69
10/17/2015 03:26:55,0,11.2,76.430,0.00,99,59,68
10/17/2015 03:27:00,456,11.0,75.060,0.00,102,56,70
10/17/2015 03:27:05,59,11.1,73.750,0.00,94,58,68
10/17/2015 03:27:10,424,10.9,72.230,0.00,126,60,69
10/17/2015 03:27:15,14,11.2,70.970,0.00,92,60,72
10/17/2015 03:27:20,219,11.0,69.610,0.00,93,59,71
10/17/2015 03:27:25,537,11.0,68.170,0.00,93,61,70
10/17/2015 03:27:30,0,11.2,66.740,0.00,96,65,71
10/17/2015 03:27:35,428,11.0,65.430,0.00,89,68,69
10/17/2015 03:27:40,23,11.2,63.990,0.00,88,67,72
10/17/2015 03:27:45,248,11.1,62.570,0.00,89,68,67
10/17/2015 03:27:50,1,11.2,61.260,0.00,87,65,71
10/17/2015 03:27:55,388,11.0,59.800,0.00,96,75,68
10/17/2015 03:28:00,31,11.1,58.360,0.00,115,69,68
10/17/2015 03:28:05,321,11.0,57.070,0.00,94,73,71
10/17/2015 03:28:10,0,11.2,55.660,0.00,90,72,70
10/17/2015 03:28:15,393,10.9,54.150,0.00,100,74,71
10/17/2015 03:28:20,0,11.2,52.710,0.00,103,87,72
10/17/2015 03:28:25,396,11.0,51.200,0.00,96,85,70
10/17/2015 03:28:30,88,11.1,49.900,0.00,107,87,70
10/17/2015 03:28:35,176,11.0,48.450,0.00,97,92,73
10/17/2015 03:28:40,175,11.1,47.090,0.00,96,92,72
10/17/2015 03:28:45,359,11.0,45.630,0.00,100,93,70
10/17/2015 03:28:50,0,11.2,44.310,0.00,106,94,71
10/17/2015 03:28:55,278,11.0,42.960,0.00,106,98,72
10/17/2015 03:29:00,277,11.0,41.570,0.00,100,103,69
10/17/2015 03:29:05,168,11.0,40.140,0.00,97,108,69
10/17/2015 03:29:10,47,11.1,38.930,0.00,100,99,69
10/17/2015 03:29:15,31,11.1,37.460,0.00,111,111,68
10/17/2015 03:29:20,545,10.9,36.060,0.00,112,124,71
10/17/2015 03:29:25,3,11.2,34.680,0.00,122,139,72

 Ramp exit:    SMOOTH RUNNING
 Profile exit: TOP PRESSURE

 Vehicle motion stopped at 10/17/2015 03:29:28
 Sensor logging stopped at 10/17/2015 03:31:31
