
 Profile 320

 Sensors were turned on at  04/04/2017 00:00:02
 Vehicle began profiling at 04/04/2017 00:02:04

Date,[mA],[V],[dbar],Oxygen[uM],Optode Temp[C],Chl,NTU,Therm
04/04/2017 00:02:04,0,11.0,0.000,0.00,0.00,99,129,567
04/04/2017 00:02:14,218,10.8,0.000,0.00,0.00,97,129,567
04/04/2017 00:02:24,154,10.9,0.000,0.00,0.00,94,129,567
04/04/2017 00:02:37,279,10.7,199.210,380.86,3.85,96,129,567
04/04/2017 00:02:48,160,10.9,202.080,380.76,3.86,94,129,566
04/04/2017 00:02:58,43,11.1,204.850,380.25,3.85,94,129,567
04/04/2017 00:03:08,232,10.8,207.620,380.55,3.85,90,129,566
04/04/2017 00:03:18,124,10.9,210.120,381.20,3.84,89,128,566
04/04/2017 00:03:28,80,11.0,212.920,381.10,3.84,93,130,566
04/04/2017 00:03:38,142,10.9,215.720,381.38,3.84,89,126,566
04/04/2017 00:03:48,133,10.9,218.290,380.27,3.84,91,127,566
04/04/2017 00:03:58,105,11.0,221.060,380.72,3.84,94,130,566
04/04/2017 00:04:08,193,10.8,223.860,380.27,3.84,90,126,566
04/04/2017 00:04:18,93,11.0,226.540,380.71,3.84,92,127,566
04/04/2017 00:04:28,134,10.9,229.350,380.07,3.84,89,130,566
04/04/2017 00:04:38,124,10.9,231.810,379.99,3.84,89,127,566
04/04/2017 00:04:48,58,11.0,234.740,380.59,3.84,92,129,566
04/04/2017 00:04:58,207,10.8,237.470,380.58,3.84,89,127,566
04/04/2017 00:05:08,86,11.0,239.920,380.23,3.84,92,127,566
04/04/2017 00:05:18,126,10.9,242.790,380.90,3.85,91,128,566
04/04/2017 00:05:28,164,10.8,245.450,380.69,3.85,92,129,566
04/04/2017 00:05:38,120,10.9,248.130,380.56,3.85,92,127,566
04/04/2017 00:05:48,135,10.9,250.940,380.76,3.85,92,128,565
04/04/2017 00:05:58,123,10.9,253.680,380.20,3.84,92,127,565
04/04/2017 00:06:08,141,10.9,256.240,380.09,3.84,89,138,565
04/04/2017 00:06:18,143,10.9,258.980,380.68,3.84,89,124,565
04/04/2017 00:06:28,110,10.9,261.640,380.15,3.84,90,127,565
04/04/2017 00:06:38,93,10.9,264.530,380.08,3.84,89,127,565
04/04/2017 00:06:48,134,10.9,267.200,379.44,3.84,89,130,565
04/04/2017 00:06:58,122,10.9,269.920,379.02,3.84,88,128,565
04/04/2017 00:07:08,140,10.9,272.590,380.31,3.83,89,128,565
04/04/2017 00:07:18,89,10.9,275.290,379.82,3.83,90,128,565
04/04/2017 00:07:28,132,10.8,277.980,380.18,3.83,89,128,565
04/04/2017 00:07:38,139,10.9,280.560,380.07,3.83,88,129,565
04/04/2017 00:07:48,115,10.9,283.360,380.39,3.83,86,131,565
04/04/2017 00:07:58,92,10.9,286.100,379.26,3.83,87,127,565
04/04/2017 00:08:08,162,10.8,288.900,379.65,3.82,80,125,565
04/04/2017 00:08:18,145,10.8,291.450,379.22,3.82,82,128,565
04/04/2017 00:08:28,96,10.9,294.140,379.38,3.81,83,124,565
04/04/2017 00:08:38,173,10.8,296.810,379.51,3.81,81,126,565
04/04/2017 00:08:48,134,10.9,299.550,378.36,3.81,80,125,565
04/04/2017 00:08:58,110,10.9,302.180,379.01,3.81,81,124,565
04/04/2017 00:09:08,113,10.9,304.980,377.67,3.80,74,125,565
04/04/2017 00:09:18,158,10.8,307.680,377.61,3.79,67,124,565
04/04/2017 00:09:28,153,10.8,310.150,377.44,3.78,72,124,565
04/04/2017 00:09:38,105,10.9,313.120,377.62,3.78,68,124,565
04/04/2017 00:09:48,213,10.8,315.770,376.13,3.78,70,124,565
04/04/2017 00:09:58,125,10.9,318.320,376.70,3.78,67,124,565
04/04/2017 00:10:08,174,10.8,321.150,376.16,3.78,68,121,565
04/04/2017 00:10:18,104,10.9,323.700,376.60,3.77,68,122,565
04/04/2017 00:10:28,136,10.9,326.370,376.67,3.77,68,123,565
04/04/2017 00:10:38,135,10.9,329.080,376.26,3.77,67,124,565
04/04/2017 00:10:48,98,10.9,331.840,375.34,3.77,67,121,565
04/04/2017 00:10:58,185,10.8,334.470,375.01,3.77,67,121,565
04/04/2017 00:11:08,142,10.9,337.080,374.98,3.77,65,124,565
04/04/2017 00:11:18,113,10.9,339.860,376.31,3.77,69,136,565
04/04/2017 00:11:28,155,10.8,342.550,375.24,3.77,66,120,565
04/04/2017 00:11:38,157,10.8,345.180,374.39,3.77,66,121,565
04/04/2017 00:11:48,135,10.9,347.950,375.28,3.76,68,125,565
04/04/2017 00:11:58,75,10.9,350.610,375.59,3.77,67,122,565
04/04/2017 00:12:08,197,10.8,353.200,375.24,3.76,64,123,565
04/04/2017 00:12:18,103,10.9,356.040,375.58,3.75,63,119,565
04/04/2017 00:12:28,163,10.8,358.710,375.27,3.75,62,120,565
04/04/2017 00:12:38,94,10.9,361.220,374.29,3.75,62,120,565
04/04/2017 00:12:48,128,10.9,364.110,375.09,3.75,62,120,565
04/04/2017 00:12:58,172,10.8,366.720,374.65,3.75,61,121,565
04/04/2017 00:13:08,112,10.9,369.380,374.23,3.75,61,121,565
04/04/2017 00:13:18,128,10.9,372.160,374.43,3.75,61,120,565
04/04/2017 00:13:28,137,10.9,374.750,374.84,3.75,62,123,565
04/04/2017 00:13:38,144,10.9,377.440,374.26,3.74,63,124,565
04/04/2017 00:13:48,106,10.9,380.070,373.88,3.74,60,122,565
04/04/2017 00:13:58,206,10.8,382.850,373.84,3.74,62,121,565
04/04/2017 00:14:08,114,10.9,385.390,374.29,3.74,61,119,565
04/04/2017 00:14:18,99,10.9,388.100,374.18,3.74,62,125,565
04/04/2017 00:14:28,200,10.8,390.860,373.65,3.74,62,120,565
04/04/2017 00:14:38,138,10.9,393.480,373.24,3.74,61,122,564
04/04/2017 00:14:48,131,10.9,396.210,373.20,3.74,60,121,565
04/04/2017 00:14:58,128,10.9,398.930,372.86,3.74,61,121,564
04/04/2017 00:15:08,132,10.9,401.660,374.80,3.74,61,119,565
04/04/2017 00:15:18,153,10.8,404.220,373.25,3.74,61,122,565
04/04/2017 00:15:28,141,10.8,406.890,373.97,3.74,61,121,565
04/04/2017 00:15:38,148,10.8,409.690,373.09,3.74,60,121,564
04/04/2017 00:15:48,137,10.8,412.240,373.48,3.74,60,121,564
04/04/2017 00:15:58,105,10.9,414.980,373.36,3.73,59,121,564
04/04/2017 00:16:08,132,10.9,417.690,373.03,3.73,62,118,565
04/04/2017 00:16:18,149,10.8,420.320,373.23,3.73,61,121,564
04/04/2017 00:16:28,139,10.8,423.090,372.82,3.73,61,120,564
04/04/2017 00:16:38,154,10.8,425.800,373.48,3.73,61,120,565
04/04/2017 00:16:48,107,10.9,428.410,372.81,3.73,60,121,564
04/04/2017 00:16:58,163,10.8,431.100,373.18,3.73,59,122,564
04/04/2017 00:17:08,183,10.8,433.640,373.68,3.73,58,123,565
04/04/2017 00:17:18,104,10.9,436.470,372.71,3.73,58,121,564
04/04/2017 00:17:28,135,10.9,439.050,372.27,3.72,59,120,564
04/04/2017 00:17:38,167,10.8,441.850,372.88,3.72,58,122,564
04/04/2017 00:17:48,148,10.9,444.390,372.46,3.71,58,121,565
04/04/2017 00:17:58,142,10.9,447.220,373.42,3.71,58,119,565
04/04/2017 00:18:08,160,10.8,449.780,372.84,3.71,57,121,564
04/04/2017 00:18:18,148,10.8,452.430,372.60,3.71,57,120,564
04/04/2017 00:18:28,99,10.9,455.210,372.34,3.71,58,119,565
04/04/2017 00:18:38,163,10.8,457.940,371.69,3.71,59,124,565
04/04/2017 00:18:48,131,10.9,460.520,372.28,3.71,59,123,564
04/04/2017 00:18:58,144,10.9,463.240,372.99,3.71,59,124,564
04/04/2017 00:19:08,148,10.9,465.940,372.26,3.71,59,125,565
04/04/2017 00:19:18,100,10.9,468.590,372.35,3.71,59,123,564
04/04/2017 00:19:28,162,10.8,471.220,370.84,3.71,59,123,564
04/04/2017 00:19:38,134,10.9,473.950,372.28,3.71,58,118,564
04/04/2017 00:19:48,87,10.9,476.690,372.54,3.71,58,120,564
04/04/2017 00:19:58,150,10.9,479.410,371.97,3.70,59,119,565
04/04/2017 00:20:08,115,10.9,481.990,371.78,3.70,58,121,564
04/04/2017 00:20:18,156,10.8,484.780,371.95,3.70,57,120,564
04/04/2017 00:20:28,156,10.9,487.430,372.27,3.69,58,119,565
04/04/2017 00:20:38,126,10.9,490.090,372.00,3.69,59,120,564
04/04/2017 00:20:48,134,10.9,492.790,372.19,3.69,58,121,564
04/04/2017 00:20:58,137,10.9,495.390,371.46,3.69,59,120,565
04/04/2017 00:21:08,131,10.9,498.230,371.87,3.69,58,122,564
04/04/2017 00:21:18,114,10.9,500.830,371.39,3.69,57,118,564
04/04/2017 00:21:28,142,10.9,503.590,371.62,3.69,57,118,565
04/04/2017 00:21:38,149,10.8,506.240,372.33,3.69,57,122,564
04/04/2017 00:21:48,136,10.9,508.880,371.81,3.69,56,118,565
04/04/2017 00:21:58,124,10.9,511.470,372.02,3.69,58,119,564
04/04/2017 00:22:08,135,10.9,514.230,372.35,3.68,60,119,565
04/04/2017 00:22:18,129,10.9,516.950,372.04,3.68,58,120,565
04/04/2017 00:22:28,116,10.9,519.640,371.65,3.68,59,119,564
04/04/2017 00:22:38,92,10.9,522.130,371.92,3.68,60,118,564
04/04/2017 00:22:48,146,10.9,524.900,372.04,3.68,61,119,564
04/04/2017 00:22:58,156,10.8,527.550,371.44,3.68,60,118,564
04/04/2017 00:23:08,116,10.9,530.270,371.37,3.67,59,122,564
04/04/2017 00:23:18,140,10.9,532.960,371.92,3.68,60,119,564
04/04/2017 00:23:28,143,10.8,535.680,372.12,3.68,61,123,564
04/04/2017 00:23:38,108,10.9,538.410,372.40,3.68,60,120,564
04/04/2017 00:23:48,128,10.9,541.000,371.53,3.68,62,120,565
04/04/2017 00:23:58,131,10.9,543.770,371.68,3.68,61,120,564
04/04/2017 00:24:08,131,10.9,546.350,371.51,3.68,61,119,564
04/04/2017 00:24:18,153,10.8,549.180,371.98,3.68,61,118,564
04/04/2017 00:24:28,119,10.9,551.730,370.81,3.68,61,120,564
04/04/2017 00:24:38,66,11.0,554.580,371.42,3.68,60,121,564
04/04/2017 00:24:48,220,10.8,557.260,371.39,3.68,59,119,564
04/04/2017 00:24:58,93,10.9,559.800,371.62,3.68,60,121,564
04/04/2017 00:25:08,171,10.8,562.480,371.59,3.68,60,120,564
04/04/2017 00:25:18,139,10.9,565.200,371.36,3.68,61,119,564
04/04/2017 00:25:28,102,10.9,567.770,371.33,3.68,58,120,564
04/04/2017 00:25:38,182,10.8,570.550,370.87,3.67,59,117,564
04/04/2017 00:25:48,133,10.9,573.250,371.69,3.67,59,119,565
04/04/2017 00:25:58,140,10.8,575.800,371.45,3.66,59,117,564
04/04/2017 00:26:08,113,10.9,578.600,371.15,3.66,61,119,564
04/04/2017 00:26:18,125,10.9,581.230,371.12,3.66,59,119,564
04/04/2017 00:26:28,123,10.9,583.910,369.12,3.65,60,119,564
04/04/2017 00:26:38,152,10.9,586.670,369.95,3.65,58,117,564
04/04/2017 00:26:48,149,10.9,589.330,369.23,3.65,59,118,564
04/04/2017 00:26:58,137,10.9,591.950,369.83,3.65,59,121,564
04/04/2017 00:27:08,105,10.9,594.690,370.49,3.65,58,117,564
04/04/2017 00:27:18,132,10.9,597.390,369.41,3.65,58,120,564
04/04/2017 00:27:28,149,10.8,600.090,369.39,3.65,57,121,564
04/04/2017 00:27:38,117,10.9,602.780,368.81,3.64,56,119,564
04/04/2017 00:27:48,114,10.9,605.500,367.97,3.64,58,117,564
04/04/2017 00:27:58,158,10.8,608.080,367.98,3.64,59,118,564
04/04/2017 00:28:08,121,10.9,610.750,368.39,3.63,58,119,564
04/04/2017 00:28:18,165,10.8,613.450,367.91,3.63,58,119,564
04/04/2017 00:28:28,149,10.8,616.060,368.44,3.63,57,117,564
04/04/2017 00:28:38,121,10.9,618.770,368.27,3.63,52,118,565
04/04/2017 00:28:48,164,10.8,621.440,367.00,3.62,55,118,564
04/04/2017 00:28:58,128,10.9,624.050,366.71,3.61,54,118,564
04/04/2017 00:29:08,92,10.9,626.780,365.62,3.61,54,117,564
04/04/2017 00:29:18,195,10.8,629.460,366.34,3.61,53,119,564
04/04/2017 00:29:28,111,10.9,632.070,366.46,3.61,55,117,564
04/04/2017 00:29:38,133,10.9,634.910,365.92,3.61,54,117,564
04/04/2017 00:29:48,148,10.9,637.570,366.37,3.61,54,116,565
04/04/2017 00:29:58,127,10.9,640.150,365.31,3.61,55,114,564
04/04/2017 00:30:08,170,10.8,642.890,365.95,3.61,53,115,565
04/04/2017 00:30:18,154,10.8,645.590,365.74,3.60,52,116,565
04/04/2017 00:30:28,80,10.9,648.220,365.02,3.60,53,115,564
04/04/2017 00:30:38,155,10.9,650.860,364.68,3.60,52,115,564
04/04/2017 00:30:48,151,10.9,653.590,365.09,3.59,55,115,564
04/04/2017 00:30:58,132,10.9,656.140,364.51,3.59,53,116,565
04/04/2017 00:31:08,131,10.9,658.930,365.57,3.60,52,115,565
04/04/2017 00:31:18,152,10.8,661.640,364.52,3.60,54,123,564
04/04/2017 00:31:28,112,10.9,664.190,364.94,3.60,53,116,565
04/04/2017 00:31:38,132,10.9,666.950,363.92,3.60,54,116,565
04/04/2017 00:31:48,171,10.8,669.580,363.58,3.60,54,117,564
04/04/2017 00:31:58,144,10.9,672.210,365.42,3.60,56,115,564
04/04/2017 00:32:08,110,10.9,674.920,365.12,3.60,54,115,564
04/04/2017 00:32:18,104,10.9,677.540,364.83,3.59,55,116,564
04/04/2017 00:32:28,122,10.9,680.250,364.57,3.58,54,115,565
04/04/2017 00:32:38,133,10.9,682.770,364.12,3.58,53,115,565
04/04/2017 00:32:48,168,10.8,685.640,363.97,3.58,54,116,565
04/04/2017 00:32:58,134,10.9,688.140,363.98,3.57,53,114,565
04/04/2017 00:33:08,118,10.9,690.780,363.54,3.57,52,114,564
04/04/2017 00:33:18,166,10.8,693.530,364.07,3.57,51,116,564
04/04/2017 00:33:28,139,10.8,696.250,362.85,3.57,53,115,564
04/04/2017 00:33:38,158,10.8,698.890,362.95,3.57,54,119,564
04/04/2017 00:33:48,156,10.9,701.590,362.83,3.57,54,116,564
04/04/2017 00:33:58,125,10.9,704.250,362.45,3.57,54,115,564
04/04/2017 00:34:08,160,10.9,706.830,362.97,3.57,53,115,564
04/04/2017 00:34:18,114,10.9,709.480,363.16,3.57,52,121,564
04/04/2017 00:34:28,99,10.9,712.160,363.57,3.57,53,118,564
04/04/2017 00:34:38,163,10.8,714.820,362.53,3.57,52,117,564
04/04/2017 00:34:48,120,10.9,717.500,363.35,3.57,53,113,564
04/04/2017 00:34:58,132,10.9,720.170,362.99,3.58,54,115,564
04/04/2017 00:35:08,148,10.9,722.920,362.74,3.58,53,118,564
04/04/2017 00:35:18,157,10.9,725.520,363.21,3.58,53,116,564
04/04/2017 00:35:28,137,10.9,728.230,362.90,3.58,54,114,564
04/04/2017 00:35:38,122,10.9,730.880,362.85,3.57,53,115,565
04/04/2017 00:35:48,160,10.8,733.660,362.70,3.57,54,114,565
04/04/2017 00:35:58,125,10.9,736.200,362.96,3.58,53,115,565
04/04/2017 00:36:08,137,10.9,738.910,363.47,3.57,53,115,564
04/04/2017 00:36:18,169,10.8,741.560,362.80,3.57,55,114,564
04/04/2017 00:36:28,136,10.9,744.390,361.66,3.57,53,116,564
04/04/2017 00:36:38,144,10.8,747.010,362.23,3.57,53,113,564
04/04/2017 00:36:48,140,10.9,749.600,362.80,3.57,51,120,565
04/04/2017 00:36:58,155,10.9,752.300,362.61,3.57,53,116,564
04/04/2017 00:37:08,141,10.9,755.090,361.75,3.57,54,115,565
04/04/2017 00:37:18,121,10.9,757.650,361.85,3.57,52,116,564
04/04/2017 00:37:28,149,10.8,760.220,360.98,3.56,52,116,565
04/04/2017 00:37:38,130,10.9,762.970,361.46,3.56,53,116,564
04/04/2017 00:37:48,140,10.9,765.570,361.50,3.56,51,113,565
04/04/2017 00:37:58,140,10.8,768.350,362.08,3.56,53,120,565
04/04/2017 00:38:08,131,10.9,770.850,361.25,3.56,54,115,564
04/04/2017 00:38:18,109,10.9,773.610,361.43,3.56,52,114,564
04/04/2017 00:38:28,176,10.8,776.410,362.04,3.56,53,116,564
04/04/2017 00:38:38,148,10.9,778.960,361.38,3.56,52,114,564
04/04/2017 00:38:48,107,10.9,781.550,361.49,3.55,52,116,565
04/04/2017 00:38:58,139,10.9,784.370,361.22,3.56,53,114,564
04/04/2017 00:39:08,163,10.8,786.940,360.78,3.55,53,117,565
04/04/2017 00:39:18,125,10.9,789.650,361.00,3.55,51,120,565
04/04/2017 00:39:28,131,10.9,792.220,362.07,3.55,53,117,565
04/04/2017 00:39:38,126,10.9,795.070,360.67,3.56,52,121,565
04/04/2017 00:39:48,128,10.9,797.620,361.89,3.56,54,116,564
04/04/2017 00:39:58,176,10.8,800.280,360.76,3.56,51,114,564
04/04/2017 00:40:08,118,10.9,802.870,360.99,3.56,52,114,565
04/04/2017 00:40:18,147,10.9,805.650,361.34,3.56,53,116,564
04/04/2017 00:40:28,122,10.9,808.320,360.93,3.56,52,119,565
04/04/2017 00:40:38,145,10.9,810.880,361.22,3.55,53,115,564
04/04/2017 00:40:48,135,10.9,813.600,360.95,3.54,52,113,564
04/04/2017 00:40:58,152,10.9,816.170,360.73,3.54,53,116,565
04/04/2017 00:41:08,135,10.9,818.930,360.69,3.54,51,118,565
04/04/2017 00:41:18,162,10.9,821.480,361.34,3.54,53,113,565
04/04/2017 00:41:28,137,10.9,824.170,360.47,3.54,52,114,565
04/04/2017 00:41:38,132,10.9,826.920,361.02,3.54,52,116,564
04/04/2017 00:41:48,136,10.9,829.420,360.64,3.54,52,113,565
04/04/2017 00:41:58,93,10.9,832.250,360.79,3.54,52,113,564
04/04/2017 00:42:08,168,10.8,834.820,360.87,3.53,51,113,565
04/04/2017 00:42:18,108,10.9,837.450,360.84,3.53,53,114,565
04/04/2017 00:42:28,164,10.8,840.220,360.29,3.53,53,112,564
04/04/2017 00:42:38,140,10.9,842.730,359.54,3.53,51,122,565
04/04/2017 00:42:48,131,10.9,845.360,360.67,3.53,53,127,564
04/04/2017 00:42:58,144,10.9,848.210,360.30,3.52,53,114,565
04/04/2017 00:43:08,131,10.9,850.680,360.25,3.52,52,116,564
04/04/2017 00:43:18,148,10.8,853.430,360.35,3.52,52,116,565
04/04/2017 00:43:28,136,10.9,856.070,360.07,3.52,53,117,564
04/04/2017 00:43:38,111,10.9,858.670,360.44,3.52,52,115,565
04/04/2017 00:43:48,159,10.9,861.400,359.90,3.52,52,121,564
04/04/2017 00:43:58,127,10.9,863.950,360.97,3.51,52,114,565
04/04/2017 00:44:08,126,10.9,866.690,361.02,3.51,52,113,565
04/04/2017 00:44:18,135,10.9,869.220,359.44,3.50,51,114,565
04/04/2017 00:44:28,138,10.9,872.020,360.61,3.50,52,114,564
04/04/2017 00:44:38,154,10.9,874.510,359.97,3.50,52,117,565
04/04/2017 00:44:48,123,10.9,877.320,360.25,3.50,53,114,565
04/04/2017 00:44:58,162,10.8,879.870,360.67,3.50,52,116,564
04/04/2017 00:45:08,147,10.9,882.650,360.19,3.50,52,115,565
04/04/2017 00:45:18,126,10.9,885.230,359.99,3.50,51,112,565
04/04/2017 00:45:28,138,10.9,887.940,360.28,3.50,52,115,565
04/04/2017 00:45:38,134,10.9,890.430,360.85,3.50,52,116,565
04/04/2017 00:45:48,139,10.9,893.270,359.66,3.49,52,114,565
04/04/2017 00:45:58,164,10.8,895.900,360.38,3.49,53,114,565
04/04/2017 00:46:08,137,10.9,898.440,359.47,3.49,53,115,565
04/04/2017 00:46:18,141,10.9,901.220,360.70,3.49,52,125,565
04/04/2017 00:46:28,143,10.9,903.880,360.10,3.49,52,115,565
04/04/2017 00:46:38,159,10.9,906.540,359.61,3.49,53,116,564
04/04/2017 00:46:48,165,10.8,909.110,360.57,3.49,53,113,565
04/04/2017 00:46:58,111,10.9,911.810,359.31,3.49,52,113,565
04/04/2017 00:47:08,169,10.8,914.490,359.82,3.49,51,114,565
04/04/2017 00:47:18,151,10.9,917.020,360.48,3.49,51,115,565
04/04/2017 00:47:28,101,10.9,919.650,359.72,3.49,52,114,565
04/04/2017 00:47:38,205,10.8,922.370,360.21,3.48,53,118,565
04/04/2017 00:47:48,140,10.9,924.840,359.95,3.48,52,116,564
04/04/2017 00:47:58,108,10.9,927.630,360.19,3.48,52,114,565
04/04/2017 00:48:08,188,10.8,930.360,359.87,3.48,51,119,565
04/04/2017 00:48:18,149,10.9,932.920,361.22,3.48,53,113,565
04/04/2017 00:48:28,136,10.9,935.470,360.52,3.48,54,114,565
04/04/2017 00:48:38,137,10.9,938.320,361.08,3.48,53,116,564
04/04/2017 00:48:48,157,10.9,940.970,360.73,3.48,51,119,565
04/04/2017 00:48:58,124,10.9,943.550,361.13,3.48,51,117,565
04/04/2017 00:49:08,148,10.8,946.240,360.05,3.48,51,113,565
04/04/2017 00:49:18,150,10.9,948.810,359.85,3.48,53,117,565
04/04/2017 00:49:28,129,10.9,951.480,360.46,3.48,52,118,565
04/04/2017 00:49:38,149,10.9,954.120,360.34,3.48,52,114,565
04/04/2017 00:49:48,163,10.9,956.830,358.78,3.48,53,113,565
04/04/2017 00:49:58,154,10.9,959.480,359.22,3.47,53,118,565
04/04/2017 00:50:08,143,10.9,962.020,358.31,3.47,53,114,565
04/04/2017 00:50:18,134,10.9,964.730,359.07,3.47,52,114,565
04/04/2017 00:50:28,146,10.9,967.490,359.51,3.47,52,119,565
04/04/2017 00:50:38,156,10.9,970.090,359.29,3.47,52,115,565
04/04/2017 00:50:48,144,10.9,972.610,358.82,3.47,53,113,565
04/04/2017 00:50:58,173,10.8,975.370,359.73,3.47,52,112,565
04/04/2017 00:51:08,152,10.9,977.980,359.03,3.47,52,114,565
04/04/2017 00:51:18,157,10.9,980.580,358.62,3.47,53,114,564
04/04/2017 00:51:28,119,10.9,983.310,358.32,3.48,54,115,565
04/04/2017 00:51:38,169,10.8,985.950,358.69,3.48,52,117,565
04/04/2017 00:51:48,171,10.9,988.630,358.43,3.47,52,112,565
04/04/2017 00:51:58,151,10.9,991.240,358.76,3.47,51,118,565
04/04/2017 00:52:08,117,10.9,993.880,357.86,3.47,51,114,565
04/04/2017 00:52:18,182,10.8,996.500,358.59,3.47,51,115,565
04/04/2017 00:52:28,146,10.9,999.140,358.44,3.47,52,113,565
04/04/2017 00:52:38,160,10.8,1001.700,357.83,3.47,50,114,565
04/04/2017 00:52:48,142,10.9,1004.420,357.73,3.46,52,116,565
04/04/2017 00:52:58,142,10.9,1007.090,358.06,3.46,52,113,565
04/04/2017 00:53:08,170,10.9,1009.750,357.98,3.46,53,121,565
04/04/2017 00:53:18,138,10.9,1012.350,358.58,3.46,52,114,565
04/04/2017 00:53:28,147,10.9,1014.960,357.67,3.45,53,114,565
04/04/2017 00:53:38,166,10.8,1017.670,358.33,3.45,53,114,565
04/04/2017 00:53:48,156,10.9,1020.380,358.64,3.45,51,114,565
04/04/2017 00:53:58,133,10.9,1022.970,358.51,3.45,52,115,565
04/04/2017 00:54:08,150,10.9,1025.600,359.21,3.44,50,114,565
04/04/2017 00:54:18,161,10.8,1028.260,357.78,3.44,53,115,565
04/04/2017 00:54:28,157,10.9,1030.880,357.96,3.44,51,114,564
04/04/2017 00:54:38,121,10.9,1033.480,358.92,3.43,51,113,565
04/04/2017 00:54:48,172,10.9,1036.120,358.32,3.43,53,116,565
04/04/2017 00:54:58,158,10.8,1038.750,358.12,3.43,52,111,565
04/04/2017 00:55:08,141,10.9,1041.350,358.44,3.43,53,114,565
04/04/2017 00:55:18,172,10.8,1044.040,358.28,3.43,52,115,565
04/04/2017 00:55:28,157,10.9,1046.590,357.51,3.43,52,112,564
04/04/2017 00:55:38,121,10.9,1049.280,358.11,3.42,53,113,565
04/04/2017 00:55:48,153,10.9,1051.940,358.55,3.42,52,113,565
04/04/2017 00:55:58,200,10.8,1054.620,357.97,3.42,52,118,565
04/04/2017 00:56:08,78,10.9,1057.290,358.49,3.42,53,113,565
04/04/2017 00:56:18,177,10.8,1059.960,357.58,3.42,52,116,565
04/04/2017 00:56:28,168,10.8,1062.520,358.28,3.42,52,113,565
04/04/2017 00:56:38,145,10.9,1065.100,358.54,3.42,52,115,565
04/04/2017 00:56:48,149,10.9,1067.810,358.99,3.42,53,113,565
04/04/2017 00:56:58,126,10.9,1070.470,357.61,3.42,52,115,565
04/04/2017 00:57:08,147,10.9,1073.120,357.66,3.42,53,115,564
04/04/2017 00:57:18,149,10.9,1075.690,357.96,3.42,52,113,565
04/04/2017 00:57:28,168,10.8,1078.310,358.12,3.42,52,116,565
04/04/2017 00:57:38,141,10.9,1080.980,358.01,3.42,52,111,565
04/04/2017 00:57:48,152,10.9,1083.550,358.07,3.42,51,113,565
04/04/2017 00:57:58,145,10.9,1086.230,357.67,3.41,52,114,565
04/04/2017 00:58:08,149,10.9,1088.860,358.20,3.41,51,112,565
04/04/2017 00:58:18,151,10.9,1091.640,356.92,3.41,54,114,565
04/04/2017 00:58:28,157,10.8,1094.080,357.78,3.40,52,113,565
04/04/2017 00:58:38,145,10.9,1096.760,357.34,3.40,51,114,565
04/04/2017 00:58:48,158,10.9,1099.410,357.44,3.40,52,114,565
04/04/2017 00:58:58,158,10.9,1102.090,358.94,3.40,52,113,565
04/04/2017 00:59:08,155,10.9,1104.700,357.88,3.39,51,115,565
04/04/2017 00:59:18,103,10.9,1107.220,357.21,3.39,50,114,565
04/04/2017 00:59:28,170,10.8,1109.950,357.56,3.38,53,115,565
04/04/2017 00:59:38,160,10.9,1112.550,357.78,3.38,52,116,565
04/04/2017 00:59:48,142,10.9,1115.290,357.46,3.38,53,115,565
04/04/2017 00:59:58,150,10.9,1117.820,358.58,3.38,53,115,565
04/04/2017 01:00:08,143,10.9,1120.380,357.86,3.38,51,115,565
04/04/2017 01:00:18,156,10.9,1123.160,357.93,3.38,53,113,565
04/04/2017 01:00:28,185,10.8,1125.760,357.72,3.38,51,113,565
04/04/2017 01:00:38,167,10.8,1128.320,358.13,3.38,52,114,565
04/04/2017 01:00:48,128,10.9,1131.010,357.00,3.38,52,114,565
04/04/2017 01:00:58,190,10.9,1133.770,357.79,3.37,52,114,565
04/04/2017 01:01:08,154,10.8,1136.210,357.10,3.37,53,112,565
04/04/2017 01:01:18,147,10.9,1138.820,357.68,3.37,52,114,565
04/04/2017 01:01:28,142,10.9,1141.530,356.83,3.37,53,116,565
04/04/2017 01:01:38,145,10.9,1144.190,358.02,3.37,51,115,565
04/04/2017 01:01:48,147,10.9,1146.850,357.44,3.37,52,116,565
04/04/2017 01:01:58,167,10.8,1149.410,357.79,3.37,52,112,565
04/04/2017 01:02:08,152,10.9,1152.160,356.87,3.37,52,115,565
04/04/2017 01:02:18,166,10.8,1154.670,357.54,3.37,50,112,565
04/04/2017 01:02:28,155,10.9,1157.410,357.06,3.37,53,114,565
04/04/2017 01:02:38,155,10.8,1159.990,357.00,3.37,53,111,565
04/04/2017 01:02:48,162,10.8,1162.630,357.33,3.37,51,116,565
04/04/2017 01:02:58,130,10.9,1165.370,357.15,3.37,52,113,565
04/04/2017 01:03:08,181,10.8,1167.940,357.08,3.37,50,113,565
04/04/2017 01:03:18,156,10.9,1170.590,357.08,3.37,52,112,565
04/04/2017 01:03:28,164,10.9,1173.110,358.03,3.37,53,125,565
04/04/2017 01:03:38,159,10.8,1175.880,357.48,3.37,50,112,565
04/04/2017 01:03:48,135,10.9,1178.440,356.81,3.37,51,114,565
04/04/2017 01:03:58,158,10.9,1181.110,356.85,3.37,51,113,565
04/04/2017 01:04:08,156,10.9,1183.820,356.15,3.37,51,113,565
04/04/2017 01:04:18,130,10.9,1186.450,356.52,3.37,51,112,565
04/04/2017 01:04:28,177,10.8,1189.110,356.49,3.37,52,112,565
04/04/2017 01:04:38,149,10.9,1191.750,356.29,3.37,52,114,565
04/04/2017 01:04:48,156,10.9,1194.360,356.56,3.37,51,113,565
04/04/2017 01:04:58,139,10.9,1196.990,356.25,3.36,51,113,565
04/04/2017 01:05:08,118,10.9,1199.570,356.44,3.36,52,113,565
04/04/2017 01:05:18,204,10.8,1202.220,356.25,3.36,51,113,565
04/04/2017 01:05:28,137,10.9,1204.810,356.36,3.36,53,112,565
04/04/2017 01:05:38,150,10.9,1207.430,356.58,3.36,53,112,565
04/04/2017 01:05:48,150,10.9,1210.160,356.91,3.36,53,113,565
04/04/2017 01:05:58,159,10.8,1212.810,356.34,3.36,51,115,565
04/04/2017 01:06:08,147,10.9,1215.410,356.68,3.36,53,113,565
04/04/2017 01:06:18,136,10.9,1217.990,357.07,3.36,53,111,565
04/04/2017 01:06:28,162,10.9,1220.610,357.04,3.36,52,115,565
04/04/2017 01:06:38,154,10.9,1223.270,356.69,3.36,53,113,565
04/04/2017 01:06:48,149,10.9,1225.890,356.48,3.36,52,112,565
04/04/2017 01:06:58,146,10.9,1228.550,356.47,3.36,52,113,565
04/04/2017 01:07:08,160,10.9,1231.190,356.57,3.36,52,116,565
04/04/2017 01:07:18,160,10.8,1233.900,356.52,3.36,54,112,565
04/04/2017 01:07:28,161,10.9,1236.490,356.21,3.36,51,113,565
04/04/2017 01:07:38,177,10.8,1239.040,356.51,3.36,51,113,565
04/04/2017 01:07:48,144,10.9,1241.800,355.78,3.36,53,112,565
04/04/2017 01:07:58,142,10.9,1244.360,356.10,3.37,53,112,565
04/04/2017 01:08:08,179,10.8,1247.020,356.28,3.37,51,113,565
04/04/2017 01:08:18,152,10.9,1249.620,355.43,3.37,52,112,565
04/04/2017 01:08:28,144,10.9,1252.310,355.85,3.36,52,113,565
04/04/2017 01:08:38,159,10.8,1254.950,355.52,3.37,53,113,565
04/04/2017 01:08:48,181,10.8,1257.550,355.57,3.36,51,112,565
04/04/2017 01:08:58,101,10.9,1260.250,355.72,3.36,54,114,565
04/04/2017 01:09:08,207,10.8,1262.870,355.50,3.36,52,112,565
04/04/2017 01:09:18,132,10.9,1265.460,354.91,3.37,54,112,565
04/04/2017 01:09:28,202,10.8,1268.150,355.38,3.37,52,111,565
04/04/2017 01:09:38,162,10.9,1270.750,355.11,3.37,53,112,565
04/04/2017 01:09:48,151,10.9,1273.400,356.34,3.37,51,113,565
04/04/2017 01:09:58,158,10.9,1276.030,355.61,3.37,52,112,565
04/04/2017 01:10:08,154,10.9,1278.530,354.75,3.37,52,117,565
04/04/2017 01:10:18,167,10.8,1281.220,354.62,3.37,52,113,565
04/04/2017 01:10:28,180,10.8,1283.850,354.90,3.37,53,114,565
04/04/2017 01:10:38,148,10.9,1286.520,354.91,3.37,52,112,565
04/04/2017 01:10:48,146,10.9,1289.090,355.15,3.37,52,112,565
04/04/2017 01:10:58,190,10.8,1291.810,355.23,3.37,52,112,565
04/04/2017 01:11:08,129,10.9,1294.380,354.52,3.38,51,112,565
04/04/2017 01:11:18,158,10.9,1297.060,355.48,3.38,52,112,565
04/04/2017 01:11:28,158,10.9,1299.690,354.71,3.38,53,113,565
04/04/2017 01:11:38,163,10.9,1302.300,353.33,3.38,51,115,565
04/04/2017 01:11:48,185,10.8,1304.870,353.92,3.38,52,113,565
04/04/2017 01:11:58,168,10.9,1307.450,353.90,3.37,52,113,565
04/04/2017 01:12:08,163,10.8,1310.110,352.93,3.37,51,112,565
04/04/2017 01:12:18,163,10.8,1312.770,353.65,3.37,53,273,565
04/04/2017 01:12:28,149,10.9,1315.320,353.21,3.37,52,111,565
04/04/2017 01:12:38,177,10.8,1318.040,353.12,3.37,53,114,565
04/04/2017 01:12:48,165,10.9,1320.700,353.17,3.37,52,115,565
04/04/2017 01:12:58,146,10.9,1323.180,353.29,3.37,52,112,565
04/04/2017 01:13:08,169,10.8,1325.900,352.29,3.37,52,115,565
04/04/2017 01:13:18,154,10.9,1328.540,353.14,3.37,52,113,565
04/04/2017 01:13:28,129,10.9,1331.100,352.78,3.37,52,117,565
04/04/2017 01:13:38,184,10.8,1333.860,352.46,3.38,51,114,565
04/04/2017 01:13:48,150,10.9,1336.310,352.52,3.38,52,112,565
04/04/2017 01:13:58,166,10.8,1339.090,351.90,3.40,53,113,565
04/04/2017 01:14:08,153,10.9,1341.660,351.72,3.40,52,119,565
04/04/2017 01:14:18,177,10.8,1344.330,351.01,3.40,51,112,565
04/04/2017 01:14:28,168,10.9,1346.880,351.48,3.41,52,114,565
04/04/2017 01:14:38,164,10.8,1349.440,350.81,3.41,52,111,565
04/04/2017 01:14:48,176,10.8,1352.150,350.40,3.41,51,113,565
04/04/2017 01:14:58,171,10.9,1354.640,349.77,3.41,53,114,565
04/04/2017 01:15:08,170,10.8,1357.280,349.97,3.41,52,114,565
04/04/2017 01:15:18,151,10.9,1359.880,349.66,3.42,51,112,565
04/04/2017 01:15:28,191,10.8,1362.500,348.99,3.42,52,113,565
04/04/2017 01:15:38,167,10.9,1365.150,348.32,3.43,52,113,565
04/04/2017 01:15:48,180,10.8,1367.870,348.24,3.44,52,112,565
04/04/2017 01:15:58,166,10.8,1370.380,347.25,3.44,51,113,565
04/04/2017 01:16:08,169,10.9,1372.930,346.02,3.45,53,112,565
04/04/2017 01:16:18,166,10.8,1375.590,346.24,3.45,51,114,565
04/04/2017 01:16:28,147,10.9,1378.320,346.58,3.46,53,115,565
04/04/2017 01:16:38,162,10.8,1380.830,345.91,3.46,52,118,565
04/04/2017 01:16:48,191,10.8,1383.390,345.75,3.46,53,114,565
04/04/2017 01:16:58,162,10.8,1386.150,345.23,3.47,52,115,565
04/04/2017 01:17:08,167,10.9,1388.640,344.68,3.47,53,114,565
04/04/2017 01:17:18,148,10.9,1391.190,343.91,3.48,53,112,565
04/04/2017 01:17:28,184,10.8,1393.840,343.56,3.48,53,116,565
04/04/2017 01:17:38,178,10.8,1396.470,343.23,3.49,52,114,565
04/04/2017 01:17:48,172,10.8,1399.060,343.25,3.53,53,113,565
04/04/2017 01:17:58,161,10.9,1401.640,341.57,3.54,53,112,565
04/04/2017 01:18:08,176,10.8,1404.220,340.14,3.56,53,113,565
04/04/2017 01:18:18,172,10.8,1406.760,339.54,3.56,53,114,565
04/04/2017 01:18:28,167,10.9,1409.370,338.37,3.57,52,113,565
04/04/2017 01:18:38,181,10.8,1412.100,338.36,3.57,52,112,565
04/04/2017 01:18:48,167,10.9,1414.720,337.84,3.57,54,116,565
04/04/2017 01:18:58,167,10.9,1417.250,338.21,3.57,53,114,565
04/04/2017 01:19:08,152,10.9,1419.790,336.89,3.58,52,114,565
04/04/2017 01:19:18,165,10.9,1422.530,336.91,3.58,53,115,565
04/04/2017 01:19:28,188,10.8,1425.050,336.77,3.59,52,111,565
04/04/2017 01:19:38,176,10.8,1427.800,335.74,3.59,54,112,565
04/04/2017 01:19:48,168,10.8,1430.190,335.53,3.59,54,114,565
04/04/2017 01:19:58,179,10.8,1432.940,334.96,3.59,53,113,565
04/04/2017 01:20:08,150,10.9,1435.510,334.45,3.59,53,111,565
04/04/2017 01:20:18,191,10.8,1438.150,334.42,3.59,53,113,565
04/04/2017 01:20:28,156,10.9,1440.650,333.68,3.59,53,113,565
04/04/2017 01:20:38,173,10.9,1443.410,333.48,3.59,52,117,565
04/04/2017 01:20:48,158,10.8,1445.870,333.60,3.60,52,115,565
04/04/2017 01:20:58,170,10.9,1448.600,333.98,3.60,54,119,565
04/04/2017 01:21:08,184,10.8,1451.160,333.85,3.60,53,112,565
04/04/2017 01:21:18,175,10.8,1453.760,333.86,3.60,52,113,565
04/04/2017 01:21:28,164,10.9,1456.410,333.42,3.60,52,112,565
04/04/2017 01:21:38,164,10.9,1458.990,333.34,3.60,52,112,565
04/04/2017 01:21:48,171,10.9,1461.700,332.71,3.60,52,114,565
04/04/2017 01:21:58,155,10.9,1464.240,332.45,3.60,52,113,565
04/04/2017 01:22:08,167,10.9,1466.930,331.99,3.60,53,111,565
04/04/2017 01:22:18,173,10.8,1469.470,332.21,3.60,54,120,565
04/04/2017 01:22:28,161,10.9,1472.130,331.98,3.60,52,112,565
04/04/2017 01:22:38,166,10.9,1474.620,331.42,3.60,52,113,565
04/04/2017 01:22:48,149,10.9,1477.300,331.31,3.61,55,114,565
04/04/2017 01:22:58,183,10.8,1479.950,330.93,3.61,54,112,565
04/04/2017 01:23:08,147,10.9,1482.410,330.85,3.60,53,113,565
04/04/2017 01:23:18,167,10.9,1485.080,330.41,3.60,53,113,565
04/04/2017 01:23:28,195,10.8,1487.750,330.07,3.60,53,113,565
04/04/2017 01:23:38,167,10.8,1490.360,329.86,3.60,52,112,565
04/04/2017 01:23:48,187,10.8,1492.920,329.71,3.60,54,112,565
04/04/2017 01:23:58,154,10.9,1495.450,329.55,3.60,53,112,565
04/04/2017 01:24:08,180,10.9,1498.100,329.38,3.59,53,113,565
04/04/2017 01:24:18,142,10.9,1500.770,329.11,3.58,53,111,565
04/04/2017 01:24:28,163,10.9,1503.410,329.20,3.58,53,112,564
04/04/2017 01:24:38,168,10.9,1505.860,329.01,3.58,52,113,565
04/04/2017 01:24:48,176,10.8,1508.520,328.65,3.58,53,114,565
04/04/2017 01:24:58,194,10.8,1511.110,329.16,3.58,51,114,565
04/04/2017 01:25:08,155,10.9,1513.790,328.90,3.59,53,114,565
04/04/2017 01:25:18,200,10.8,1516.260,328.64,3.59,54,115,565
04/04/2017 01:25:28,166,10.9,1518.940,328.90,3.59,53,112,565
04/04/2017 01:25:38,169,10.8,1521.570,328.20,3.60,54,113,565
04/04/2017 01:25:48,197,10.8,1524.210,328.50,3.60,53,114,565
04/04/2017 01:25:58,171,10.8,1526.870,328.15,3.60,53,114,564
04/04/2017 01:26:08,188,10.8,1529.410,328.61,3.60,52,112,565
04/04/2017 01:26:18,176,10.8,1531.970,328.97,3.60,53,113,565
04/04/2017 01:26:28,175,10.9,1534.570,327.91,3.60,52,112,565
04/04/2017 01:26:38,176,10.8,1537.230,327.24,3.60,53,113,565
04/04/2017 01:26:48,182,10.8,1539.790,328.06,3.60,52,113,564
04/04/2017 01:26:58,169,10.9,1542.350,326.85,3.61,53,116,565
04/04/2017 01:27:08,178,10.8,1544.870,328.24,3.60,53,113,565
04/04/2017 01:27:18,192,10.8,1547.540,326.58,3.60,53,114,565
04/04/2017 01:27:28,180,10.8,1550.040,327.45,3.60,54,115,565
04/04/2017 01:27:38,177,10.8,1552.740,326.92,3.60,52,112,565
04/04/2017 01:27:48,179,10.9,1555.330,327.70,3.60,52,113,565
04/04/2017 01:27:58,192,10.8,1557.860,326.66,3.60,54,114,565
04/04/2017 01:28:08,165,10.8,1560.510,326.59,3.59,54,113,564
04/04/2017 01:28:18,179,10.9,1563.110,326.96,3.58,53,113,565
04/04/2017 01:28:28,159,10.9,1565.730,326.84,3.58,52,114,565
04/04/2017 01:28:38,183,10.8,1568.250,326.36,3.58,52,114,565
04/04/2017 01:28:48,195,10.8,1570.790,326.78,3.57,52,113,565
04/04/2017 01:28:58,177,10.8,1573.420,326.50,3.57,53,112,565
04/04/2017 01:29:08,193,10.8,1576.020,326.44,3.56,52,112,564
04/04/2017 01:29:18,170,10.9,1578.560,326.64,3.56,54,112,565
04/04/2017 01:29:28,183,10.9,1581.110,326.48,3.56,54,113,565
04/04/2017 01:29:38,166,10.8,1583.770,326.78,3.56,53,113,564
04/04/2017 01:29:48,177,10.8,1586.350,327.04,3.56,54,112,564
04/04/2017 01:29:58,199,10.8,1588.940,326.37,3.55,53,114,565
04/04/2017 01:30:08,172,10.8,1591.370,326.01,3.55,54,112,565
04/04/2017 01:30:18,168,10.8,1594.030,326.26,3.55,54,112,565
04/04/2017 01:30:28,202,10.8,1596.600,326.40,3.55,52,114,565
04/04/2017 01:30:38,193,10.8,1599.220,325.93,3.55,53,112,565
04/04/2017 01:30:48,184,10.9,1601.890,326.06,3.55,54,113,565
04/04/2017 01:30:58,200,10.8,1604.420,325.95,3.55,53,116,565
04/04/2017 01:31:08,145,10.9,1606.960,325.68,3.55,51,113,565
04/04/2017 01:31:18,189,10.8,1609.480,324.28,3.54,53,112,565
04/04/2017 01:31:28,182,10.8,1612.170,325.39,3.54,51,114,565
04/04/2017 01:31:38,183,10.9,1614.610,325.46,3.54,52,112,565
04/04/2017 01:31:48,176,10.8,1617.270,325.29,3.54,52,112,565
04/04/2017 01:31:58,195,10.8,1619.860,325.93,3.53,54,113,565
04/04/2017 01:32:08,195,10.8,1622.350,325.63,3.53,52,113,564
04/04/2017 01:32:18,181,10.9,1624.960,325.82,3.52,54,114,565
04/04/2017 01:32:28,184,10.8,1627.560,325.57,3.52,52,112,565
04/04/2017 01:32:38,188,10.8,1630.130,325.91,3.52,52,113,565
04/04/2017 01:32:48,174,10.8,1632.680,325.50,3.52,53,112,565
04/04/2017 01:32:58,216,10.8,1635.130,326.00,3.52,52,113,565
04/04/2017 01:33:08,167,10.9,1637.800,325.00,3.52,53,112,565
04/04/2017 01:33:18,187,10.8,1640.260,324.67,3.53,52,112,565
04/04/2017 01:33:28,189,10.9,1642.810,324.94,3.52,53,112,565
04/04/2017 01:33:38,203,10.8,1645.480,325.38,3.52,53,112,564
04/04/2017 01:33:48,187,10.9,1647.870,325.79,3.52,53,114,565
04/04/2017 01:33:58,186,10.8,1650.460,324.85,3.52,53,112,565
04/04/2017 01:34:08,199,10.8,1653.070,325.80,3.51,53,111,565
04/04/2017 01:34:18,181,10.8,1655.640,324.64,3.51,53,112,565
04/04/2017 01:34:28,179,10.8,1658.130,325.25,3.51,54,111,565
04/04/2017 01:34:38,197,10.8,1660.750,324.87,3.51,52,111,565
04/04/2017 01:34:48,186,10.8,1663.340,325.48,3.51,52,113,565
04/04/2017 01:34:58,176,10.8,1665.880,325.78,3.51,54,113,564
04/04/2017 01:35:08,181,10.8,1668.410,325.40,3.50,53,112,565
04/04/2017 01:35:18,188,10.8,1670.930,324.35,3.50,52,115,565
04/04/2017 01:35:28,207,10.8,1673.560,324.95,3.50,54,114,565
04/04/2017 01:35:38,215,10.8,1676.140,325.48,3.49,53,112,565
04/04/2017 01:35:48,184,10.8,1678.500,324.62,3.49,54,112,565
04/04/2017 01:35:58,181,10.9,1681.210,324.48,3.49,51,115,565
04/04/2017 01:36:08,191,10.8,1683.750,324.38,3.48,53,113,565
04/04/2017 01:36:18,180,10.8,1686.310,325.12,3.48,53,115,565
04/04/2017 01:36:28,201,10.8,1688.880,325.38,3.48,52,112,565
04/04/2017 01:36:38,171,10.8,1691.420,324.50,3.48,54,112,564
04/04/2017 01:36:48,188,10.8,1693.920,324.51,3.48,53,112,565
04/04/2017 01:36:58,183,10.8,1696.510,324.49,3.47,54,113,564
04/04/2017 01:37:08,207,10.8,1698.980,325.31,3.47,54,113,565
04/04/2017 01:37:18,201,10.8,1701.490,324.99,3.47,53,111,565
04/04/2017 01:37:28,196,10.8,1704.000,324.91,3.47,54,114,565
04/04/2017 01:37:38,199,10.8,1706.630,325.25,3.47,53,113,564
04/04/2017 01:37:48,179,10.9,1708.980,324.19,3.46,52,116,565
04/04/2017 01:37:58,192,10.8,1711.450,324.82,3.46,53,112,565
04/04/2017 01:38:08,176,10.8,1713.900,325.62,3.46,53,113,564
04/04/2017 01:38:18,177,10.8,1716.350,325.39,3.45,53,113,564
04/04/2017 01:38:28,172,10.8,1718.940,324.36,3.45,53,113,565
04/04/2017 01:38:38,201,10.8,1721.470,325.55,3.45,54,111,565
04/04/2017 01:38:48,199,10.8,1723.950,325.14,3.44,53,111,565
04/04/2017 01:38:58,214,10.8,1726.360,324.22,3.44,53,113,565
04/04/2017 01:39:08,165,10.8,1728.960,324.23,3.44,52,113,565
04/04/2017 01:39:18,132,10.9,1731.350,324.30,3.43,53,112,565
04/04/2017 01:39:28,203,10.8,1733.790,324.73,3.43,52,112,564
04/04/2017 01:39:38,196,10.8,1736.400,324.21,3.43,52,112,564
04/04/2017 01:39:48,177,10.9,1738.570,324.42,3.43,53,114,565
04/04/2017 01:39:58,206,10.8,1741.050,324.66,3.42,53,112,565
04/04/2017 01:40:08,166,10.8,1743.690,324.96,3.42,53,112,565
04/04/2017 01:40:18,215,10.8,1746.180,324.83,3.42,52,112,565
04/04/2017 01:40:28,200,10.8,1748.630,324.19,3.42,54,113,565
04/04/2017 01:40:38,186,10.8,1751.130,324.30,3.42,53,110,565
04/04/2017 01:40:48,198,10.8,1753.590,325.26,3.41,53,111,565
04/04/2017 01:40:58,181,10.8,1756.100,324.69,3.41,53,111,565
04/04/2017 01:41:08,189,10.9,1758.420,324.73,3.40,52,112,565
04/04/2017 01:41:18,185,10.8,1761.140,324.31,3.40,52,112,565
04/04/2017 01:41:28,182,10.8,1763.480,324.84,3.40,52,113,565
04/04/2017 01:41:38,202,10.8,1766.100,325.01,3.39,52,111,565
04/04/2017 01:41:48,209,10.8,1768.750,324.46,3.39,52,114,565
04/04/2017 01:41:58,198,10.8,1771.170,324.59,3.39,55,111,565
04/04/2017 01:42:08,204,10.8,1773.640,325.46,3.39,53,112,565
04/04/2017 01:42:18,168,10.9,1776.190,324.70,3.39,53,112,565
04/04/2017 01:42:28,216,10.8,1778.740,324.66,3.38,54,111,565
04/04/2017 01:42:38,224,10.8,1781.180,324.49,3.38,53,112,565
04/04/2017 01:42:48,186,10.9,1783.940,324.51,3.38,54,113,565
04/04/2017 01:42:58,205,10.8,1786.280,324.13,3.38,51,113,565
04/04/2017 01:43:08,193,10.8,1788.830,324.89,3.37,52,112,565
04/04/2017 01:43:18,191,10.8,1791.500,324.70,3.37,53,114,565
04/04/2017 01:43:28,202,10.8,1793.910,324.85,3.37,53,111,565
04/04/2017 01:43:38,193,10.8,1796.540,324.86,3.36,52,116,565
04/04/2017 01:43:48,199,10.8,1799.100,324.77,3.35,53,113,565
04/04/2017 01:43:58,201,10.8,1801.490,324.29,3.35,53,113,565
04/04/2017 01:44:08,191,10.8,1804.010,324.88,3.34,53,112,565
04/04/2017 01:44:18,189,10.8,1806.600,324.78,3.34,52,113,565
04/04/2017 01:44:28,200,10.8,1809.100,324.63,3.34,53,114,565
04/04/2017 01:44:38,196,10.8,1811.570,324.90,3.34,53,112,565
04/04/2017 01:44:48,207,10.8,1814.190,325.57,3.33,53,114,565
04/04/2017 01:44:58,170,10.8,1816.750,325.42,3.33,53,111,565
04/04/2017 01:45:08,196,10.8,1819.240,324.53,3.33,53,112,565
04/04/2017 01:45:18,181,10.8,1821.600,324.36,3.33,54,113,565
04/04/2017 01:45:28,209,10.8,1824.240,324.94,3.32,54,112,565
04/04/2017 01:45:38,199,10.8,1826.800,324.89,3.32,53,113,565
04/04/2017 01:45:48,182,10.8,1829.350,325.40,3.31,53,113,565
04/04/2017 01:45:58,186,10.8,1831.880,325.48,3.31,52,112,565
04/04/2017 01:46:08,202,10.8,1834.320,325.74,3.30,53,115,565
04/04/2017 01:46:18,183,10.9,1836.830,326.09,3.30,53,113,565
04/04/2017 01:46:28,217,10.8,1839.420,325.86,3.30,53,110,565
04/04/2017 01:46:38,210,10.8,1841.820,324.98,3.30,53,110,565
04/04/2017 01:46:48,200,10.8,1844.450,325.08,3.30,52,113,565
04/04/2017 01:46:58,185,10.8,1846.970,324.13,3.30,52,109,565
04/04/2017 01:47:08,198,10.8,1849.490,324.31,3.30,52,111,565
04/04/2017 01:47:18,203,10.8,1851.980,324.42,3.30,51,111,565
04/04/2017 01:47:28,154,10.8,1854.550,324.14,3.30,53,111,565
04/04/2017 01:47:38,212,10.8,1857.000,324.19,3.30,52,111,565
04/04/2017 01:47:48,198,10.8,1859.500,324.44,3.29,54,112,565
04/04/2017 01:47:58,201,10.8,1862.010,323.02,3.29,52,111,565
04/04/2017 01:48:08,200,10.8,1864.650,323.47,3.29,54,108,565
04/04/2017 01:48:18,207,10.8,1867.110,323.84,3.29,54,111,565
04/04/2017 01:48:28,166,10.8,1869.550,324.53,3.29,53,111,565
04/04/2017 01:48:38,190,10.9,1871.940,323.77,3.29,52,111,565
04/04/2017 01:48:48,193,10.8,1874.450,323.55,3.29,51,112,565
04/04/2017 01:48:58,209,10.8,1876.920,323.21,3.29,54,112,565
04/04/2017 01:49:08,213,10.8,1879.470,323.72,3.29,52,109,565
04/04/2017 01:49:18,205,10.8,1882.010,323.99,3.28,52,111,565
04/04/2017 01:49:28,222,10.8,1884.500,324.28,3.28,53,110,565
04/04/2017 01:49:38,191,10.9,1887.010,322.90,3.27,53,111,565
04/04/2017 01:49:48,179,10.9,1889.370,323.34,3.27,54,112,565
04/04/2017 01:49:58,207,10.8,1891.980,323.89,3.26,53,111,565
04/04/2017 01:50:08,192,10.8,1894.460,323.82,3.27,52,112,565
04/04/2017 01:50:18,206,10.8,1896.950,324.55,3.26,53,111,565
04/04/2017 01:50:28,191,10.9,1899.380,324.15,3.26,52,110,565
04/04/2017 01:50:38,200,10.8,1901.910,323.58,3.26,52,110,565
04/04/2017 01:50:48,233,10.8,1904.450,323.68,3.26,53,109,565
04/04/2017 01:50:58,201,10.8,1906.840,323.56,3.26,53,108,565
04/04/2017 01:51:08,209,10.8,1909.260,323.96,3.25,53,110,565
04/04/2017 01:51:18,197,10.8,1911.800,323.17,3.25,53,111,565
04/04/2017 01:51:28,214,10.8,1914.230,323.75,3.25,53,109,565
04/04/2017 01:51:38,214,10.8,1916.820,323.90,3.25,53,109,565
04/04/2017 01:51:48,223,10.8,1919.390,324.07,3.24,53,111,565
04/04/2017 01:51:58,175,10.8,1921.650,324.50,3.23,52,114,565
04/04/2017 01:52:08,177,10.9,1924.310,324.21,3.23,53,111,565
04/04/2017 01:52:18,206,10.8,1926.800,324.76,3.23,53,112,565
04/04/2017 01:52:28,205,10.8,1929.210,323.97,3.23,52,114,565
04/04/2017 01:52:38,207,10.8,1931.840,324.70,3.22,53,112,565
04/04/2017 01:52:48,213,10.8,1934.320,323.97,3.22,53,111,565
04/04/2017 01:52:58,195,10.8,1936.750,324.62,3.22,52,110,565
04/04/2017 01:53:08,213,10.8,1939.270,323.90,3.22,53,111,565
04/04/2017 01:53:18,200,10.8,1941.820,324.00,3.22,53,112,565
04/04/2017 01:53:28,227,10.8,1944.440,323.75,3.21,53,111,565
04/04/2017 01:53:38,225,10.8,1946.740,323.89,3.21,52,112,565
04/04/2017 01:53:48,210,10.8,1949.420,323.71,3.21,53,110,565
04/04/2017 01:53:58,203,10.8,1951.690,323.30,3.21,51,110,565
04/04/2017 01:54:08,215,10.8,1954.160,323.76,3.20,52,115,565
04/04/2017 01:54:18,198,10.8,1956.780,323.74,3.20,53,110,565
04/04/2017 01:54:28,185,10.8,1959.320,323.82,3.20,53,112,565
04/04/2017 01:54:38,216,10.8,1961.780,323.52,3.20,53,110,565
04/04/2017 01:54:48,192,10.9,1964.190,323.18,3.20,52,110,565
04/04/2017 01:54:58,193,10.9,1966.730,323.33,3.20,53,110,565
04/04/2017 01:55:08,166,10.8,1969.240,323.19,3.19,53,111,565
04/04/2017 01:55:18,197,10.8,1971.550,323.82,3.19,53,110,565
04/04/2017 01:55:28,192,10.8,1974.180,324.01,3.19,54,108,565
04/04/2017 01:55:38,226,10.8,1976.720,323.94,3.18,52,111,565
04/04/2017 01:55:48,206,10.8,1979.050,323.40,3.18,54,109,565
04/04/2017 01:55:58,223,10.8,1981.560,323.37,3.18,53,110,565
04/04/2017 01:56:08,217,10.8,1984.080,324.07,3.18,53,110,565
04/04/2017 01:56:18,204,10.8,1986.640,323.47,3.18,53,116,565
04/04/2017 01:56:28,231,10.8,1988.960,322.68,3.17,54,107,565
04/04/2017 01:56:38,198,10.9,1991.530,323.24,3.17,53,110,565
04/04/2017 01:56:48,214,10.8,1994.100,323.08,3.17,53,110,565
04/04/2017 01:56:58,171,10.8,1996.430,323.30,3.16,55,109,565
04/04/2017 01:57:08,195,10.8,1998.920,323.62,3.16,53,111,565
04/04/2017 01:57:18,211,10.8,2001.490,323.66,3.16,52,111,565
04/04/2017 01:57:28,202,10.8,2003.900,323.30,3.15,54,110,565
04/04/2017 01:57:38,199,10.8,2006.380,323.32,3.15,52,110,565
04/04/2017 01:57:48,190,10.8,2008.830,323.25,3.15,53,110,565
04/04/2017 01:57:58,184,10.8,2011.390,323.39,3.15,53,110,565
04/04/2017 01:58:08,213,10.8,2013.940,323.79,3.14,54,110,565
04/04/2017 01:58:18,205,10.8,2016.470,323.49,3.14,53,109,565
04/04/2017 01:58:28,202,10.8,2018.900,323.20,3.14,54,109,565
04/04/2017 01:58:38,213,10.8,2021.450,323.37,3.14,52,112,565
04/04/2017 01:58:48,200,10.8,2023.890,323.82,3.13,54,109,565
04/04/2017 01:58:58,216,10.8,2026.550,322.77,3.13,54,110,565
04/04/2017 01:59:08,202,10.9,2028.900,323.45,3.13,54,112,565
04/04/2017 01:59:18,199,10.8,2031.380,322.79,3.13,53,109,565
04/04/2017 01:59:28,211,10.8,2034.030,322.82,3.12,54,110,565
04/04/2017 01:59:38,207,10.8,2036.440,323.70,3.12,53,110,565
04/04/2017 01:59:48,202,10.8,2038.970,323.14,3.12,52,110,565
04/04/2017 01:59:58,193,10.8,2041.510,323.37,3.11,53,111,565
04/04/2017 02:00:08,185,10.8,2043.960,323.59,3.11,52,109,565
04/04/2017 02:00:18,199,10.8,2046.480,323.61,3.11,54,110,565
04/04/2017 02:00:28,197,10.8,2049.010,323.30,3.11,53,110,565
04/04/2017 02:00:38,219,10.8,2051.480,322.87,3.10,52,112,565
04/04/2017 02:00:48,203,10.8,2054.100,323.16,3.10,55,110,565
04/04/2017 02:00:58,191,10.9,2056.650,323.63,3.10,53,109,565
04/04/2017 02:01:08,196,10.8,2059.110,323.07,3.10,53,111,565
04/04/2017 02:01:18,193,10.8,2061.630,323.51,3.09,54,111,565
04/04/2017 02:01:28,214,10.8,2064.200,323.85,3.09,53,111,565
04/04/2017 02:01:38,198,10.8,2066.580,323.74,3.09,53,111,565
04/04/2017 02:01:48,205,10.8,2069.230,323.78,3.09,53,112,565
04/04/2017 02:01:58,213,10.8,2071.700,324.11,3.09,52,113,565
04/04/2017 02:02:08,210,10.8,2074.120,323.83,3.08,54,111,565
04/04/2017 02:02:18,213,10.8,2076.590,323.28,3.08,53,111,565
04/04/2017 02:02:28,196,10.9,2079.200,324.18,3.07,53,112,565
04/04/2017 02:02:38,189,10.8,2081.600,323.67,3.07,52,114,565
04/04/2017 02:02:48,186,10.8,2084.290,323.64,3.07,53,111,565
04/04/2017 02:02:58,206,10.8,2086.660,324.22,3.06,52,112,565
04/04/2017 02:03:08,211,10.8,2089.280,324.34,3.06,53,113,565
04/04/2017 02:03:18,197,10.8,2091.830,323.91,3.06,53,112,565
04/04/2017 02:03:28,220,10.8,2094.200,324.10,3.06,53,112,565
04/04/2017 02:03:38,217,10.8,2096.880,324.41,3.05,54,111,565
04/04/2017 02:03:48,199,10.8,2099.390,324.20,3.05,54,113,565
04/04/2017 02:03:58,192,10.8,2101.810,324.01,3.04,53,113,565
04/04/2017 02:04:08,209,10.8,2104.230,323.91,3.04,53,112,565
04/04/2017 02:04:18,204,10.8,2106.890,324.43,3.04,53,113,565
04/04/2017 02:04:28,214,10.8,2109.440,323.99,3.03,53,112,565
04/04/2017 02:04:38,196,10.8,2111.870,323.94,3.03,53,110,565
04/04/2017 02:04:48,199,10.8,2114.440,324.02,3.03,52,113,565
04/04/2017 02:04:58,213,10.8,2116.820,323.51,3.03,54,113,565
04/04/2017 02:05:08,205,10.8,2119.500,323.70,3.03,53,113,565
04/04/2017 02:05:18,203,10.8,2121.750,323.79,3.02,54,112,565
04/04/2017 02:05:28,240,10.8,2124.380,324.30,3.02,52,113,565
04/04/2017 02:05:38,227,10.8,2126.840,324.17,3.02,53,114,565
04/04/2017 02:05:48,217,10.8,2129.260,323.91,3.02,52,115,565
04/04/2017 02:05:58,209,10.8,2131.670,323.93,3.01,54,110,565
04/04/2017 02:06:08,189,10.8,2134.160,324.75,3.02,53,113,565
04/04/2017 02:06:18,209,10.8,2136.730,324.18,3.01,52,112,565
04/04/2017 02:06:28,200,10.9,2139.190,324.60,3.01,52,111,565
04/04/2017 02:06:38,199,10.8,2141.300,324.36,3.01,53,112,565
04/04/2017 02:06:48,176,10.9,2143.720,323.33,3.01,53,113,565
04/04/2017 02:06:58,218,10.8,2146.150,323.89,3.01,52,112,565
04/04/2017 02:07:08,217,10.8,2148.490,323.84,3.00,54,111,565
04/04/2017 02:07:18,238,10.8,2151.010,323.54,3.00,53,112,565
04/04/2017 02:07:28,211,10.8,2153.340,324.35,2.99,54,113,565
04/04/2017 02:07:38,230,10.8,2155.790,324.36,2.99,53,112,565
04/04/2017 02:07:48,228,10.8,2158.250,324.25,2.98,53,114,565
04/04/2017 02:07:58,229,10.8,2160.580,325.21,2.98,53,114,565
04/04/2017 02:08:08,176,10.9,2163.050,324.12,2.98,53,115,565
04/04/2017 02:08:18,223,10.8,2165.400,325.31,2.97,54,116,565
04/04/2017 02:08:28,231,10.8,2167.980,325.01,2.96,53,118,565
04/04/2017 02:08:38,202,10.8,2170.280,326.36,2.94,55,117,565
04/04/2017 02:08:48,186,10.8,2172.750,327.41,2.94,52,118,565
04/04/2017 02:08:58,246,10.8,2175.150,328.13,2.93,52,118,565
04/04/2017 02:09:08,220,10.8,2177.590,327.23,2.93,53,118,565
04/04/2017 02:09:18,208,10.8,2179.990,327.74,2.93,53,117,565
04/04/2017 02:09:28,206,10.8,2182.420,327.25,2.93,53,118,565
04/04/2017 02:09:38,223,10.8,2184.760,328.11,2.92,53,118,565
04/04/2017 02:09:48,203,10.9,2187.200,327.71,2.91,53,117,565
04/04/2017 02:09:58,211,10.9,2189.610,327.67,2.92,54,118,565
04/04/2017 02:10:08,234,10.8,2192.090,327.49,2.92,54,117,565
04/04/2017 02:10:18,221,10.8,2194.490,326.70,2.92,53,115,565
04/04/2017 02:10:28,232,10.8,2196.730,327.11,2.92,54,116,565
04/04/2017 02:10:38,181,10.8,2199.280,326.22,2.91,53,114,565
04/04/2017 02:10:48,239,10.8,2201.700,324.74,2.91,54,118,565
04/04/2017 02:10:58,215,10.8,2204.080,325.63,2.90,53,115,565
04/04/2017 02:11:08,256,10.8,2206.470,326.55,2.89,54,116,565
04/04/2017 02:11:18,250,10.8,2208.870,326.49,2.89,52,116,565
04/04/2017 02:11:28,222,10.9,2211.190,326.18,2.89,52,118,565
04/04/2017 02:11:38,223,10.8,2213.590,326.30,2.88,55,118,565
04/04/2017 02:11:48,231,10.8,2215.940,326.80,2.88,53,116,565
04/04/2017 02:11:58,227,10.8,2218.410,326.33,2.88,53,115,565
04/04/2017 02:12:08,231,10.8,2220.720,326.05,2.88,54,119,565
04/04/2017 02:12:18,240,10.8,2223.080,325.46,2.89,53,115,565
04/04/2017 02:12:28,198,10.8,2225.440,324.85,2.89,53,115,565
04/04/2017 02:12:38,236,10.8,2227.740,325.01,2.89,53,115,565
04/04/2017 02:12:48,248,10.8,2229.980,325.10,2.89,54,113,565
04/04/2017 02:12:58,249,10.8,2232.320,323.47,2.89,52,112,566
04/04/2017 02:13:08,226,10.8,2234.750,324.21,2.89,52,114,565
04/04/2017 02:13:18,235,10.8,2237.040,323.92,2.89,52,118,566
04/04/2017 02:13:28,246,10.8,2239.430,324.33,2.89,53,113,565
04/04/2017 02:13:38,272,10.8,2241.810,324.15,2.89,53,113,565
04/04/2017 02:13:48,241,10.8,2244.020,324.21,2.89,53,111,565
04/04/2017 02:13:58,235,10.8,2246.460,323.18,2.89,54,111,565
04/04/2017 02:14:08,255,10.8,2248.840,323.33,2.89,53,111,565
04/04/2017 02:14:18,275,10.8,2251.090,322.64,2.89,53,114,565
04/04/2017 02:14:28,236,10.8,2253.580,322.97,2.88,52,110,565
04/04/2017 02:14:38,221,10.7,2255.690,323.03,2.88,53,111,565
04/04/2017 02:14:48,226,10.8,2257.620,322.08,2.88,54,113,565
04/04/2017 02:14:58,280,10.7,2259.760,323.17,2.88,54,111,565
04/04/2017 02:15:08,230,10.8,2261.850,322.24,2.87,53,114,566
04/04/2017 02:15:18,251,10.8,2264.000,322.64,2.87,53,112,565
04/04/2017 02:15:28,283,10.8,2266.270,323.05,2.86,53,116,565
04/04/2017 02:15:38,269,10.8,2268.510,322.20,2.86,53,111,565
04/04/2017 02:15:48,221,10.8,2270.920,322.47,2.86,53,113,566
04/04/2017 02:15:58,235,10.8,2273.110,322.25,2.85,55,110,566
04/04/2017 02:16:08,239,10.8,2275.430,323.23,2.85,53,111,566
04/04/2017 02:16:18,228,10.7,2277.840,322.45,2.84,52,113,565
04/04/2017 02:16:28,262,10.8,2280.100,322.89,2.83,52,113,565
04/04/2017 02:16:38,241,10.8,2282.470,323.77,2.82,53,113,565
04/04/2017 02:16:48,239,10.8,2284.680,323.85,2.81,53,113,566
04/04/2017 02:16:58,166,10.8,2286.870,324.07,2.81,53,114,566
04/04/2017 02:17:08,271,10.7,2289.070,323.89,2.81,52,115,566
04/04/2017 02:17:18,240,10.8,2291.310,324.28,2.80,53,112,565
04/04/2017 02:17:28,240,10.8,2293.650,324.37,2.80,53,113,566
04/04/2017 02:17:38,254,10.8,2295.850,323.70,2.80,54,115,565
04/04/2017 02:17:48,211,10.8,2298.330,324.35,2.80,51,110,566
04/04/2017 02:17:58,249,10.8,2300.660,323.19,2.80,53,112,566
04/04/2017 02:18:08,234,10.8,2302.850,322.57,2.80,53,112,566
04/04/2017 02:18:18,228,10.8,2305.230,323.60,2.80,52,113,566
04/04/2017 02:18:28,260,10.9,2307.580,321.59,2.80,54,113,565
04/04/2017 02:18:38,244,10.8,2309.920,321.55,2.80,53,113,566
04/04/2017 02:18:48,250,10.8,2312.140,321.42,2.80,53,111,566
04/04/2017 02:18:58,206,10.8,2314.440,321.34,2.80,52,112,566
04/04/2017 02:19:08,220,10.8,2316.650,321.16,2.80,54,112,566
04/04/2017 02:19:18,241,10.8,2319.110,320.93,2.80,53,114,566
04/04/2017 02:19:28,200,10.8,2321.280,320.61,2.80,53,111,566
04/04/2017 02:19:38,242,10.8,2323.610,321.61,2.80,53,114,566
04/04/2017 02:19:48,238,10.8,2325.830,321.86,2.79,53,119,566
04/04/2017 02:19:58,214,10.8,2328.200,321.43,2.79,51,114,566
04/04/2017 02:20:08,213,10.9,2330.480,321.80,2.79,52,113,566
04/04/2017 02:20:18,255,10.8,2332.780,321.95,2.79,53,111,566
04/04/2017 02:20:28,214,10.8,2335.050,321.45,2.78,52,112,566
04/04/2017 02:20:38,253,10.8,2337.320,322.23,2.78,54,119,566
04/04/2017 02:20:48,212,10.8,2339.680,320.97,2.77,54,112,566
04/04/2017 02:20:58,230,10.8,2341.940,322.50,2.77,53,112,565
04/04/2017 02:21:08,215,10.8,2344.110,321.40,2.77,54,116,566
04/04/2017 02:21:18,243,10.8,2346.550,321.80,2.76,52,113,566
04/04/2017 02:21:28,277,10.8,2348.970,321.77,2.76,52,114,566
04/04/2017 02:21:38,221,10.8,2351.180,321.68,2.76,53,114,566
04/04/2017 02:21:48,239,10.8,2353.550,321.29,2.76,53,112,566
04/04/2017 02:21:58,253,10.8,2355.870,321.78,2.76,54,111,566
04/04/2017 02:22:08,245,10.7,2358.220,320.90,2.76,53,113,566
04/04/2017 02:22:18,247,10.8,2360.450,322.15,2.76,53,112,565
04/04/2017 02:22:28,229,10.8,2362.760,321.33,2.76,53,112,566
04/04/2017 02:22:38,203,10.8,2365.070,321.46,2.75,52,112,566
04/04/2017 02:22:48,207,10.8,2367.410,320.90,2.75,53,112,566
04/04/2017 02:22:58,225,10.8,2369.780,322.24,2.74,52,113,566
04/04/2017 02:23:08,238,10.7,2372.030,322.52,2.73,55,112,566
04/04/2017 02:23:18,258,10.8,2374.230,321.48,2.73,53,112,566
04/04/2017 02:23:28,266,10.8,2376.630,322.24,2.72,53,112,566
04/04/2017 02:23:38,246,10.8,2378.890,322.59,2.72,52,113,566
04/04/2017 02:23:48,249,10.8,2381.240,322.77,2.71,54,114,566
04/04/2017 02:23:58,209,10.8,2383.480,323.00,2.71,53,115,566
04/04/2017 02:24:08,225,10.8,2385.710,322.91,2.71,54,113,566
04/04/2017 02:24:18,258,10.8,2387.930,323.61,2.70,53,112,566
04/04/2017 02:24:28,224,10.8,2390.380,322.99,2.70,53,113,566
04/04/2017 02:24:38,232,10.8,2392.630,323.34,2.69,52,110,566
04/04/2017 02:24:48,259,10.8,2394.990,323.48,2.68,53,113,566
04/04/2017 02:24:58,243,10.8,2397.310,322.96,2.68,52,113,566
04/04/2017 02:25:08,233,10.8,2399.530,323.50,2.67,52,122,566
04/04/2017 02:25:18,256,10.8,2401.830,323.98,2.67,52,113,566
04/04/2017 02:25:28,266,10.8,2404.140,323.89,2.65,53,112,566
04/04/2017 02:25:38,240,10.8,2406.350,324.22,2.65,53,113,566
04/04/2017 02:25:48,238,10.8,2408.540,323.91,2.65,52,113,566
04/04/2017 02:25:58,232,10.8,2410.930,324.43,2.64,53,114,566
04/04/2017 02:26:08,233,10.8,2413.110,324.06,2.64,52,112,566
04/04/2017 02:26:18,212,10.8,2415.390,324.15,2.63,53,114,566
04/04/2017 02:26:28,261,10.8,2417.450,323.94,2.63,53,112,566
04/04/2017 02:26:38,239,10.8,2419.850,324.72,2.63,54,113,566
04/04/2017 02:26:48,246,10.8,2422.150,324.60,2.62,53,113,566
04/04/2017 02:26:58,260,10.8,2424.290,323.67,2.61,55,113,566
04/04/2017 02:27:08,239,10.8,2426.590,325.21,2.61,53,112,566
04/04/2017 02:27:18,230,10.7,2428.810,323.79,2.61,51,113,566
04/04/2017 02:27:28,281,10.8,2431.170,324.66,2.60,54,114,566
04/04/2017 02:27:38,221,10.8,2433.300,325.25,2.60,55,115,566
04/04/2017 02:27:48,225,10.8,2435.700,325.04,2.59,53,114,566
04/04/2017 02:27:58,221,10.7,2437.980,325.83,2.58,54,115,566
04/04/2017 02:28:08,246,10.7,2440.070,326.48,2.57,52,114,566
04/04/2017 02:28:18,248,10.8,2442.410,326.72,2.57,53,114,566
04/04/2017 02:28:28,243,10.8,2444.490,326.48,2.56,53,115,566
04/04/2017 02:28:38,244,10.7,2446.690,327.13,2.56,54,116,566
04/04/2017 02:28:48,245,10.8,2448.960,327.76,2.56,54,115,566
04/04/2017 02:28:58,259,10.9,2451.030,326.41,2.56,53,115,566
04/04/2017 02:29:08,260,10.8,2453.170,327.74,2.54,53,117,566
04/04/2017 02:29:18,249,10.8,2455.280,327.28,2.54,53,117,566
04/04/2017 02:29:28,255,10.8,2457.300,328.75,2.54,52,117,566
04/04/2017 02:29:38,264,10.7,2459.510,328.40,2.53,54,117,566
04/04/2017 02:29:48,235,10.8,2461.750,328.65,2.52,55,116,566
04/04/2017 02:29:58,235,10.7,2463.810,328.96,2.52,53,118,566
04/04/2017 02:30:08,228,10.8,2465.800,329.00,2.51,54,118,566
04/04/2017 02:30:18,229,10.7,2467.780,328.86,2.50,53,116,566
04/04/2017 02:30:28,260,10.8,2469.800,329.34,2.50,54,118,566
04/04/2017 02:30:38,248,10.8,2471.760,330.00,2.49,54,117,566
04/04/2017 02:30:48,252,10.8,2473.870,330.38,2.48,54,116,566
04/04/2017 02:30:58,257,10.8,2476.080,330.88,2.48,54,117,566
04/04/2017 02:31:08,228,10.7,2478.340,330.65,2.47,54,117,566
04/04/2017 02:31:18,208,10.8,2480.380,330.43,2.46,54,118,566
04/04/2017 02:31:28,244,10.8,2482.720,330.42,2.45,52,118,566
04/04/2017 02:31:38,223,10.8,2484.770,330.54,2.45,53,119,566
04/04/2017 02:31:48,241,10.8,2486.980,331.67,2.43,52,120,566
04/04/2017 02:31:58,229,10.8,2489.000,331.55,2.42,54,118,566
04/04/2017 02:32:08,232,10.8,2491.290,332.38,2.41,53,117,566
04/04/2017 02:32:18,246,10.8,2493.450,332.10,2.41,52,121,566
04/04/2017 02:32:28,238,10.8,2495.480,332.25,2.41,53,118,566
04/04/2017 02:32:38,232,10.8,2497.670,332.18,2.37,53,119,566
04/04/2017 02:32:48,223,10.8,2499.680,332.93,2.37,53,120,566
04/04/2017 02:32:58,213,10.7,2501.640,333.05,2.36,53,119,566
04/04/2017 02:33:08,231,10.8,2503.740,333.83,2.36,53,121,566
04/04/2017 02:33:18,216,10.8,2505.810,333.77,2.35,52,123,566
04/04/2017 02:33:28,203,10.8,2507.970,335.39,2.32,53,126,566
04/04/2017 02:33:38,220,10.8,2509.880,336.92,2.31,53,133,566
04/04/2017 02:33:48,238,10.8,2511.840,337.47,2.31,53,126,566
04/04/2017 02:33:58,252,10.8,2513.980,337.65,2.30,54,128,566
04/04/2017 02:34:08,239,10.8,2516.020,337.93,2.28,51,130,566
04/04/2017 02:34:18,204,10.8,2517.810,338.21,2.27,55,131,566
04/04/2017 02:34:28,207,10.8,2519.700,338.49,2.26,52,129,566
04/04/2017 02:34:38,239,10.8,2521.550,339.68,2.25,52,131,566
04/04/2017 02:34:48,215,10.8,2523.500,339.13,2.24,52,129,566
04/04/2017 02:34:58,223,10.8,2525.410,338.59,2.24,54,130,566
04/04/2017 02:35:08,245,10.8,2527.410,338.21,2.23,52,129,566

 Ramp exit:    SMOOTH RUNNING
 Profile exit: BOTTOM PRESSURE

 Vehicle motion stopped at 04/04/2017 02:35:12
 Sensor logging stopped at 04/04/2017 02:37:21
