
 Profile 316

 Sensors were turned on at  03/31/2017 16:00:02
 Vehicle began profiling at 03/31/2017 16:02:04

Date,[mA],[V],[dbar],Oxygen[uM],Optode Temp[C],Chl,NTU,Therm
03/31/2017 16:02:04,0,11.0,0.000,0.00,0.00,88,128,567
03/31/2017 16:02:14,222,10.8,0.000,0.00,0.00,84,127,567
03/31/2017 16:02:24,202,10.8,0.000,0.00,0.00,78,127,567
03/31/2017 16:02:37,298,10.7,180.680,384.14,3.68,79,125,567
03/31/2017 16:02:48,128,10.9,183.650,384.40,3.68,79,125,567
03/31/2017 16:02:58,128,10.9,186.360,383.94,3.69,78,125,567
03/31/2017 16:03:08,130,10.9,189.140,383.84,3.69,78,124,567
03/31/2017 16:03:18,136,10.9,191.780,384.80,3.69,80,124,567
03/31/2017 16:03:28,129,10.9,194.440,383.88,3.69,79,126,567
03/31/2017 16:03:38,125,10.9,197.140,384.05,3.69,79,125,566
03/31/2017 16:03:48,126,10.9,199.910,383.98,3.69,79,124,566
03/31/2017 16:03:58,120,10.9,202.620,383.91,3.69,78,126,566
03/31/2017 16:04:08,133,10.9,205.210,383.11,3.69,79,124,566
03/31/2017 16:04:18,132,10.9,208.030,383.47,3.69,78,125,566
03/31/2017 16:04:28,128,10.9,210.650,383.42,3.69,79,123,566
03/31/2017 16:04:38,129,10.9,213.380,382.95,3.69,81,125,566
03/31/2017 16:04:48,134,10.9,216.020,383.28,3.69,78,125,566
03/31/2017 16:04:58,128,10.9,218.740,382.89,3.69,78,124,566
03/31/2017 16:05:08,136,10.9,221.470,382.60,3.69,79,124,566
03/31/2017 16:05:18,133,10.9,224.210,384.45,3.69,77,125,566
03/31/2017 16:05:28,132,10.9,226.850,383.22,3.69,78,125,566
03/31/2017 16:05:38,135,10.9,229.530,383.31,3.69,76,125,566
03/31/2017 16:05:48,136,10.9,232.360,383.43,3.69,78,125,566
03/31/2017 16:05:58,138,10.9,234.920,382.35,3.69,78,125,566
03/31/2017 16:06:08,134,10.9,237.750,382.76,3.69,79,124,566
03/31/2017 16:06:18,127,10.9,240.330,383.33,3.69,79,123,566
03/31/2017 16:06:28,128,10.9,243.100,382.86,3.69,79,125,565
03/31/2017 16:06:38,128,10.9,245.800,382.41,3.69,78,124,565
03/31/2017 16:06:48,136,10.9,248.540,382.44,3.69,77,124,565
03/31/2017 16:06:58,127,10.9,251.120,382.38,3.69,78,128,565
03/31/2017 16:07:08,132,10.9,253.920,381.75,3.69,78,125,565
03/31/2017 16:07:18,138,10.9,256.490,381.97,3.69,79,124,565
03/31/2017 16:07:28,145,10.9,259.180,381.69,3.69,80,124,565
03/31/2017 16:07:38,140,10.9,261.900,382.03,3.69,77,127,565
03/31/2017 16:07:48,129,10.9,264.570,381.10,3.69,76,125,565
03/31/2017 16:07:58,138,10.9,267.300,381.63,3.69,79,124,565
03/31/2017 16:08:08,136,10.9,270.000,381.59,3.69,77,124,565
03/31/2017 16:08:18,142,10.9,272.750,381.45,3.69,77,126,565
03/31/2017 16:08:28,135,10.9,275.500,381.96,3.69,77,124,565
03/31/2017 16:08:38,138,10.9,278.190,380.83,3.69,77,125,565
03/31/2017 16:08:48,137,10.9,280.860,381.30,3.69,77,124,565
03/31/2017 16:08:58,136,10.8,283.560,381.17,3.69,76,124,565
03/31/2017 16:09:08,139,10.9,286.170,382.28,3.69,77,124,565
03/31/2017 16:09:18,136,10.9,288.840,381.26,3.69,76,123,565
03/31/2017 16:09:28,145,10.9,291.560,381.52,3.69,75,123,565
03/31/2017 16:09:38,132,10.9,294.220,381.79,3.69,76,124,565
03/31/2017 16:09:48,146,10.8,296.920,380.29,3.69,76,124,565
03/31/2017 16:09:58,138,10.9,299.620,380.47,3.69,75,123,565
03/31/2017 16:10:08,134,10.9,302.420,381.30,3.68,74,124,565
03/31/2017 16:10:18,131,10.9,305.050,380.74,3.68,76,123,565
03/31/2017 16:10:28,132,10.9,307.670,380.08,3.68,75,124,565
03/31/2017 16:10:38,127,10.9,310.350,380.48,3.68,76,123,565
03/31/2017 16:10:48,139,10.8,313.150,380.64,3.68,76,125,565
03/31/2017 16:10:58,132,10.9,315.790,379.69,3.68,74,125,565
03/31/2017 16:11:08,134,10.9,318.440,379.18,3.68,73,123,565
03/31/2017 16:11:18,135,10.9,321.170,380.03,3.68,74,123,565
03/31/2017 16:11:28,132,10.9,323.790,379.56,3.68,75,123,565
03/31/2017 16:11:38,133,10.9,326.570,380.24,3.68,74,124,565
03/31/2017 16:11:48,132,10.9,329.180,379.80,3.68,74,123,565
03/31/2017 16:11:58,141,10.9,331.960,380.18,3.68,74,124,565
03/31/2017 16:12:08,142,10.8,334.640,380.89,3.68,73,124,565
03/31/2017 16:12:18,133,10.9,337.340,379.73,3.68,72,124,565
03/31/2017 16:12:28,130,10.9,340.060,380.22,3.68,72,124,565
03/31/2017 16:12:38,135,10.9,342.690,379.19,3.68,72,123,565
03/31/2017 16:12:48,135,10.9,345.410,380.17,3.67,72,123,565
03/31/2017 16:12:58,136,10.9,348.050,379.42,3.67,72,123,565
03/31/2017 16:13:08,136,10.9,350.840,379.19,3.67,72,124,565
03/31/2017 16:13:18,132,10.9,353.510,379.68,3.67,72,122,565
03/31/2017 16:13:28,127,10.9,356.110,379.29,3.67,72,121,565
03/31/2017 16:13:38,131,10.9,358.940,379.92,3.67,72,121,565
03/31/2017 16:13:48,136,10.8,361.450,378.35,3.67,72,123,565
03/31/2017 16:13:58,132,10.9,364.160,379.01,3.67,71,124,565
03/31/2017 16:14:08,135,10.9,366.950,378.63,3.67,72,123,565
03/31/2017 16:14:18,128,10.9,369.510,379.05,3.67,72,122,565
03/31/2017 16:14:28,136,10.8,372.200,378.78,3.67,71,122,565
03/31/2017 16:14:38,130,10.9,374.910,379.10,3.67,73,122,565
03/31/2017 16:14:48,132,10.9,377.620,378.35,3.67,72,123,565
03/31/2017 16:14:58,127,10.9,380.310,378.55,3.67,71,123,565
03/31/2017 16:15:08,128,10.9,382.980,377.93,3.67,71,124,565
03/31/2017 16:15:18,136,10.8,385.640,378.67,3.67,72,122,565
03/31/2017 16:15:28,133,10.9,388.390,378.43,3.67,69,123,565
03/31/2017 16:15:38,138,10.9,391.160,379.64,3.67,71,123,565
03/31/2017 16:15:48,130,10.9,393.780,378.36,3.67,71,123,565
03/31/2017 16:15:58,125,10.9,396.460,379.00,3.67,70,122,565
03/31/2017 16:16:08,131,10.9,399.110,378.47,3.67,72,122,565
03/31/2017 16:16:18,134,10.9,401.970,377.85,3.67,72,124,565
03/31/2017 16:16:28,140,10.9,404.610,378.29,3.67,70,125,565
03/31/2017 16:16:38,145,10.9,407.310,377.78,3.67,70,125,565
03/31/2017 16:16:48,133,10.9,409.920,378.64,3.67,72,123,565
03/31/2017 16:16:58,145,10.9,412.640,377.78,3.67,71,124,565
03/31/2017 16:17:08,128,10.9,415.390,379.02,3.67,70,122,565
03/31/2017 16:17:18,127,10.9,418.100,378.30,3.67,71,123,565
03/31/2017 16:17:28,136,10.9,420.730,377.84,3.67,72,123,565
03/31/2017 16:17:38,136,10.9,423.410,378.06,3.67,71,125,565
03/31/2017 16:17:48,131,10.9,426.100,377.97,3.67,71,125,565
03/31/2017 16:17:58,135,10.9,428.810,378.03,3.67,73,122,565
03/31/2017 16:18:08,143,10.9,431.400,377.68,3.67,71,122,565
03/31/2017 16:18:18,145,10.9,434.190,377.38,3.67,71,123,565
03/31/2017 16:18:28,135,10.9,436.850,378.70,3.67,70,124,565
03/31/2017 16:18:38,130,10.9,439.510,377.67,3.67,71,123,565
03/31/2017 16:18:48,135,10.9,442.260,378.29,3.67,71,122,565
03/31/2017 16:18:58,125,10.9,444.910,378.74,3.67,71,123,564
03/31/2017 16:19:08,140,10.9,447.510,377.12,3.67,72,125,565
03/31/2017 16:19:18,149,10.8,450.260,377.48,3.67,71,122,564
03/31/2017 16:19:28,123,10.9,452.910,377.48,3.67,71,123,565
03/31/2017 16:19:38,141,10.9,455.640,377.63,3.67,71,125,565
03/31/2017 16:19:48,138,10.9,458.380,376.98,3.67,69,123,565
03/31/2017 16:19:58,149,10.9,461.060,376.86,3.67,70,121,565
03/31/2017 16:20:08,139,10.9,463.730,377.60,3.67,72,123,565
03/31/2017 16:20:18,148,10.9,466.390,377.66,3.67,71,124,564
03/31/2017 16:20:28,141,10.9,469.010,377.05,3.67,73,124,565
03/31/2017 16:20:38,133,10.9,471.830,377.62,3.67,70,123,565
03/31/2017 16:20:48,128,10.9,474.400,377.19,3.67,72,122,565
03/31/2017 16:20:58,146,10.8,477.050,376.39,3.67,70,123,564
03/31/2017 16:21:08,140,10.9,479.860,377.25,3.67,70,123,565
03/31/2017 16:21:18,140,10.9,482.550,377.45,3.67,71,124,565
03/31/2017 16:21:28,132,10.9,485.170,376.87,3.67,71,122,565
03/31/2017 16:21:38,137,10.9,487.850,377.28,3.67,72,123,565
03/31/2017 16:21:48,136,10.9,490.460,377.42,3.67,72,124,565
03/31/2017 16:21:58,145,10.9,493.240,376.13,3.67,73,123,564
03/31/2017 16:22:08,139,10.9,495.820,377.09,3.67,70,122,565
03/31/2017 16:22:18,135,10.8,498.550,377.64,3.67,71,122,565
03/31/2017 16:22:28,148,10.9,501.190,376.47,3.67,72,124,565
03/31/2017 16:22:38,139,10.9,503.910,376.56,3.67,70,124,565
03/31/2017 16:22:48,135,10.9,506.640,377.29,3.67,69,122,565
03/31/2017 16:22:58,146,10.8,509.330,377.40,3.67,71,123,564
03/31/2017 16:23:08,139,10.9,511.950,376.44,3.67,70,121,565
03/31/2017 16:23:18,134,10.9,514.610,376.93,3.67,69,121,565
03/31/2017 16:23:28,130,10.9,517.300,377.34,3.67,71,123,565
03/31/2017 16:23:38,148,10.8,519.980,377.50,3.67,70,122,564
03/31/2017 16:23:48,140,10.9,522.820,376.54,3.67,70,123,565
03/31/2017 16:23:58,150,10.9,525.470,376.79,3.67,72,123,564
03/31/2017 16:24:08,142,10.9,528.100,375.78,3.67,71,123,564
03/31/2017 16:24:18,143,10.9,530.680,377.51,3.67,71,123,565
03/31/2017 16:24:28,144,10.9,533.440,376.85,3.67,69,123,565
03/31/2017 16:24:38,142,10.8,536.170,375.92,3.67,70,122,564
03/31/2017 16:24:48,137,10.9,538.830,376.73,3.67,70,123,565
03/31/2017 16:24:58,137,10.9,541.450,376.49,3.67,68,123,565
03/31/2017 16:25:08,136,10.9,544.160,376.21,3.67,71,122,565
03/31/2017 16:25:18,151,10.9,546.890,376.18,3.67,71,124,564
03/31/2017 16:25:28,136,10.9,549.520,375.44,3.67,69,124,565
03/31/2017 16:25:38,139,10.8,552.260,375.76,3.67,70,120,564
03/31/2017 16:25:48,140,10.9,554.920,376.40,3.67,70,121,565
03/31/2017 16:25:58,130,10.9,557.640,376.81,3.67,70,124,565
03/31/2017 16:26:08,143,10.9,560.350,376.14,3.67,70,124,564
03/31/2017 16:26:18,139,10.9,562.900,376.60,3.67,69,123,565
03/31/2017 16:26:28,148,10.9,565.680,376.11,3.67,72,124,565
03/31/2017 16:26:38,135,10.9,568.200,376.32,3.67,71,124,564
03/31/2017 16:26:48,138,10.9,570.970,375.89,3.67,71,122,564
03/31/2017 16:26:58,132,10.9,573.610,375.83,3.67,69,122,564
03/31/2017 16:27:08,131,10.9,576.330,375.70,3.67,69,122,565
03/31/2017 16:27:18,149,10.9,578.880,376.27,3.67,70,123,565
03/31/2017 16:27:28,124,10.9,581.650,375.81,3.67,70,123,564
03/31/2017 16:27:38,145,10.9,584.340,375.25,3.67,69,122,565
03/31/2017 16:27:48,148,10.9,586.980,375.26,3.66,68,122,564
03/31/2017 16:27:58,150,10.8,589.670,374.94,3.66,68,121,564
03/31/2017 16:28:08,149,10.8,592.360,375.50,3.66,68,123,565
03/31/2017 16:28:18,144,10.9,595.100,375.36,3.66,70,122,564
03/31/2017 16:28:28,146,10.9,597.750,374.71,3.66,69,121,564
03/31/2017 16:28:38,138,10.8,600.270,375.68,3.66,69,122,565
03/31/2017 16:28:48,145,10.9,603.120,374.52,3.66,68,122,564
03/31/2017 16:28:58,152,10.9,605.680,375.36,3.66,67,123,564
03/31/2017 16:29:08,144,10.8,608.350,375.55,3.66,67,123,564
03/31/2017 16:29:18,134,10.9,611.090,375.30,3.66,69,122,565
03/31/2017 16:29:28,132,10.9,613.750,374.53,3.66,68,122,564
03/31/2017 16:29:38,143,10.9,616.360,373.86,3.66,68,122,564
03/31/2017 16:29:48,136,10.9,619.120,374.71,3.66,69,124,564
03/31/2017 16:29:58,141,10.9,621.740,374.70,3.66,67,122,564
03/31/2017 16:30:08,138,10.9,624.390,374.59,3.66,68,122,564
03/31/2017 16:30:18,144,10.9,627.070,374.33,3.66,69,123,564
03/31/2017 16:30:28,145,10.9,629.810,374.50,3.66,69,121,564
03/31/2017 16:30:38,149,10.9,632.470,374.45,3.66,68,120,565
03/31/2017 16:30:48,150,10.9,635.100,374.29,3.66,69,121,564
03/31/2017 16:30:58,147,10.9,637.720,375.00,3.66,67,123,564
03/31/2017 16:31:08,141,10.9,640.330,373.40,3.65,69,121,564
03/31/2017 16:31:18,138,10.9,642.960,374.15,3.65,67,120,564
03/31/2017 16:31:28,137,10.9,645.650,374.22,3.65,66,123,564
03/31/2017 16:31:38,138,10.9,648.330,373.81,3.65,68,123,564
03/31/2017 16:31:48,143,10.9,651.000,374.14,3.65,68,122,564
03/31/2017 16:31:58,155,10.9,653.640,373.93,3.65,68,120,565
03/31/2017 16:32:08,139,10.9,656.370,373.94,3.65,67,122,564
03/31/2017 16:32:18,148,10.9,658.980,372.89,3.65,67,121,565
03/31/2017 16:32:28,141,10.9,661.740,373.55,3.65,66,122,565
03/31/2017 16:32:38,138,10.9,664.320,372.99,3.65,67,122,565
03/31/2017 16:32:48,148,10.9,666.980,372.94,3.64,67,123,564
03/31/2017 16:32:58,159,10.9,669.600,372.87,3.64,67,122,564
03/31/2017 16:33:08,143,10.8,672.320,373.04,3.64,67,122,564
03/31/2017 16:33:18,149,10.9,674.960,373.52,3.64,66,119,564
03/31/2017 16:33:28,142,10.9,677.610,373.33,3.64,66,122,565
03/31/2017 16:33:38,149,10.9,680.270,372.07,3.64,64,121,564
03/31/2017 16:33:48,148,10.9,683.020,372.82,3.64,67,124,564
03/31/2017 16:33:58,141,10.9,685.580,373.02,3.64,65,120,565
03/31/2017 16:34:08,149,10.9,688.120,373.82,3.64,65,122,565
03/31/2017 16:34:18,141,10.9,690.930,373.64,3.64,65,122,564
03/31/2017 16:34:28,144,10.9,693.530,372.71,3.64,66,121,564
03/31/2017 16:34:38,156,10.8,696.190,373.24,3.64,66,120,564
03/31/2017 16:34:48,163,10.9,698.750,372.49,3.64,65,120,565
03/31/2017 16:34:58,143,10.8,701.490,372.74,3.64,65,121,565
03/31/2017 16:35:08,150,10.9,704.130,372.30,3.64,68,121,564
03/31/2017 16:35:18,156,10.8,706.790,371.91,3.64,67,121,565
03/31/2017 16:35:28,144,10.9,709.480,373.25,3.64,66,122,564
03/31/2017 16:35:38,149,10.9,712.130,372.10,3.64,67,123,564
03/31/2017 16:35:48,142,10.9,714.670,373.23,3.64,66,124,564
03/31/2017 16:35:58,148,10.9,717.390,371.74,3.64,64,122,564
03/31/2017 16:36:08,135,10.9,719.960,372.61,3.64,65,123,564
03/31/2017 16:36:18,144,10.9,722.750,373.47,3.64,65,121,564
03/31/2017 16:36:28,139,10.9,725.250,372.74,3.64,67,122,564
03/31/2017 16:36:38,144,10.9,728.040,372.82,3.64,65,121,564
03/31/2017 16:36:48,154,10.9,730.580,372.56,3.64,66,121,564
03/31/2017 16:36:58,148,10.9,733.320,372.28,3.64,66,121,564
03/31/2017 16:37:08,152,10.9,736.000,372.11,3.64,64,122,564
03/31/2017 16:37:18,150,10.8,738.650,372.02,3.64,64,120,565
03/31/2017 16:37:28,149,10.8,741.140,371.70,3.64,66,120,564
03/31/2017 16:37:38,138,10.9,743.930,371.93,3.64,65,120,564
03/31/2017 16:37:48,159,10.9,746.560,372.55,3.64,65,120,564
03/31/2017 16:37:58,153,10.9,749.210,372.24,3.64,67,121,565
03/31/2017 16:38:08,145,10.8,751.800,372.07,3.64,65,125,565
03/31/2017 16:38:18,148,10.9,754.520,371.78,3.64,66,122,564
03/31/2017 16:38:28,146,10.9,757.160,372.26,3.64,67,122,564
03/31/2017 16:38:38,143,10.9,759.830,371.91,3.64,66,121,564
03/31/2017 16:38:48,149,10.8,762.320,372.12,3.64,65,119,564
03/31/2017 16:38:58,148,10.9,765.030,371.86,3.63,66,120,564
03/31/2017 16:39:08,144,10.9,767.670,371.28,3.63,65,121,564
03/31/2017 16:39:18,151,10.9,770.370,371.59,3.63,66,120,564
03/31/2017 16:39:28,154,10.9,772.920,371.08,3.63,64,122,564
03/31/2017 16:39:38,154,10.9,775.680,371.21,3.63,64,120,565
03/31/2017 16:39:48,145,10.9,778.300,371.50,3.63,65,120,564
03/31/2017 16:39:58,156,10.8,780.920,371.56,3.63,65,120,565
03/31/2017 16:40:08,166,10.8,783.550,371.45,3.63,64,122,564
03/31/2017 16:40:18,144,10.9,786.150,370.87,3.63,65,122,564
03/31/2017 16:40:28,162,10.8,788.720,370.46,3.62,64,121,564
03/31/2017 16:40:38,148,10.8,791.400,370.76,3.62,64,120,564
03/31/2017 16:40:48,147,10.9,794.100,370.15,3.62,63,122,564
03/31/2017 16:40:58,155,10.8,796.680,371.47,3.62,64,120,564
03/31/2017 16:41:08,162,10.8,799.310,370.53,3.62,63,121,564
03/31/2017 16:41:18,153,10.8,801.930,369.43,3.61,64,121,564
03/31/2017 16:41:28,143,10.9,804.620,370.35,3.61,63,120,564
03/31/2017 16:41:38,158,10.9,807.330,370.25,3.61,64,120,564
03/31/2017 16:41:48,150,10.8,809.880,369.87,3.61,64,124,564
03/31/2017 16:41:58,161,10.8,812.490,369.41,3.61,65,119,564
03/31/2017 16:42:08,165,10.9,815.230,369.35,3.61,64,120,565
03/31/2017 16:42:18,151,10.8,817.880,369.56,3.61,65,119,565
03/31/2017 16:42:28,151,10.8,820.480,369.39,3.60,62,120,564
03/31/2017 16:42:38,163,10.9,823.080,369.15,3.60,62,120,564
03/31/2017 16:42:48,160,10.8,825.770,368.79,3.60,64,119,565
03/31/2017 16:42:58,159,10.8,828.420,369.57,3.60,63,119,564
03/31/2017 16:43:08,147,10.9,831.020,369.07,3.60,63,120,565
03/31/2017 16:43:18,162,10.9,833.700,369.20,3.59,63,119,565
03/31/2017 16:43:28,156,10.9,836.240,369.06,3.59,61,119,565
03/31/2017 16:43:38,166,10.9,839.020,368.09,3.58,61,122,565
03/31/2017 16:43:48,152,10.8,841.530,368.57,3.58,60,119,565
03/31/2017 16:43:58,169,10.9,844.240,368.90,3.57,58,120,564
03/31/2017 16:44:08,167,10.8,846.770,368.37,3.56,58,119,565
03/31/2017 16:44:18,161,10.8,849.490,366.23,3.55,57,119,565
03/31/2017 16:44:28,159,10.9,852.100,367.15,3.54,57,117,564
03/31/2017 16:44:38,174,10.8,854.650,365.53,3.54,57,118,565
03/31/2017 16:44:48,163,10.9,857.420,365.60,3.52,56,118,564
03/31/2017 16:44:58,167,10.8,859.910,364.75,3.52,56,121,564
03/31/2017 16:45:08,171,10.8,862.570,364.71,3.52,56,122,565
03/31/2017 16:45:18,162,10.8,865.220,364.65,3.52,57,119,565
03/31/2017 16:45:28,165,10.8,867.780,363.81,3.52,56,122,564
03/31/2017 16:45:38,168,10.8,870.370,364.06,3.51,56,118,565
03/31/2017 16:45:48,171,10.8,872.980,363.29,3.51,56,117,565
03/31/2017 16:45:58,162,10.8,875.620,364.00,3.51,55,117,564
03/31/2017 16:46:08,156,10.8,878.210,364.19,3.51,56,119,565
03/31/2017 16:46:18,174,10.8,880.960,363.74,3.51,56,117,565
03/31/2017 16:46:28,170,10.9,883.570,363.18,3.50,54,120,564
03/31/2017 16:46:38,153,10.8,886.060,363.53,3.50,55,118,564
03/31/2017 16:46:48,162,10.8,888.720,363.16,3.50,55,119,564
03/31/2017 16:46:58,155,10.8,891.440,363.96,3.50,55,119,564
03/31/2017 16:47:08,168,10.8,894.040,363.57,3.49,56,118,564
03/31/2017 16:47:18,164,10.9,896.650,363.01,3.49,55,119,565
03/31/2017 16:47:28,172,10.8,899.200,363.32,3.49,57,118,565
03/31/2017 16:47:38,174,10.8,901.870,363.24,3.49,53,117,565
03/31/2017 16:47:48,157,10.9,904.430,362.60,3.49,54,118,565
03/31/2017 16:47:58,172,10.8,906.970,361.87,3.48,54,118,565
03/31/2017 16:48:08,163,10.8,909.690,362.07,3.48,54,116,565
03/31/2017 16:48:18,171,10.8,912.280,361.68,3.46,52,117,565
03/31/2017 16:48:28,160,10.9,914.820,361.80,3.46,52,117,564
03/31/2017 16:48:38,161,10.9,917.510,361.01,3.46,54,119,565
03/31/2017 16:48:48,148,10.9,920.150,361.11,3.45,54,120,564
03/31/2017 16:48:58,162,10.9,922.790,361.23,3.46,52,115,565
03/31/2017 16:49:08,163,10.8,925.350,359.96,3.45,53,117,565
03/31/2017 16:49:18,157,10.8,928.000,361.25,3.45,53,115,565
03/31/2017 16:49:28,165,10.8,930.660,361.42,3.45,52,116,565
03/31/2017 16:49:38,161,10.8,933.220,360.51,3.44,54,116,565
03/31/2017 16:49:48,158,10.9,935.850,360.55,3.44,53,118,565
03/31/2017 16:49:58,160,10.8,938.500,361.04,3.44,53,118,565
03/31/2017 16:50:08,168,10.8,941.190,360.49,3.44,52,115,564
03/31/2017 16:50:18,178,10.8,943.780,360.79,3.44,53,117,565
03/31/2017 16:50:28,163,10.8,946.380,359.85,3.44,53,116,565
03/31/2017 16:50:38,162,10.8,948.870,360.41,3.44,51,116,565
03/31/2017 16:50:48,157,10.9,951.640,359.87,3.44,53,113,565
03/31/2017 16:50:58,157,10.9,954.140,360.93,3.44,52,113,564
03/31/2017 16:51:08,165,10.8,956.800,360.01,3.44,52,114,565
03/31/2017 16:51:18,159,10.9,959.490,360.55,3.43,53,116,565
03/31/2017 16:51:28,158,10.9,962.130,360.07,3.42,53,115,564
03/31/2017 16:51:38,153,10.9,964.660,360.03,3.42,53,114,565
03/31/2017 16:51:48,169,10.8,967.280,360.77,3.42,51,115,565
03/31/2017 16:51:58,169,10.8,969.870,359.46,3.42,52,117,564
03/31/2017 16:52:08,155,10.9,972.500,358.56,3.42,52,116,565
03/31/2017 16:52:18,158,10.8,975.060,360.06,3.42,53,114,565
03/31/2017 16:52:28,151,10.9,977.790,359.92,3.42,52,118,565
03/31/2017 16:52:38,156,10.9,980.400,359.55,3.42,52,117,565
03/31/2017 16:52:48,152,10.8,983.000,360.11,3.42,52,114,565
03/31/2017 16:52:58,164,10.8,985.600,358.95,3.41,51,114,565
03/31/2017 16:53:08,162,10.8,988.310,360.08,3.42,52,115,565
03/31/2017 16:53:18,151,10.8,990.960,360.33,3.42,52,115,565
03/31/2017 16:53:28,166,10.8,993.520,359.58,3.42,52,116,565
03/31/2017 16:53:38,166,10.8,996.170,359.84,3.42,52,115,565
03/31/2017 16:53:48,161,10.9,998.740,359.06,3.42,51,115,565
03/31/2017 16:53:58,162,10.9,1001.280,359.62,3.42,51,115,564
03/31/2017 16:54:08,152,10.9,1003.890,358.95,3.42,51,114,565
03/31/2017 16:54:18,164,10.8,1006.490,359.47,3.42,53,114,565
03/31/2017 16:54:28,161,10.8,1009.160,359.40,3.43,53,114,565
03/31/2017 16:54:38,159,10.9,1011.840,359.79,3.43,52,112,565
03/31/2017 16:54:48,168,10.8,1014.480,358.85,3.43,52,113,565
03/31/2017 16:54:58,153,10.9,1017.030,359.00,3.43,50,114,565
03/31/2017 16:55:08,158,10.9,1019.680,359.23,3.43,52,114,565
03/31/2017 16:55:18,174,10.8,1022.310,359.26,3.43,52,113,565
03/31/2017 16:55:28,163,10.8,1024.840,359.09,3.43,51,113,565
03/31/2017 16:55:38,149,10.9,1027.550,359.08,3.43,51,114,565
03/31/2017 16:55:48,162,10.8,1030.160,359.00,3.41,52,115,565
03/31/2017 16:55:58,149,10.9,1032.830,359.16,3.41,52,113,565
03/31/2017 16:56:08,161,10.8,1035.440,359.17,3.41,52,115,565
03/31/2017 16:56:18,168,10.8,1037.990,358.70,3.40,50,113,565
03/31/2017 16:56:28,174,10.8,1040.800,359.28,3.40,52,114,565
03/31/2017 16:56:38,164,10.8,1043.280,358.60,3.41,52,114,565
03/31/2017 16:56:48,159,10.8,1045.860,358.82,3.41,51,114,565
03/31/2017 16:56:58,160,10.8,1048.670,359.62,3.41,53,113,565
03/31/2017 16:57:08,153,10.9,1051.160,359.08,3.41,53,115,565
03/31/2017 16:57:18,156,10.8,1053.840,359.07,3.41,51,115,565
03/31/2017 16:57:28,151,10.9,1056.450,359.32,3.40,53,114,565
03/31/2017 16:57:38,157,10.9,1059.060,358.80,3.40,52,116,565
03/31/2017 16:57:48,168,10.8,1061.650,358.94,3.40,51,113,565
03/31/2017 16:57:58,157,10.9,1064.300,358.49,3.40,52,115,565
03/31/2017 16:58:08,165,10.9,1066.950,358.06,3.40,52,117,565
03/31/2017 16:58:18,164,10.8,1069.560,358.09,3.40,52,115,565
03/31/2017 16:58:28,156,10.9,1072.170,358.06,3.40,53,115,565
03/31/2017 16:58:38,168,10.8,1074.810,358.41,3.40,51,117,565
03/31/2017 16:58:48,165,10.9,1077.340,358.16,3.40,52,113,565
03/31/2017 16:58:58,169,10.8,1079.990,359.18,3.41,52,113,565
03/31/2017 16:59:08,155,10.9,1082.640,358.26,3.41,53,113,565
03/31/2017 16:59:18,169,10.9,1085.200,358.63,3.41,53,113,565
03/31/2017 16:59:28,160,10.8,1087.830,357.54,3.40,52,113,565
03/31/2017 16:59:38,165,10.9,1090.450,358.44,3.40,53,113,565
03/31/2017 16:59:48,168,10.9,1093.040,357.48,3.40,51,113,565
03/31/2017 16:59:58,155,10.8,1095.810,358.56,3.40,52,122,565
03/31/2017 17:00:08,170,10.9,1098.410,358.94,3.40,51,114,565
03/31/2017 17:00:18,167,10.8,1100.900,358.52,3.40,52,114,565
03/31/2017 17:00:28,162,10.8,1103.540,358.06,3.40,54,113,565
03/31/2017 17:00:38,149,10.9,1106.140,357.50,3.40,53,112,565
03/31/2017 17:00:48,169,10.9,1108.860,357.50,3.40,51,113,565
03/31/2017 17:00:58,164,10.8,1111.480,358.08,3.40,51,113,565
03/31/2017 17:01:08,180,10.8,1114.100,357.79,3.40,52,112,565
03/31/2017 17:01:18,157,10.8,1116.660,358.32,3.40,51,112,565
03/31/2017 17:01:28,162,10.8,1119.260,357.39,3.39,53,114,565
03/31/2017 17:01:38,156,10.9,1121.900,357.49,3.39,52,113,565
03/31/2017 17:01:48,152,10.9,1124.590,356.43,3.39,54,113,565
03/31/2017 17:01:58,163,10.8,1127.210,358.01,3.39,53,112,565
03/31/2017 17:02:08,153,10.9,1129.820,356.96,3.39,53,113,565
03/31/2017 17:02:18,107,11.0,1132.400,357.94,3.39,52,113,565
03/31/2017 17:02:28,167,10.9,1134.920,357.31,3.39,52,113,565
03/31/2017 17:02:38,177,10.9,1137.530,356.45,3.39,53,113,565
03/31/2017 17:02:48,154,10.8,1140.230,356.71,3.39,52,116,565
03/31/2017 17:02:58,158,10.8,1142.830,357.27,3.38,52,113,565
03/31/2017 17:03:08,172,10.8,1145.420,357.21,3.38,52,115,565
03/31/2017 17:03:18,161,10.8,1148.040,357.50,3.38,54,114,565
03/31/2017 17:03:28,164,10.9,1150.660,356.71,3.38,52,112,565
03/31/2017 17:03:38,163,10.8,1153.210,357.33,3.38,52,115,565
03/31/2017 17:03:48,167,10.9,1155.830,357.05,3.37,53,112,565
03/31/2017 17:03:58,126,10.9,1158.490,356.57,3.37,52,114,565
03/31/2017 17:04:08,166,10.8,1161.200,356.95,3.37,52,112,565
03/31/2017 17:04:18,178,10.8,1163.690,356.20,3.37,52,114,565
03/31/2017 17:04:28,176,10.9,1166.240,356.42,3.37,53,113,565
03/31/2017 17:04:38,170,10.8,1168.920,356.68,3.36,51,113,565
03/31/2017 17:04:48,176,10.8,1171.570,355.96,3.37,53,113,565
03/31/2017 17:04:58,165,10.9,1174.110,357.93,3.37,52,112,565
03/31/2017 17:05:08,176,10.8,1176.820,357.33,3.36,52,115,565
03/31/2017 17:05:18,175,10.8,1179.340,356.32,3.36,52,113,565
03/31/2017 17:05:28,171,10.9,1181.890,357.01,3.36,52,112,565
03/31/2017 17:05:38,174,10.8,1184.650,356.63,3.36,54,112,565
03/31/2017 17:05:48,173,10.9,1187.220,356.54,3.36,53,113,565
03/31/2017 17:05:58,175,10.8,1189.830,356.89,3.36,53,113,565
03/31/2017 17:06:08,179,10.8,1192.450,356.39,3.36,52,114,565
03/31/2017 17:06:18,161,10.9,1195.150,356.99,3.36,52,112,565
03/31/2017 17:06:28,179,10.8,1197.560,356.97,3.36,51,112,565
03/31/2017 17:06:38,163,10.8,1200.250,356.49,3.35,52,114,565
03/31/2017 17:06:48,163,10.8,1202.970,356.64,3.35,53,122,565
03/31/2017 17:06:58,162,10.8,1205.470,357.06,3.35,51,113,565
03/31/2017 17:07:08,162,10.9,1208.030,356.77,3.35,52,113,565
03/31/2017 17:07:18,173,10.9,1210.680,356.28,3.35,52,113,565
03/31/2017 17:07:28,179,10.9,1213.390,356.75,3.35,53,113,565
03/31/2017 17:07:38,182,10.8,1215.860,356.79,3.34,52,114,565
03/31/2017 17:07:48,175,10.8,1218.610,356.74,3.34,52,113,565
03/31/2017 17:07:58,171,10.8,1221.070,355.97,3.34,52,115,565
03/31/2017 17:08:08,170,10.9,1223.800,356.68,3.34,52,112,565
03/31/2017 17:08:18,176,10.8,1226.450,357.37,3.34,52,114,565
03/31/2017 17:08:28,182,10.8,1228.910,356.81,3.34,53,115,565
03/31/2017 17:08:38,193,10.8,1231.590,356.58,3.34,52,113,565
03/31/2017 17:08:48,167,10.8,1234.110,356.11,3.34,53,115,565
03/31/2017 17:08:58,176,10.8,1236.860,356.88,3.34,52,113,565
03/31/2017 17:09:08,171,10.9,1239.410,356.89,3.34,52,112,565
03/31/2017 17:09:18,183,10.9,1241.960,356.46,3.34,52,115,565
03/31/2017 17:09:28,162,10.9,1244.550,356.09,3.34,52,113,565
03/31/2017 17:09:38,179,10.8,1247.090,356.59,3.34,52,114,565
03/31/2017 17:09:48,170,10.8,1249.740,356.12,3.34,51,114,565
03/31/2017 17:09:58,164,10.8,1252.420,355.82,3.34,51,114,565
03/31/2017 17:10:08,169,10.8,1254.880,356.39,3.34,52,113,565
03/31/2017 17:10:18,168,10.8,1257.570,356.87,3.34,53,113,565
03/31/2017 17:10:28,181,10.8,1260.170,355.63,3.34,53,113,565
03/31/2017 17:10:38,171,10.8,1262.710,356.00,3.34,52,114,565
03/31/2017 17:10:48,166,10.9,1265.400,356.26,3.34,52,114,565
03/31/2017 17:10:58,170,10.8,1268.070,356.32,3.34,50,112,565
03/31/2017 17:11:08,179,10.8,1270.720,356.27,3.34,52,112,565
03/31/2017 17:11:18,172,10.8,1273.170,355.58,3.34,52,114,565
03/31/2017 17:11:28,175,10.9,1275.880,355.81,3.34,52,113,565
03/31/2017 17:11:38,175,10.9,1278.480,356.41,3.34,52,113,565
03/31/2017 17:11:48,185,10.8,1281.020,355.61,3.34,53,113,565
03/31/2017 17:11:58,166,10.8,1283.640,355.58,3.34,52,114,565
03/31/2017 17:12:08,192,10.8,1286.150,356.11,3.34,53,113,565
03/31/2017 17:12:18,175,10.8,1288.890,355.68,3.34,53,113,565
03/31/2017 17:12:28,171,10.8,1291.390,355.96,3.34,52,112,565
03/31/2017 17:12:38,166,10.8,1294.010,355.87,3.34,51,114,565
03/31/2017 17:12:48,194,10.8,1296.610,355.39,3.34,53,113,565
03/31/2017 17:12:58,179,10.8,1299.180,355.40,3.34,51,114,565
03/31/2017 17:13:08,168,10.8,1301.770,355.61,3.34,52,113,565
03/31/2017 17:13:18,184,10.8,1304.420,355.58,3.34,52,113,565
03/31/2017 17:13:28,173,10.8,1306.970,356.22,3.34,53,114,565
03/31/2017 17:13:38,181,10.8,1309.460,355.86,3.34,53,112,565
03/31/2017 17:13:48,179,10.8,1312.130,355.79,3.34,52,113,565
03/31/2017 17:13:58,183,10.8,1314.620,355.14,3.34,52,114,565
03/31/2017 17:14:08,180,10.8,1317.180,355.59,3.34,53,112,565
03/31/2017 17:14:18,181,10.9,1319.850,354.61,3.34,52,114,565
03/31/2017 17:14:28,180,10.8,1322.440,355.16,3.34,53,112,565
03/31/2017 17:14:38,176,10.9,1325.010,354.17,3.35,53,113,565
03/31/2017 17:14:48,163,10.8,1327.530,354.19,3.35,52,113,565
03/31/2017 17:14:58,189,10.8,1330.250,354.31,3.35,52,114,565
03/31/2017 17:15:08,176,10.8,1332.800,354.03,3.35,52,113,565
03/31/2017 17:15:18,203,10.8,1335.280,353.38,3.36,52,113,565
03/31/2017 17:15:28,179,10.8,1337.850,353.64,3.36,53,113,565
03/31/2017 17:15:38,185,10.8,1340.360,352.72,3.36,53,113,565
03/31/2017 17:15:48,168,10.8,1343.010,352.81,3.36,53,114,565
03/31/2017 17:15:58,176,10.8,1345.610,353.53,3.36,51,114,565
03/31/2017 17:16:08,195,10.8,1348.110,352.29,3.37,52,114,565
03/31/2017 17:16:18,176,10.8,1350.670,351.53,3.37,51,114,565
03/31/2017 17:16:28,180,10.8,1353.290,351.75,3.37,52,112,565
03/31/2017 17:16:38,198,10.8,1355.960,351.85,3.38,54,113,565
03/31/2017 17:16:48,174,10.8,1358.550,351.99,3.38,53,112,565
03/31/2017 17:16:58,182,10.8,1361.090,351.67,3.38,50,114,565
03/31/2017 17:17:08,184,10.8,1363.650,350.93,3.38,54,114,565
03/31/2017 17:17:18,183,10.8,1366.240,350.62,3.39,52,113,565
03/31/2017 17:17:28,170,10.8,1368.880,349.96,3.39,51,113,565
03/31/2017 17:17:38,179,10.8,1371.450,349.77,3.39,52,113,565
03/31/2017 17:17:48,171,10.8,1373.990,349.12,3.39,53,113,565
03/31/2017 17:17:58,160,10.9,1376.530,350.31,3.40,52,113,565
03/31/2017 17:18:08,174,10.9,1379.050,349.36,3.40,52,112,565
03/31/2017 17:18:18,191,10.8,1381.640,349.01,3.40,52,112,565
03/31/2017 17:18:28,195,10.8,1384.200,348.89,3.40,52,112,565
03/31/2017 17:18:38,193,10.8,1386.770,348.55,3.41,52,112,565
03/31/2017 17:18:48,173,10.8,1389.310,348.07,3.41,52,113,565
03/31/2017 17:18:58,179,10.8,1392.020,347.46,3.42,52,113,565
03/31/2017 17:19:08,182,10.8,1394.500,347.08,3.43,51,114,565
03/31/2017 17:19:18,175,10.8,1397.150,346.77,3.43,53,113,565
03/31/2017 17:19:28,185,10.8,1399.630,346.21,3.43,53,111,565
03/31/2017 17:19:38,185,10.8,1402.330,345.44,3.45,53,111,565
03/31/2017 17:19:48,194,10.8,1404.880,344.56,3.47,52,150,565
03/31/2017 17:19:58,178,10.8,1407.420,343.75,3.48,54,113,565
03/31/2017 17:20:08,177,10.8,1409.970,343.17,3.48,52,112,565
03/31/2017 17:20:18,190,10.8,1412.470,342.24,3.49,51,114,565
03/31/2017 17:20:28,185,10.8,1415.170,341.91,3.50,53,114,565
03/31/2017 17:20:38,186,10.8,1417.710,341.43,3.51,52,113,565
03/31/2017 17:20:48,178,10.8,1420.230,340.68,3.51,52,113,565
03/31/2017 17:20:58,178,10.8,1422.860,339.73,3.51,52,117,565
03/31/2017 17:21:08,182,10.8,1425.280,339.19,3.52,54,112,565
03/31/2017 17:21:18,185,10.8,1428.000,338.64,3.53,52,113,565
03/31/2017 17:21:28,210,10.8,1430.500,337.61,3.53,52,114,565
03/31/2017 17:21:38,192,10.8,1433.090,337.02,3.54,53,113,565
03/31/2017 17:21:48,189,10.8,1435.690,337.17,3.54,53,113,565
03/31/2017 17:21:58,156,10.9,1438.110,337.59,3.55,53,112,565
03/31/2017 17:22:08,183,10.8,1440.730,336.72,3.55,52,111,565
03/31/2017 17:22:18,188,10.8,1443.240,335.26,3.55,51,113,565
03/31/2017 17:22:28,187,10.8,1445.930,335.59,3.55,53,316,565
03/31/2017 17:22:38,147,10.9,1448.370,334.83,3.55,54,113,565
03/31/2017 17:22:48,159,10.8,1450.980,333.85,3.55,53,113,565
03/31/2017 17:22:58,191,10.8,1453.540,333.81,3.56,52,114,565
03/31/2017 17:23:08,181,10.8,1456.090,333.77,3.56,53,156,565
03/31/2017 17:23:18,168,10.8,1458.730,333.67,3.56,52,111,565
03/31/2017 17:23:28,183,10.9,1461.190,333.51,3.56,52,114,565
03/31/2017 17:23:38,178,10.9,1463.750,333.28,3.56,52,112,565
03/31/2017 17:23:48,193,10.9,1466.480,332.22,3.56,52,112,565
03/31/2017 17:23:58,175,10.9,1468.950,332.89,3.57,52,114,565
03/31/2017 17:24:08,182,10.8,1471.590,331.65,3.57,53,113,565
03/31/2017 17:24:18,180,10.8,1474.020,332.17,3.57,53,115,565
03/31/2017 17:24:28,184,10.8,1476.570,332.47,3.57,53,112,565
03/31/2017 17:24:38,193,10.8,1479.260,332.18,3.57,53,113,565
03/31/2017 17:24:48,193,10.8,1481.800,331.70,3.57,52,113,565
03/31/2017 17:24:58,183,10.8,1484.420,332.07,3.58,53,115,565
03/31/2017 17:25:08,170,10.8,1487.090,331.83,3.58,52,112,565
03/31/2017 17:25:18,174,10.8,1489.540,330.53,3.58,52,114,565
03/31/2017 17:25:28,179,10.9,1492.060,330.88,3.58,52,114,565
03/31/2017 17:25:38,187,10.8,1494.600,330.17,3.58,51,116,565
03/31/2017 17:25:48,192,10.8,1497.180,329.84,3.58,52,114,565
03/31/2017 17:25:58,182,10.8,1499.880,330.32,3.58,52,114,565
03/31/2017 17:26:08,207,10.8,1502.410,329.22,3.58,53,112,565
03/31/2017 17:26:18,192,10.8,1504.870,328.91,3.58,53,112,565
03/31/2017 17:26:28,180,10.8,1507.510,329.32,3.58,52,113,565
03/31/2017 17:26:38,183,10.9,1510.180,329.54,3.58,53,113,565
03/31/2017 17:26:48,202,10.8,1512.630,329.25,3.58,53,112,565
03/31/2017 17:26:58,191,10.8,1515.200,328.81,3.58,53,113,565
03/31/2017 17:27:08,180,10.8,1517.860,328.63,3.58,53,112,565
03/31/2017 17:27:18,206,10.8,1520.270,328.46,3.58,54,111,565
03/31/2017 17:27:28,194,10.8,1523.000,328.19,3.58,53,115,565
03/31/2017 17:27:38,214,10.8,1525.420,327.98,3.58,52,113,565
03/31/2017 17:27:48,161,10.8,1527.900,327.89,3.58,53,112,565
03/31/2017 17:27:58,205,10.8,1530.610,326.97,3.58,53,114,565
03/31/2017 17:28:08,178,10.8,1533.070,328.02,3.58,52,115,565
03/31/2017 17:28:18,183,10.8,1535.630,327.25,3.58,54,113,564
03/31/2017 17:28:28,152,10.9,1538.190,327.46,3.58,52,136,565
03/31/2017 17:28:38,188,10.8,1540.850,327.25,3.58,54,113,565
03/31/2017 17:28:48,183,10.8,1543.460,327.33,3.57,52,114,565
03/31/2017 17:28:58,190,10.8,1545.960,326.63,3.57,53,112,565
03/31/2017 17:29:08,187,10.8,1548.490,327.58,3.57,52,112,565
03/31/2017 17:29:18,185,10.9,1551.080,327.30,3.57,53,112,565
03/31/2017 17:29:28,198,10.8,1553.670,327.69,3.57,51,114,565
03/31/2017 17:29:38,180,10.8,1556.340,327.09,3.57,53,117,565
03/31/2017 17:29:48,186,10.8,1558.800,326.84,3.57,53,112,565
03/31/2017 17:29:58,185,10.8,1561.340,327.07,3.57,54,116,565
03/31/2017 17:30:08,201,10.8,1563.900,326.24,3.57,54,117,565
03/31/2017 17:30:18,100,10.9,1566.410,326.87,3.57,51,113,565
03/31/2017 17:30:28,197,10.8,1568.910,325.94,3.56,52,112,565
03/31/2017 17:30:38,178,10.8,1571.490,325.52,3.56,54,112,565
03/31/2017 17:30:48,182,10.8,1573.990,326.38,3.56,54,113,564
03/31/2017 17:30:58,143,10.8,1576.530,325.93,3.56,53,111,565
03/31/2017 17:31:08,197,10.8,1579.070,325.22,3.56,53,114,565
03/31/2017 17:31:18,165,10.9,1581.630,325.44,3.56,52,116,565
03/31/2017 17:31:28,195,10.8,1584.350,325.39,3.55,52,113,565
03/31/2017 17:31:38,200,10.8,1586.760,325.17,3.55,53,113,565
03/31/2017 17:31:48,191,10.8,1589.380,325.88,3.55,51,112,565
03/31/2017 17:31:58,202,10.8,1591.920,325.69,3.55,52,114,565
03/31/2017 17:32:08,206,10.8,1594.590,325.55,3.55,53,111,565
03/31/2017 17:32:18,197,10.8,1596.950,325.15,3.55,53,114,565
03/31/2017 17:32:28,200,10.8,1599.570,325.24,3.55,53,115,565
03/31/2017 17:32:38,198,10.8,1602.220,325.10,3.55,53,113,565
03/31/2017 17:32:48,200,10.8,1604.670,325.38,3.54,52,114,565
03/31/2017 17:32:58,176,10.8,1607.350,325.62,3.54,54,113,565
03/31/2017 17:33:08,183,10.8,1609.790,325.48,3.54,53,113,564
03/31/2017 17:33:18,181,10.8,1612.440,325.15,3.54,54,111,565
03/31/2017 17:33:28,182,10.8,1615.010,325.35,3.53,54,112,565
03/31/2017 17:33:38,171,10.9,1617.460,324.86,3.53,52,113,564
03/31/2017 17:33:48,196,10.8,1619.970,324.90,3.53,54,113,565
03/31/2017 17:33:58,177,10.8,1622.630,324.13,3.52,52,114,565
03/31/2017 17:34:08,200,10.8,1625.180,324.95,3.52,51,114,565
03/31/2017 17:34:18,187,10.8,1627.650,324.52,3.52,52,113,565
03/31/2017 17:34:28,204,10.8,1630.160,325.37,3.52,51,113,565
03/31/2017 17:34:38,200,10.8,1632.890,324.48,3.52,51,112,565
03/31/2017 17:34:48,196,10.8,1635.410,324.76,3.52,54,113,565
03/31/2017 17:34:58,188,10.8,1637.910,324.15,3.51,54,114,565
03/31/2017 17:35:08,178,10.8,1640.490,324.97,3.51,52,113,565
03/31/2017 17:35:18,205,10.8,1642.850,324.82,3.51,53,115,565
03/31/2017 17:35:28,174,10.8,1645.360,324.46,3.51,53,112,565
03/31/2017 17:35:38,203,10.8,1648.000,324.65,3.51,52,112,565
03/31/2017 17:35:48,204,10.8,1650.550,324.79,3.50,51,113,565
03/31/2017 17:35:58,197,10.8,1653.000,324.44,3.50,54,113,565
03/31/2017 17:36:08,217,10.8,1655.550,324.20,3.50,52,112,565
03/31/2017 17:36:18,185,10.8,1658.140,325.08,3.50,53,115,564
03/31/2017 17:36:28,213,10.8,1660.610,324.31,3.50,53,112,565
03/31/2017 17:36:38,198,10.8,1663.160,324.63,3.50,51,112,565
03/31/2017 17:36:48,197,10.8,1665.760,324.95,3.50,54,114,565
03/31/2017 17:36:58,214,10.8,1668.210,323.33,3.50,53,113,565
03/31/2017 17:37:08,208,10.8,1670.810,323.91,3.49,52,113,565
03/31/2017 17:37:18,206,10.8,1673.280,323.88,3.49,53,114,565
03/31/2017 17:37:28,209,10.8,1675.870,324.40,3.48,51,114,565
03/31/2017 17:37:38,208,10.8,1678.290,324.68,3.48,52,116,565
03/31/2017 17:37:48,200,10.8,1680.740,324.38,3.48,52,114,565
03/31/2017 17:37:58,192,10.8,1683.360,323.93,3.47,53,114,565
03/31/2017 17:38:08,186,10.8,1685.820,324.77,3.46,53,112,565
03/31/2017 17:38:18,195,10.8,1688.300,324.82,3.46,52,114,565
03/31/2017 17:38:28,218,10.8,1690.880,323.99,3.46,53,112,565
03/31/2017 17:38:38,199,10.8,1693.310,324.28,3.46,52,117,565
03/31/2017 17:38:48,208,10.8,1695.800,325.21,3.45,53,114,565
03/31/2017 17:38:58,190,10.8,1698.340,323.99,3.45,53,113,565
03/31/2017 17:39:08,198,10.8,1700.880,324.41,3.44,52,114,565
03/31/2017 17:39:18,211,10.8,1703.470,323.68,3.45,53,111,565
03/31/2017 17:39:28,184,10.8,1705.850,324.09,3.44,52,114,565
03/31/2017 17:39:38,194,10.8,1708.290,324.44,3.44,52,111,565
03/31/2017 17:39:48,186,10.8,1710.800,323.81,3.43,54,112,565
03/31/2017 17:39:58,179,10.8,1713.300,324.31,3.42,53,112,565
03/31/2017 17:40:08,206,10.8,1715.850,324.17,3.42,53,112,565
03/31/2017 17:40:18,150,10.9,1718.340,324.63,3.42,53,113,565
03/31/2017 17:40:28,191,10.8,1720.720,324.76,3.42,52,113,565
03/31/2017 17:40:38,187,10.8,1723.350,324.56,3.41,53,112,565
03/31/2017 17:40:48,200,10.8,1725.840,324.64,3.41,53,113,565
03/31/2017 17:40:58,200,10.8,1728.340,324.59,3.41,55,112,565
03/31/2017 17:41:08,190,10.8,1730.740,323.84,3.41,53,113,565
03/31/2017 17:41:18,207,10.8,1733.190,324.42,3.41,54,114,565
03/31/2017 17:41:28,220,10.8,1735.840,324.74,3.41,53,116,565
03/31/2017 17:41:38,206,10.8,1738.350,323.92,3.40,51,113,565
03/31/2017 17:41:48,204,10.8,1740.820,324.40,3.40,53,111,565
03/31/2017 17:41:58,203,10.8,1743.310,324.55,3.40,53,113,565
03/31/2017 17:42:08,178,10.8,1745.790,324.45,3.39,53,112,565
03/31/2017 17:42:18,200,10.8,1748.280,324.86,3.39,53,114,565
03/31/2017 17:42:28,188,10.8,1750.770,324.67,3.39,54,113,565
03/31/2017 17:42:38,204,10.9,1753.170,323.56,3.39,52,112,565
03/31/2017 17:42:48,221,10.8,1755.650,324.09,3.39,52,112,565
03/31/2017 17:42:58,193,10.8,1758.210,324.02,3.38,53,113,565
03/31/2017 17:43:08,197,10.8,1760.740,324.60,3.38,53,115,565
03/31/2017 17:43:18,188,10.8,1763.210,325.39,3.38,53,113,565
03/31/2017 17:43:28,188,10.8,1765.610,324.51,3.37,54,112,565
03/31/2017 17:43:38,177,10.8,1768.120,324.61,3.37,52,116,565
03/31/2017 17:43:48,178,10.8,1770.560,324.43,3.37,51,113,565
03/31/2017 17:43:58,185,10.9,1773.110,324.71,3.37,54,113,565
03/31/2017 17:44:08,190,10.8,1775.580,324.75,3.36,54,115,565
03/31/2017 17:44:18,160,10.9,1778.070,325.47,3.36,52,113,565
03/31/2017 17:44:28,212,10.8,1780.470,324.51,3.36,52,111,565
03/31/2017 17:44:38,227,10.8,1782.940,324.22,3.36,52,117,565
03/31/2017 17:44:48,219,10.8,1785.370,324.44,3.36,53,112,565
03/31/2017 17:44:58,223,10.8,1788.070,324.71,3.35,53,112,565
03/31/2017 17:45:08,180,10.8,1790.530,325.11,3.35,52,112,565
03/31/2017 17:45:18,215,10.8,1792.860,324.60,3.35,52,113,565
03/31/2017 17:45:28,234,10.8,1795.220,324.56,3.35,53,113,565
03/31/2017 17:45:38,176,10.9,1797.630,323.77,3.34,54,112,565
03/31/2017 17:45:48,197,10.8,1800.070,324.60,3.34,52,112,565
03/31/2017 17:45:58,217,10.8,1802.610,324.18,3.33,54,113,565
03/31/2017 17:46:08,220,10.8,1805.090,325.35,3.33,54,111,565
03/31/2017 17:46:18,173,10.8,1807.740,324.72,3.33,52,112,565
03/31/2017 17:46:28,213,10.8,1810.050,324.05,3.32,51,113,565
03/31/2017 17:46:38,203,10.8,1812.590,325.17,3.32,52,112,565
03/31/2017 17:46:48,197,10.8,1815.100,324.26,3.32,52,112,565
03/31/2017 17:46:58,195,10.8,1817.580,323.90,3.32,51,113,565
03/31/2017 17:47:08,198,10.8,1820.100,324.57,3.32,53,114,565
03/31/2017 17:47:18,171,10.8,1822.600,324.58,3.31,53,113,565
03/31/2017 17:47:28,216,10.8,1825.100,324.52,3.31,54,111,565
03/31/2017 17:47:38,178,10.8,1827.640,324.08,3.31,53,110,565
03/31/2017 17:47:48,221,10.8,1829.970,324.63,3.30,53,113,565
03/31/2017 17:47:58,213,10.8,1832.540,324.31,3.30,53,111,565
03/31/2017 17:48:08,197,10.8,1835.180,325.04,3.30,52,114,565
03/31/2017 17:48:18,210,10.8,1837.610,324.79,3.29,53,113,565
03/31/2017 17:48:28,195,10.8,1840.170,325.07,3.29,53,111,565
03/31/2017 17:48:38,191,10.8,1842.690,324.68,3.29,54,111,565
03/31/2017 17:48:48,215,10.8,1845.060,324.76,3.29,53,112,565
03/31/2017 17:48:58,207,10.8,1847.570,324.97,3.28,53,114,565
03/31/2017 17:49:08,218,10.8,1850.090,324.75,3.28,52,111,565
03/31/2017 17:49:18,200,10.8,1852.630,325.48,3.28,53,114,565
03/31/2017 17:49:28,187,10.8,1855.260,324.71,3.27,52,112,565
03/31/2017 17:49:38,214,10.8,1857.680,325.28,3.27,53,111,565
03/31/2017 17:49:48,206,10.8,1860.190,325.11,3.27,54,113,565
03/31/2017 17:49:58,225,10.8,1862.710,324.26,3.27,52,110,565
03/31/2017 17:50:08,198,10.8,1865.230,324.82,3.27,53,112,565
03/31/2017 17:50:18,211,10.8,1867.680,325.54,3.26,55,112,565
03/31/2017 17:50:28,211,10.8,1870.270,324.60,3.26,52,112,565
03/31/2017 17:50:38,220,10.8,1872.690,325.07,3.26,53,113,565
03/31/2017 17:50:48,210,10.8,1875.110,325.08,3.25,53,111,565
03/31/2017 17:50:58,215,10.8,1877.640,325.54,3.25,52,112,565
03/31/2017 17:51:08,219,10.8,1880.210,324.81,3.25,53,125,565
03/31/2017 17:51:18,223,10.8,1882.630,324.92,3.25,54,114,565
03/31/2017 17:51:28,198,10.8,1885.120,324.75,3.24,53,114,565
03/31/2017 17:51:38,207,10.8,1887.640,324.72,3.24,53,113,565
03/31/2017 17:51:48,177,10.8,1890.130,324.49,3.24,53,112,565
03/31/2017 17:51:58,227,10.8,1892.670,324.55,3.24,53,111,565
03/31/2017 17:52:08,220,10.8,1895.180,324.26,3.23,53,112,565
03/31/2017 17:52:18,206,10.8,1897.590,324.70,3.23,52,110,565
03/31/2017 17:52:28,204,10.8,1900.130,324.06,3.23,52,111,565
03/31/2017 17:52:38,217,10.8,1902.730,324.41,3.23,53,112,565
03/31/2017 17:52:48,206,10.8,1905.160,324.41,3.23,54,112,565
03/31/2017 17:52:58,200,10.8,1907.730,324.02,3.23,52,111,565
03/31/2017 17:53:08,203,10.8,1910.170,325.26,3.23,53,112,565
03/31/2017 17:53:18,198,10.8,1912.780,324.57,3.22,55,111,565
03/31/2017 17:53:28,189,10.8,1915.100,325.19,3.22,52,112,565
03/31/2017 17:53:38,208,10.8,1917.710,324.37,3.22,53,111,565
03/31/2017 17:53:48,211,10.8,1920.280,324.62,3.21,52,112,565
03/31/2017 17:53:58,190,10.8,1922.610,323.69,3.21,54,111,565
03/31/2017 17:54:08,220,10.8,1925.150,323.97,3.21,53,110,565
03/31/2017 17:54:18,212,10.8,1927.650,324.53,3.21,54,111,565
03/31/2017 17:54:28,197,10.8,1930.050,324.52,3.21,53,111,565
03/31/2017 17:54:38,214,10.8,1932.620,324.76,3.21,53,113,565
03/31/2017 17:54:48,208,10.8,1935.210,324.73,3.20,53,111,565
03/31/2017 17:54:58,197,10.9,1937.540,324.19,3.20,53,115,565
03/31/2017 17:55:08,201,10.8,1940.250,324.41,3.20,53,111,565
03/31/2017 17:55:18,198,10.8,1942.740,324.46,3.20,52,112,565
03/31/2017 17:55:28,223,10.8,1945.140,324.19,3.20,54,112,565
03/31/2017 17:55:38,183,10.8,1947.730,324.32,3.20,53,114,565
03/31/2017 17:55:48,207,10.8,1950.280,325.01,3.20,54,112,565
03/31/2017 17:55:58,200,10.8,1952.810,324.75,3.20,53,112,565
03/31/2017 17:56:08,210,10.8,1955.290,324.74,3.19,54,113,565
03/31/2017 17:56:18,200,10.8,1957.830,324.40,3.19,52,112,565
03/31/2017 17:56:28,206,10.8,1960.390,323.86,3.19,54,111,565
03/31/2017 17:56:38,180,10.8,1962.900,324.76,3.18,53,111,565
03/31/2017 17:56:48,198,10.8,1965.350,324.60,3.18,52,110,565
03/31/2017 17:56:58,202,10.8,1967.890,323.85,3.18,53,111,565
03/31/2017 17:57:08,198,10.8,1970.380,325.09,3.18,53,112,565
03/31/2017 17:57:18,207,10.8,1972.890,323.65,3.17,54,111,565
03/31/2017 17:57:28,213,10.8,1975.390,323.77,3.17,54,110,565
03/31/2017 17:57:38,208,10.8,1978.020,324.26,3.16,54,111,565
03/31/2017 17:57:48,194,10.8,1980.490,324.27,3.16,52,110,565
03/31/2017 17:57:58,200,10.8,1982.960,323.96,3.16,52,110,565
03/31/2017 17:58:08,205,10.8,1985.490,323.46,3.16,52,110,565
03/31/2017 17:58:18,182,10.8,1988.030,324.06,3.16,53,112,565
03/31/2017 17:58:28,203,10.8,1990.540,324.12,3.15,52,112,565
03/31/2017 17:58:38,206,10.8,1993.080,323.89,3.15,52,110,565
03/31/2017 17:58:48,206,10.8,1995.670,323.79,3.15,52,110,565
03/31/2017 17:58:58,211,10.8,1998.200,323.51,3.15,53,110,565
03/31/2017 17:59:08,207,10.8,2000.700,323.74,3.14,53,111,565
03/31/2017 17:59:18,184,10.8,2003.260,324.03,3.14,53,109,565
03/31/2017 17:59:28,196,10.8,2005.690,324.01,3.14,54,111,565
03/31/2017 17:59:38,203,10.8,2008.370,323.76,3.14,55,110,565
03/31/2017 17:59:48,211,10.8,2010.790,323.45,3.14,53,111,565
03/31/2017 17:59:58,191,10.8,2013.440,323.23,3.14,55,110,565
03/31/2017 18:00:08,193,10.8,2015.790,324.22,3.13,53,111,565
03/31/2017 18:00:18,192,10.8,2018.460,324.20,3.13,54,109,565
03/31/2017 18:00:28,168,10.9,2020.990,324.18,3.13,52,111,565
03/31/2017 18:00:38,217,10.8,2023.400,324.62,3.13,53,111,565
03/31/2017 18:00:48,196,10.8,2025.860,324.26,3.12,53,110,565
03/31/2017 18:00:58,214,10.8,2028.530,323.80,3.12,52,111,565
03/31/2017 18:01:08,186,10.8,2030.820,323.78,3.12,54,111,565
03/31/2017 18:01:18,208,10.8,2033.350,324.23,3.11,53,111,565
03/31/2017 18:01:28,185,10.8,2035.950,324.53,3.11,52,113,565
03/31/2017 18:01:38,205,10.8,2038.330,324.17,3.11,53,112,565
03/31/2017 18:01:48,228,10.8,2040.820,323.89,3.10,53,111,565
03/31/2017 18:01:58,203,10.8,2043.440,324.29,3.10,52,111,565
03/31/2017 18:02:08,202,10.8,2045.860,324.06,3.10,54,112,565
03/31/2017 18:02:18,205,10.8,2048.300,324.10,3.10,53,110,565
03/31/2017 18:02:28,179,10.8,2050.860,324.42,3.10,53,113,565
03/31/2017 18:02:38,186,10.8,2053.130,324.36,3.09,54,112,565
03/31/2017 18:02:48,244,10.8,2055.450,324.46,3.09,52,110,565
03/31/2017 18:02:58,197,10.8,2058.000,324.14,3.09,53,115,565
03/31/2017 18:03:08,211,10.8,2060.410,324.18,3.08,52,111,565
03/31/2017 18:03:18,219,10.8,2063.020,324.62,3.08,52,109,565
03/31/2017 18:03:28,230,10.8,2065.420,324.13,3.08,53,113,565
03/31/2017 18:03:38,194,10.8,2068.070,323.62,3.08,52,110,565
03/31/2017 18:03:48,202,10.8,2070.470,323.98,3.08,54,112,565
03/31/2017 18:03:58,192,10.8,2073.110,324.21,3.08,52,111,565
03/31/2017 18:04:08,196,10.8,2075.500,323.19,3.07,54,109,565
03/31/2017 18:04:18,202,10.8,2077.980,323.23,3.07,53,112,565
03/31/2017 18:04:28,199,10.8,2080.480,323.49,3.07,52,112,565
03/31/2017 18:04:38,200,10.8,2082.900,323.99,3.07,52,112,565
03/31/2017 18:04:48,210,10.8,2085.660,323.69,3.06,52,111,565
03/31/2017 18:04:58,186,10.8,2087.970,323.81,3.06,53,112,565
03/31/2017 18:05:08,216,10.8,2090.460,324.47,3.07,52,110,565
03/31/2017 18:05:18,217,10.8,2092.940,323.68,3.07,53,113,565
03/31/2017 18:05:28,213,10.8,2095.410,323.86,3.07,52,114,565
03/31/2017 18:05:38,231,10.8,2097.860,322.45,3.06,54,112,565
03/31/2017 18:05:48,208,10.8,2100.510,323.66,3.06,53,111,565
03/31/2017 18:05:58,212,10.8,2102.890,323.25,3.06,53,111,565
03/31/2017 18:06:08,216,10.8,2105.380,323.59,3.05,53,112,565
03/31/2017 18:06:18,205,10.8,2107.810,325.08,3.04,52,115,565
03/31/2017 18:06:28,195,10.8,2110.330,324.65,3.03,53,117,565
03/31/2017 18:06:38,212,10.8,2112.800,325.20,3.03,54,118,565
03/31/2017 18:06:48,229,10.8,2115.260,325.57,3.02,52,113,565
03/31/2017 18:06:58,211,10.8,2117.920,325.26,3.03,52,114,565
03/31/2017 18:07:08,175,10.8,2120.350,324.38,3.02,52,113,565
03/31/2017 18:07:18,229,10.8,2122.800,324.44,3.02,53,112,565
03/31/2017 18:07:28,230,10.8,2125.290,325.33,3.02,52,113,565
03/31/2017 18:07:38,213,10.8,2127.790,324.82,3.02,54,111,565
03/31/2017 18:07:48,214,10.8,2130.300,324.04,3.02,54,112,565
03/31/2017 18:07:58,205,10.8,2132.760,324.01,3.02,53,111,565
03/31/2017 18:08:08,205,10.8,2135.250,324.40,3.01,53,111,565
03/31/2017 18:08:18,205,10.8,2137.650,323.75,3.01,51,116,565
03/31/2017 18:08:28,200,10.8,2140.010,324.64,3.01,52,112,565
03/31/2017 18:08:38,181,10.8,2142.670,323.53,3.00,52,114,565
03/31/2017 18:08:48,212,10.8,2145.090,324.91,3.00,54,113,565
03/31/2017 18:08:58,201,10.8,2147.270,324.03,3.00,54,112,565
03/31/2017 18:09:08,201,10.8,2149.750,324.50,3.00,52,114,565
03/31/2017 18:09:18,198,10.8,2152.460,324.00,2.99,53,111,565
03/31/2017 18:09:28,192,10.8,2154.900,323.84,2.99,54,111,565
03/31/2017 18:09:38,231,10.8,2157.060,323.78,2.98,53,110,565
03/31/2017 18:09:48,206,10.8,2159.480,324.43,2.98,51,114,565
03/31/2017 18:09:58,201,10.8,2162.170,324.25,2.98,53,113,565
03/31/2017 18:10:08,207,10.8,2164.410,324.83,2.98,53,115,565
03/31/2017 18:10:18,184,10.8,2167.160,325.50,2.97,53,112,565
03/31/2017 18:10:28,201,10.8,2169.320,324.66,2.97,54,113,565
03/31/2017 18:10:38,225,10.8,2171.930,324.69,2.97,53,114,565
03/31/2017 18:10:48,205,10.8,2174.450,323.64,2.96,53,113,565
03/31/2017 18:10:58,221,10.8,2176.730,324.02,2.96,53,111,565
03/31/2017 18:11:08,209,10.9,2179.260,323.68,2.96,52,112,565
03/31/2017 18:11:18,193,10.8,2181.740,323.54,2.95,54,113,565
03/31/2017 18:11:28,206,10.8,2183.790,324.13,2.95,52,117,565
03/31/2017 18:11:38,227,10.8,2186.450,323.02,2.95,53,114,565
03/31/2017 18:11:48,198,10.8,2188.580,324.66,2.94,53,112,565
03/31/2017 18:11:58,193,10.8,2191.380,325.09,2.94,53,114,565
03/31/2017 18:12:08,199,10.8,2193.860,324.49,2.93,52,112,565
03/31/2017 18:12:18,201,10.8,2196.200,325.03,2.93,54,114,565
03/31/2017 18:12:28,202,10.8,2198.570,325.38,2.92,52,115,565
03/31/2017 18:12:38,193,10.8,2201.020,324.63,2.92,54,113,565
03/31/2017 18:12:48,199,10.8,2203.250,324.87,2.92,53,112,565
03/31/2017 18:12:58,199,10.8,2205.940,324.70,2.92,52,113,565
03/31/2017 18:13:08,203,10.8,2208.430,324.53,2.92,54,114,565
03/31/2017 18:13:18,223,10.8,2210.900,323.95,2.92,52,114,565
03/31/2017 18:13:28,204,10.8,2213.060,324.18,2.91,54,113,566
03/31/2017 18:13:38,208,10.8,2215.780,323.60,2.91,53,112,565
03/31/2017 18:13:48,209,10.8,2218.210,324.60,2.91,52,112,566
03/31/2017 18:13:58,239,10.8,2220.690,324.45,2.91,52,114,565
03/31/2017 18:14:08,198,10.8,2223.120,324.44,2.90,52,114,565
03/31/2017 18:14:18,215,10.8,2225.480,324.41,2.90,53,112,565
03/31/2017 18:14:28,210,10.8,2227.850,324.46,2.89,52,114,565
03/31/2017 18:14:38,221,10.8,2230.310,324.29,2.89,52,114,565
03/31/2017 18:14:48,209,10.8,2232.740,324.36,2.89,54,112,566
03/31/2017 18:14:58,231,10.8,2235.190,324.80,2.89,53,113,565
03/31/2017 18:15:08,222,10.8,2237.680,324.07,2.89,53,113,565
03/31/2017 18:15:18,197,10.8,2240.160,324.87,2.88,54,113,565
03/31/2017 18:15:28,219,10.8,2242.560,324.58,2.88,53,117,565
03/31/2017 18:15:38,236,10.8,2245.010,323.82,2.88,52,113,565
03/31/2017 18:15:48,213,10.8,2247.270,323.69,2.87,54,121,565
03/31/2017 18:15:58,210,10.8,2249.790,324.76,2.86,52,115,565
03/31/2017 18:16:08,213,10.8,2252.000,324.88,2.86,53,114,565
03/31/2017 18:16:18,192,10.8,2254.710,324.55,2.86,54,119,565
03/31/2017 18:16:28,203,10.8,2256.800,325.27,2.85,52,125,565
03/31/2017 18:16:38,192,10.8,2259.300,325.47,2.85,53,115,566
03/31/2017 18:16:48,201,10.8,2261.630,325.39,2.85,53,116,565
03/31/2017 18:16:58,210,10.8,2264.320,325.58,2.85,53,119,566
03/31/2017 18:17:08,214,10.8,2266.710,325.07,2.85,53,114,565
03/31/2017 18:17:18,183,10.8,2269.040,324.40,2.85,53,111,566
03/31/2017 18:17:28,183,10.8,2271.530,323.57,2.85,54,113,565
03/31/2017 18:17:38,218,10.8,2273.950,323.63,2.85,53,113,565
03/31/2017 18:17:48,211,10.8,2276.190,323.95,2.85,53,114,565
03/31/2017 18:17:58,230,10.8,2278.640,323.97,2.84,53,121,565
03/31/2017 18:18:08,178,10.8,2281.040,325.17,2.83,53,118,565
03/31/2017 18:18:18,241,10.8,2283.300,326.23,2.83,54,115,565
03/31/2017 18:18:28,199,10.8,2285.860,325.42,2.82,52,120,565
03/31/2017 18:18:38,194,10.8,2288.270,325.78,2.82,53,117,565
03/31/2017 18:18:48,237,10.8,2290.670,325.71,2.81,52,116,566
03/31/2017 18:18:58,210,10.8,2293.000,326.15,2.80,52,119,566
03/31/2017 18:19:08,210,10.8,2295.420,326.84,2.79,54,116,566
03/31/2017 18:19:18,222,10.8,2297.880,325.79,2.79,53,120,565
03/31/2017 18:19:28,198,10.8,2300.250,326.79,2.79,53,117,565
03/31/2017 18:19:38,193,10.8,2302.700,327.14,2.79,53,116,566
03/31/2017 18:19:48,172,10.8,2304.910,326.43,2.79,55,116,566
03/31/2017 18:19:58,196,10.8,2307.240,326.63,2.79,53,116,565
03/31/2017 18:20:08,187,10.8,2309.840,326.27,2.78,53,116,566
03/31/2017 18:20:18,214,10.8,2312.120,327.19,2.78,52,115,566
03/31/2017 18:20:28,208,10.8,2314.670,326.61,2.78,52,116,566
03/31/2017 18:20:38,197,10.8,2317.010,327.35,2.77,53,117,566
03/31/2017 18:20:48,214,10.8,2319.430,326.84,2.77,52,116,566
03/31/2017 18:20:58,210,10.8,2321.770,327.58,2.76,53,118,565
03/31/2017 18:21:08,218,10.8,2324.280,327.46,2.76,53,115,566
03/31/2017 18:21:18,221,10.8,2326.800,327.79,2.76,52,119,565
03/31/2017 18:21:28,214,10.8,2329.190,327.40,2.75,52,117,566
03/31/2017 18:21:38,192,10.8,2331.690,328.41,2.75,53,121,566
03/31/2017 18:21:48,224,10.8,2334.010,327.82,2.74,54,117,566
03/31/2017 18:21:58,235,10.8,2336.560,328.38,2.74,54,118,566
03/31/2017 18:22:08,204,10.8,2339.040,329.05,2.73,53,116,566
03/31/2017 18:22:18,191,10.8,2341.370,328.18,2.73,53,117,566
03/31/2017 18:22:28,167,10.8,2343.670,327.89,2.72,53,115,565
03/31/2017 18:22:38,218,10.8,2346.210,327.65,2.72,53,116,566
03/31/2017 18:22:48,219,10.8,2348.470,328.26,2.72,53,117,566
03/31/2017 18:22:58,226,10.8,2350.940,326.84,2.71,53,117,566
03/31/2017 18:23:08,224,10.8,2353.340,326.82,2.71,53,116,566
03/31/2017 18:23:18,224,10.8,2355.760,326.67,2.70,53,115,566
03/31/2017 18:23:28,223,10.8,2358.240,326.97,2.70,53,115,566
03/31/2017 18:23:38,226,10.8,2360.590,326.47,2.70,52,116,565
03/31/2017 18:23:48,213,10.8,2363.120,326.65,2.69,53,118,566
03/31/2017 18:23:58,196,10.8,2365.530,327.08,2.68,53,118,566
03/31/2017 18:24:08,193,10.8,2367.820,328.11,2.68,53,118,566
03/31/2017 18:24:18,221,10.8,2370.080,327.45,2.68,53,115,566
03/31/2017 18:24:28,219,10.9,2372.330,325.94,2.68,53,117,566
03/31/2017 18:24:38,192,10.8,2374.680,326.12,2.68,53,113,566
03/31/2017 18:24:48,207,10.8,2377.060,325.95,2.67,54,113,566
03/31/2017 18:24:58,211,10.8,2379.450,325.55,2.67,52,115,566
03/31/2017 18:25:08,208,10.8,2381.850,325.61,2.66,53,115,566
03/31/2017 18:25:18,208,10.8,2384.370,325.19,2.65,52,115,566
03/31/2017 18:25:28,244,10.8,2386.620,325.08,2.65,52,112,566
03/31/2017 18:25:38,200,10.8,2389.000,325.27,2.64,52,113,566
03/31/2017 18:25:48,197,10.8,2391.410,324.76,2.64,52,114,566
03/31/2017 18:25:58,219,10.8,2393.700,326.20,2.63,51,116,566
03/31/2017 18:26:08,208,10.8,2396.210,325.74,2.63,52,115,566
03/31/2017 18:26:18,217,10.8,2398.670,326.53,2.62,53,116,566
03/31/2017 18:26:28,202,10.8,2401.110,326.49,2.62,54,114,566
03/31/2017 18:26:38,228,10.8,2403.480,326.81,2.61,54,114,566
03/31/2017 18:26:48,216,10.8,2405.840,326.88,2.60,52,117,566
03/31/2017 18:26:58,197,10.8,2408.460,327.98,2.58,54,119,566
03/31/2017 18:27:08,219,10.7,2410.650,329.34,2.56,52,120,566
03/31/2017 18:27:18,212,10.8,2413.120,329.91,2.56,52,122,566
03/31/2017 18:27:28,205,10.8,2415.330,330.34,2.56,51,121,566
03/31/2017 18:27:38,199,10.8,2417.890,330.57,2.55,52,119,566
03/31/2017 18:27:48,215,10.8,2420.170,330.33,2.55,53,119,566
03/31/2017 18:27:58,193,10.8,2422.460,329.49,2.56,52,116,566
03/31/2017 18:28:08,221,10.9,2424.880,328.63,2.55,55,120,566
03/31/2017 18:28:18,242,10.8,2427.110,328.47,2.55,52,119,566
03/31/2017 18:28:28,186,10.8,2429.450,329.34,2.53,53,120,566
03/31/2017 18:28:38,191,10.8,2431.970,329.66,2.52,52,123,566
03/31/2017 18:28:48,217,10.8,2434.330,330.80,2.51,55,124,566
03/31/2017 18:28:58,239,10.8,2436.740,332.89,2.50,52,126,566
03/31/2017 18:29:08,207,10.8,2438.940,332.39,2.48,54,126,566
03/31/2017 18:29:18,211,10.8,2441.270,333.86,2.47,52,131,566
03/31/2017 18:29:28,213,10.8,2443.720,334.05,2.47,54,126,566
03/31/2017 18:29:38,223,10.8,2446.130,333.88,2.46,54,132,566
03/31/2017 18:29:48,197,10.8,2448.550,334.70,2.46,53,125,566
03/31/2017 18:29:58,204,10.8,2450.950,333.70,2.45,52,126,566
03/31/2017 18:30:08,206,10.8,2453.180,334.60,2.45,53,125,566
03/31/2017 18:30:18,215,10.8,2455.640,334.48,2.44,54,125,566
03/31/2017 18:30:28,191,10.8,2457.910,334.67,2.42,55,128,566
03/31/2017 18:30:38,204,10.9,2460.030,336.16,2.40,53,126,566
03/31/2017 18:30:48,236,10.8,2462.230,335.67,2.39,53,128,566
03/31/2017 18:30:58,211,10.8,2464.470,335.07,2.39,52,130,566
03/31/2017 18:31:08,205,10.8,2466.670,335.79,2.37,54,130,566
03/31/2017 18:31:18,203,10.8,2469.020,336.36,2.37,53,134,566
03/31/2017 18:31:28,188,10.8,2471.370,337.31,2.35,52,129,566
03/31/2017 18:31:38,217,10.8,2473.700,337.42,2.34,55,129,566
03/31/2017 18:31:48,196,10.8,2475.960,336.98,2.34,52,129,566
03/31/2017 18:31:58,218,10.8,2478.220,337.02,2.33,54,129,566
03/31/2017 18:32:08,219,10.8,2480.530,337.42,2.31,53,129,566
03/31/2017 18:32:18,217,10.8,2482.780,337.93,2.30,55,128,566
03/31/2017 18:32:28,208,10.8,2485.100,338.30,2.28,53,131,566
03/31/2017 18:32:38,212,10.8,2487.450,338.29,2.27,54,128,566
03/31/2017 18:32:48,204,10.8,2489.790,338.98,2.26,51,128,566
03/31/2017 18:32:58,225,10.8,2492.070,338.80,2.25,53,131,566
03/31/2017 18:33:08,197,10.8,2494.530,338.62,2.24,55,127,566
03/31/2017 18:33:18,209,10.8,2496.780,339.01,2.22,52,131,566
03/31/2017 18:33:28,209,10.8,2498.990,339.25,2.22,52,129,566
03/31/2017 18:33:38,212,10.8,2501.240,339.51,2.21,53,135,566
03/31/2017 18:33:48,192,10.8,2503.690,339.27,2.21,55,132,566
03/31/2017 18:33:58,197,10.8,2506.040,339.34,2.20,54,126,566
03/31/2017 18:34:08,212,10.8,2508.420,339.33,2.20,53,128,566
03/31/2017 18:34:18,213,10.8,2510.880,339.94,2.19,53,131,566
03/31/2017 18:34:28,230,10.9,2513.040,339.87,2.18,53,129,566
03/31/2017 18:34:38,198,10.8,2515.450,339.51,2.16,54,132,566
03/31/2017 18:34:48,204,10.8,2517.860,340.29,2.14,54,128,566
03/31/2017 18:34:58,213,10.8,2520.060,340.57,2.13,52,130,566
03/31/2017 18:35:08,208,10.8,2522.480,340.79,2.11,53,131,566
03/31/2017 18:35:18,206,10.8,2524.770,340.31,2.10,51,144,566
03/31/2017 18:35:28,227,10.9,2527.140,341.33,2.09,55,132,566

 Ramp exit:    SMOOTH RUNNING
 Profile exit: BOTTOM PRESSURE

 Vehicle motion stopped at 03/31/2017 18:35:33
 Sensor logging stopped at 03/31/2017 18:37:42
