
 Profile 322

 Sensors were turned on at  04/05/2017 16:00:02
 Vehicle began profiling at 04/05/2017 16:02:04

Date,[mA],[V],[dbar],Oxygen[uM],Optode Temp[C],Chl,NTU,Therm
04/05/2017 16:02:04,0,11.0,0.000,0.00,0.00,94,129,567
04/05/2017 16:02:14,208,10.8,0.000,0.00,0.00,92,133,567
04/05/2017 16:02:24,205,10.8,0.000,0.00,0.00,88,126,567
04/05/2017 16:02:37,268,10.7,186.900,379.82,3.81,87,126,567
04/05/2017 16:02:47,142,10.9,189.670,379.92,3.81,86,126,567
04/05/2017 16:02:57,147,10.9,192.270,379.18,3.81,86,126,567
04/05/2017 16:03:07,96,11.0,194.960,378.90,3.81,85,127,567
04/05/2017 16:03:17,133,10.9,197.750,378.69,3.81,84,125,566
04/05/2017 16:03:27,175,10.9,200.400,378.72,3.81,85,127,566
04/05/2017 16:03:37,135,10.9,203.160,379.06,3.81,84,125,566
04/05/2017 16:03:47,150,10.9,205.930,379.35,3.81,85,127,566
04/05/2017 16:03:57,128,10.9,208.470,378.53,3.81,84,126,566
04/05/2017 16:04:07,99,11.0,211.150,380.18,3.80,83,125,566
04/05/2017 16:04:17,175,10.8,213.820,378.42,3.80,83,128,566
04/05/2017 16:04:27,119,10.9,216.530,378.76,3.80,84,126,566
04/05/2017 16:04:37,109,11.0,219.220,379.13,3.80,82,127,566
04/05/2017 16:04:47,161,10.9,222.000,378.11,3.80,86,127,566
04/05/2017 16:04:57,124,10.9,224.600,378.40,3.80,86,125,566
04/05/2017 16:05:07,131,10.9,227.330,378.48,3.80,85,125,566
04/05/2017 16:05:17,131,10.9,230.020,378.65,3.80,83,126,566
04/05/2017 16:05:27,127,10.9,232.670,379.35,3.80,81,124,566
04/05/2017 16:05:37,144,10.9,235.350,377.75,3.80,81,127,566
04/05/2017 16:05:47,130,10.9,238.180,378.25,3.80,81,125,566
04/05/2017 16:05:57,136,10.9,240.870,378.63,3.80,82,124,566
04/05/2017 16:06:07,144,10.8,243.560,378.78,3.80,81,129,565
04/05/2017 16:06:17,148,10.8,246.230,377.69,3.80,83,127,565
04/05/2017 16:06:27,110,10.9,248.820,378.31,3.80,83,131,565
04/05/2017 16:06:37,151,10.9,251.680,378.10,3.80,82,125,565
04/05/2017 16:06:47,142,10.9,254.170,378.20,3.80,82,125,565
04/05/2017 16:06:57,149,10.8,256.860,378.54,3.80,83,127,565
04/05/2017 16:07:07,146,10.9,259.660,378.67,3.80,82,126,565
04/05/2017 16:07:17,126,10.9,262.360,378.15,3.80,83,127,565
04/05/2017 16:07:27,150,10.8,265.020,377.78,3.80,82,126,565
04/05/2017 16:07:37,166,10.8,267.660,378.12,3.80,83,125,565
04/05/2017 16:07:47,124,10.9,270.370,378.36,3.80,84,125,565
04/05/2017 16:07:57,143,10.8,273.050,378.32,3.80,82,126,565
04/05/2017 16:08:07,159,10.8,275.800,378.62,3.80,83,127,565
04/05/2017 16:08:17,141,10.9,278.500,377.89,3.80,84,126,565
04/05/2017 16:08:27,153,10.8,281.010,378.34,3.80,84,125,565
04/05/2017 16:08:37,104,10.9,283.710,377.33,3.80,84,125,565
04/05/2017 16:08:47,130,10.8,286.440,378.77,3.80,83,126,565
04/05/2017 16:08:57,160,10.8,289.120,377.02,3.80,85,125,565
04/05/2017 16:09:07,105,10.9,291.800,377.76,3.80,85,124,565
04/05/2017 16:09:17,153,10.8,294.570,378.63,3.79,82,136,565
04/05/2017 16:09:27,144,10.9,297.060,378.35,3.79,82,126,565
04/05/2017 16:09:37,122,10.9,299.740,377.63,3.79,84,125,565
04/05/2017 16:09:47,147,10.8,302.570,378.31,3.79,82,125,565
04/05/2017 16:09:57,160,10.8,305.240,378.51,3.79,82,125,565
04/05/2017 16:10:07,134,10.9,307.880,377.90,3.79,84,126,565
04/05/2017 16:10:17,137,10.8,310.540,377.61,3.79,84,128,565
04/05/2017 16:10:27,122,10.9,313.220,377.51,3.79,83,125,565
04/05/2017 16:10:37,124,10.9,315.820,377.45,3.80,83,125,565
04/05/2017 16:10:47,130,10.9,318.570,377.99,3.79,83,129,565
04/05/2017 16:10:57,143,10.8,321.220,376.35,3.79,82,126,565
04/05/2017 16:11:07,112,10.9,323.950,377.18,3.79,83,125,565
04/05/2017 16:11:17,137,10.9,326.540,376.95,3.79,82,126,565
04/05/2017 16:11:27,117,10.9,329.240,377.29,3.79,83,126,565
04/05/2017 16:11:37,147,10.8,332.050,377.68,3.79,84,125,565
04/05/2017 16:11:47,178,10.8,334.600,377.79,3.79,81,127,565
04/05/2017 16:11:57,136,10.9,337.390,377.37,3.79,81,125,565
04/05/2017 16:12:07,133,10.8,340.090,377.46,3.79,82,124,565
04/05/2017 16:12:17,149,10.8,342.720,376.91,3.79,81,126,565
04/05/2017 16:12:27,154,10.8,345.400,377.67,3.79,81,125,565
04/05/2017 16:12:37,140,10.9,348.000,377.60,3.78,83,124,565
04/05/2017 16:12:47,131,10.8,350.690,376.30,3.78,83,125,565
04/05/2017 16:12:57,137,10.9,353.340,376.95,3.78,82,127,565
04/05/2017 16:13:07,122,10.9,356.020,377.32,3.78,85,126,565
04/05/2017 16:13:17,130,10.9,358.840,377.19,3.78,84,124,565
04/05/2017 16:13:27,149,10.8,361.470,377.54,3.78,84,125,565
04/05/2017 16:13:37,132,10.9,364.050,376.67,3.78,84,124,565
04/05/2017 16:13:47,141,10.9,366.730,377.85,3.78,82,127,565
04/05/2017 16:13:57,148,10.8,369.550,376.68,3.78,81,123,564
04/05/2017 16:14:07,151,10.8,372.080,376.96,3.78,83,125,565
04/05/2017 16:14:17,150,10.8,374.890,377.18,3.77,79,124,565
04/05/2017 16:14:27,116,10.9,377.480,376.67,3.77,79,123,565
04/05/2017 16:14:37,145,10.9,380.120,377.66,3.76,79,124,564
04/05/2017 16:14:47,162,10.8,382.860,376.10,3.76,81,126,564
04/05/2017 16:14:57,133,10.9,385.550,377.31,3.76,80,125,564
04/05/2017 16:15:07,140,10.8,388.280,376.63,3.76,80,123,565
04/05/2017 16:15:17,158,10.8,390.820,377.19,3.76,80,124,564
04/05/2017 16:15:27,148,10.9,393.360,376.66,3.76,77,123,565
04/05/2017 16:15:37,127,10.9,396.250,377.02,3.76,79,124,565
04/05/2017 16:15:47,137,10.8,398.800,376.45,3.76,79,126,565
04/05/2017 16:15:57,154,10.8,401.580,377.25,3.76,78,138,565
04/05/2017 16:16:07,146,10.8,404.210,376.33,3.76,79,126,565
04/05/2017 16:16:17,157,10.8,406.880,376.64,3.76,78,125,564
04/05/2017 16:16:27,154,10.8,409.550,376.35,3.75,80,124,565
04/05/2017 16:16:37,138,10.9,412.270,377.04,3.75,79,124,565
04/05/2017 16:16:47,154,10.8,414.900,377.01,3.75,78,124,564
04/05/2017 16:16:57,145,10.8,417.530,375.54,3.75,79,124,564
04/05/2017 16:17:07,151,10.9,420.160,376.84,3.75,78,126,564
04/05/2017 16:17:17,134,10.9,422.960,375.87,3.75,78,124,564
04/05/2017 16:17:27,121,10.9,425.560,376.11,3.75,78,124,565
04/05/2017 16:17:37,175,10.8,428.300,376.15,3.75,78,124,564
04/05/2017 16:17:47,146,10.8,430.840,375.45,3.75,79,126,564
04/05/2017 16:17:57,138,10.9,433.570,375.89,3.75,78,157,564
04/05/2017 16:18:07,168,10.8,436.250,376.05,3.75,76,124,564
04/05/2017 16:18:17,151,10.9,438.880,376.83,3.75,78,124,564
04/05/2017 16:18:27,129,10.9,441.490,375.66,3.75,77,127,564
04/05/2017 16:18:37,141,10.9,444.170,375.79,3.75,77,124,564
04/05/2017 16:18:47,155,10.9,446.940,375.67,3.75,78,124,564
04/05/2017 16:18:57,145,10.9,449.630,375.44,3.75,77,121,564
04/05/2017 16:19:07,139,10.9,452.280,375.46,3.75,76,129,564
04/05/2017 16:19:17,144,10.9,454.900,375.51,3.75,76,123,564
04/05/2017 16:19:27,139,10.9,457.520,375.89,3.75,75,122,564
04/05/2017 16:19:37,133,10.9,460.200,375.59,3.75,77,123,564
04/05/2017 16:19:47,127,10.9,462.920,376.49,3.75,76,123,565
04/05/2017 16:19:57,146,10.9,465.520,375.18,3.74,76,124,564
04/05/2017 16:20:07,134,10.9,468.250,374.76,3.74,77,124,564
04/05/2017 16:20:17,129,10.9,470.960,375.30,3.74,78,124,564
04/05/2017 16:20:27,147,10.9,473.660,376.39,3.74,77,125,564
04/05/2017 16:20:37,151,10.9,476.250,375.70,3.74,78,127,564
04/05/2017 16:20:47,140,10.9,478.920,375.71,3.74,78,124,564
04/05/2017 16:20:57,137,10.9,481.500,376.36,3.74,78,123,564
04/05/2017 16:21:07,136,10.8,484.210,376.00,3.74,78,125,564
04/05/2017 16:21:17,149,10.8,486.810,376.46,3.73,78,123,564
04/05/2017 16:21:27,166,10.9,489.610,375.98,3.73,77,124,564
04/05/2017 16:21:37,141,10.9,492.190,375.60,3.73,76,125,564
04/05/2017 16:21:47,141,10.9,494.760,376.78,3.72,73,122,564
04/05/2017 16:21:57,157,10.9,497.520,375.72,3.71,75,124,564
04/05/2017 16:22:07,135,10.9,500.190,375.64,3.71,74,123,564
04/05/2017 16:22:17,136,10.9,502.820,375.01,3.71,68,121,564
04/05/2017 16:22:27,164,10.8,505.400,374.58,3.70,67,121,564
04/05/2017 16:22:37,147,10.8,508.020,373.73,3.69,67,121,564
04/05/2017 16:22:47,129,10.9,510.780,373.67,3.69,67,124,564
04/05/2017 16:22:57,156,10.8,513.460,373.30,3.69,67,122,564
04/05/2017 16:23:07,153,10.8,516.100,373.73,3.69,67,120,565
04/05/2017 16:23:17,159,10.9,518.760,373.30,3.69,67,120,564
04/05/2017 16:23:27,131,10.9,521.300,373.30,3.69,66,122,564
04/05/2017 16:23:37,154,10.9,523.910,372.95,3.68,66,121,564
04/05/2017 16:23:47,152,10.9,526.620,372.29,3.69,66,123,564
04/05/2017 16:23:57,145,10.9,529.330,372.16,3.69,67,121,564
04/05/2017 16:24:07,140,10.9,531.880,372.67,3.69,67,121,564
04/05/2017 16:24:17,168,10.8,534.570,373.19,3.69,67,123,565
04/05/2017 16:24:27,158,10.8,537.280,373.07,3.70,68,120,564
04/05/2017 16:24:37,147,10.9,539.790,372.69,3.70,71,122,564
04/05/2017 16:24:47,151,10.9,542.460,373.56,3.70,71,123,564
04/05/2017 16:24:57,166,10.8,545.080,373.75,3.70,72,122,564
04/05/2017 16:25:07,163,10.8,547.900,373.35,3.69,69,122,565
04/05/2017 16:25:17,144,10.9,550.370,374.14,3.70,69,122,564
04/05/2017 16:25:27,156,10.9,553.070,373.57,3.69,70,122,564
04/05/2017 16:25:37,127,10.9,555.780,373.81,3.69,65,123,564
04/05/2017 16:25:47,148,10.9,558.400,372.76,3.67,65,119,564
04/05/2017 16:25:57,164,10.8,561.040,372.18,3.68,67,121,564
04/05/2017 16:26:07,164,10.8,563.600,372.70,3.68,70,123,564
04/05/2017 16:26:17,146,10.9,566.250,373.02,3.69,71,121,564
04/05/2017 16:26:27,138,10.9,568.880,372.52,3.69,69,122,565
04/05/2017 16:26:37,165,10.8,571.630,374.31,3.69,71,123,564
04/05/2017 16:26:47,155,10.8,574.290,372.65,3.69,70,122,564
04/05/2017 16:26:57,137,10.9,576.790,373.32,3.69,69,121,565
04/05/2017 16:27:07,135,10.9,579.460,373.55,3.69,69,122,564
04/05/2017 16:27:17,172,10.8,582.100,373.39,3.68,68,122,564
04/05/2017 16:27:27,172,10.9,584.730,373.71,3.68,68,121,564
04/05/2017 16:27:37,168,10.8,587.500,373.35,3.67,68,121,564
04/05/2017 16:27:47,169,10.8,590.180,372.63,3.67,63,120,564
04/05/2017 16:27:57,155,10.8,592.660,372.42,3.66,61,118,564
04/05/2017 16:28:07,162,10.9,595.450,370.90,3.66,59,117,564
04/05/2017 16:28:17,153,10.8,598.010,370.93,3.65,61,120,564
04/05/2017 16:28:27,164,10.9,600.710,369.63,3.65,60,120,564
04/05/2017 16:28:37,147,10.9,603.280,370.28,3.65,59,119,564
04/05/2017 16:28:47,149,10.9,605.970,369.13,3.64,61,116,565
04/05/2017 16:28:57,140,10.9,608.660,368.39,3.63,56,118,564
04/05/2017 16:29:07,159,10.9,611.220,368.62,3.63,55,116,564
04/05/2017 16:29:17,175,10.8,613.940,367.43,3.63,54,116,565
04/05/2017 16:29:27,170,10.8,616.620,366.81,3.62,55,118,564
04/05/2017 16:29:37,134,10.9,619.160,366.08,3.63,56,116,564
04/05/2017 16:29:47,174,10.8,621.900,367.42,3.62,54,136,564
04/05/2017 16:29:57,172,10.8,624.530,366.98,3.62,54,117,564
04/05/2017 16:30:07,130,10.9,627.150,366.20,3.62,53,114,564
04/05/2017 16:30:17,159,10.9,629.850,365.90,3.62,53,116,565
04/05/2017 16:30:27,172,10.8,632.450,366.44,3.61,54,116,564
04/05/2017 16:30:37,152,10.9,635.120,366.27,3.61,52,120,564
04/05/2017 16:30:47,160,10.9,637.730,365.76,3.61,54,116,565
04/05/2017 16:30:57,167,10.8,640.260,365.86,3.60,54,116,564
04/05/2017 16:31:07,137,10.9,642.970,365.01,3.60,53,116,564
04/05/2017 16:31:17,156,10.9,645.660,365.86,3.60,53,116,564
04/05/2017 16:31:27,162,10.9,648.190,365.40,3.60,54,116,564
04/05/2017 16:31:37,153,10.8,650.940,366.30,3.60,55,117,564
04/05/2017 16:31:47,155,10.9,653.610,364.96,3.60,54,114,564
04/05/2017 16:31:57,155,10.9,656.130,364.98,3.60,54,116,564
04/05/2017 16:32:07,150,10.9,658.890,364.59,3.60,54,123,564
04/05/2017 16:32:17,154,10.9,661.530,364.48,3.60,54,117,565
04/05/2017 16:32:27,159,10.9,664.140,364.11,3.60,54,115,564
04/05/2017 16:32:37,156,10.9,666.720,364.38,3.60,52,115,565
04/05/2017 16:32:47,157,10.8,669.340,364.51,3.59,54,116,564
04/05/2017 16:32:57,133,10.9,671.990,364.17,3.59,53,115,565
04/05/2017 16:33:07,146,10.9,674.680,363.96,3.59,52,115,564
04/05/2017 16:33:17,139,10.9,677.320,364.92,3.59,53,115,565
04/05/2017 16:33:27,168,10.8,680.000,364.24,3.59,52,119,564
04/05/2017 16:33:37,151,10.9,682.640,363.75,3.59,52,117,565
04/05/2017 16:33:47,152,10.9,685.290,363.61,3.58,52,116,564
04/05/2017 16:33:57,160,10.9,687.970,363.07,3.58,52,115,564
04/05/2017 16:34:07,146,10.9,690.500,363.63,3.58,52,115,564
04/05/2017 16:34:17,140,10.9,693.220,363.07,3.58,53,114,564
04/05/2017 16:34:27,152,10.9,695.910,363.69,3.58,52,122,564
04/05/2017 16:34:37,162,10.9,698.520,363.53,3.58,53,113,564
04/05/2017 16:34:47,150,10.9,701.240,363.90,3.57,53,116,564
04/05/2017 16:34:57,155,10.8,703.850,363.88,3.58,52,114,564
04/05/2017 16:35:07,157,10.9,706.520,363.67,3.57,53,115,564
04/05/2017 16:35:17,162,10.8,709.120,363.20,3.57,53,115,565
04/05/2017 16:35:27,166,10.9,711.740,362.69,3.57,54,115,564
04/05/2017 16:35:37,158,10.9,714.360,363.16,3.57,53,113,564
04/05/2017 16:35:47,142,10.9,717.040,363.08,3.57,53,115,564
04/05/2017 16:35:57,178,10.8,719.640,363.01,3.57,53,114,564
04/05/2017 16:36:07,137,10.9,722.160,363.33,3.57,51,117,565
04/05/2017 16:36:17,157,10.9,724.850,363.34,3.57,52,115,564
04/05/2017 16:36:27,171,10.8,727.470,362.99,3.56,53,113,564
04/05/2017 16:36:37,166,10.8,730.200,362.64,3.56,53,115,565
04/05/2017 16:36:47,163,10.8,732.760,361.98,3.56,54,114,564
04/05/2017 16:36:57,167,10.8,735.400,362.08,3.56,52,116,564
04/05/2017 16:37:07,175,10.8,738.160,363.41,3.56,52,116,565
04/05/2017 16:37:17,171,10.9,740.730,362.45,3.55,53,115,564
04/05/2017 16:37:27,168,10.8,743.290,361.77,3.55,53,115,564
04/05/2017 16:37:37,167,10.8,745.950,363.15,3.55,53,115,565
04/05/2017 16:37:47,153,10.9,748.640,362.60,3.55,52,114,564
04/05/2017 16:37:57,157,10.9,751.280,362.29,3.55,54,113,564
04/05/2017 16:38:07,168,10.8,753.850,362.41,3.55,52,114,565
04/05/2017 16:38:17,186,10.8,756.460,362.53,3.54,53,114,565
04/05/2017 16:38:27,148,10.9,759.160,362.32,3.54,54,117,564
04/05/2017 16:38:37,165,10.9,761.720,362.49,3.54,52,113,564
04/05/2017 16:38:47,168,10.8,764.370,361.68,3.54,54,114,565
04/05/2017 16:38:57,150,10.9,767.100,361.45,3.54,53,115,564
04/05/2017 16:39:07,158,10.8,769.590,362.56,3.54,53,114,565
04/05/2017 16:39:17,171,10.8,772.250,362.26,3.54,53,115,565
04/05/2017 16:39:27,166,10.8,774.970,361.96,3.54,52,115,565
04/05/2017 16:39:37,136,10.9,777.550,362.31,3.54,53,115,565
04/05/2017 16:39:47,172,10.9,780.160,363.08,3.54,52,115,565
04/05/2017 16:39:57,179,10.8,782.850,362.71,3.54,53,114,564
04/05/2017 16:40:07,146,10.9,785.530,362.23,3.54,54,114,565
04/05/2017 16:40:17,168,10.8,787.990,362.39,3.54,52,113,565
04/05/2017 16:40:27,163,10.9,790.700,362.40,3.54,53,127,565
04/05/2017 16:40:37,161,10.8,793.480,362.58,3.54,54,119,565
04/05/2017 16:40:47,152,10.9,796.070,363.03,3.53,53,115,564
04/05/2017 16:40:57,166,10.8,798.560,362.37,3.53,53,114,565
04/05/2017 16:41:07,170,10.8,801.190,362.50,3.53,54,113,564
04/05/2017 16:41:17,163,10.8,803.870,361.16,3.53,53,113,564
04/05/2017 16:41:27,158,10.9,806.560,361.66,3.53,53,112,565
04/05/2017 16:41:37,173,10.8,809.080,362.02,3.53,53,115,565
04/05/2017 16:41:47,155,10.9,811.730,361.52,3.53,52,113,564
04/05/2017 16:41:57,167,10.9,814.340,362.66,3.53,53,114,565
04/05/2017 16:42:07,164,10.9,817.040,361.72,3.53,53,114,565
04/05/2017 16:42:17,162,10.9,819.640,361.37,3.53,53,114,564
04/05/2017 16:42:27,154,10.9,822.290,362.79,3.53,53,113,565
04/05/2017 16:42:37,152,10.9,824.930,362.10,3.53,54,114,565
04/05/2017 16:42:47,154,10.9,827.580,362.70,3.52,53,114,565
04/05/2017 16:42:57,155,10.9,830.230,361.66,3.52,52,113,564
04/05/2017 16:43:07,140,10.9,832.850,361.44,3.52,52,114,564
04/05/2017 16:43:17,172,10.9,835.370,361.30,3.52,52,114,564
04/05/2017 16:43:27,158,10.9,838.050,360.86,3.52,53,113,564
04/05/2017 16:43:37,154,10.9,840.760,361.63,3.52,52,113,564
04/05/2017 16:43:47,155,10.9,843.270,362.01,3.52,51,114,565
04/05/2017 16:43:57,178,10.8,845.880,361.99,3.51,52,112,565
04/05/2017 16:44:07,155,10.9,848.620,361.88,3.51,52,114,565
04/05/2017 16:44:17,166,10.8,851.110,361.90,3.51,53,113,565
04/05/2017 16:44:27,157,10.8,853.820,361.72,3.52,52,113,564
04/05/2017 16:44:37,152,10.9,856.470,360.83,3.51,51,115,565
04/05/2017 16:44:47,159,10.9,859.030,360.89,3.51,53,113,565
04/05/2017 16:44:57,179,10.9,861.640,360.66,3.51,52,110,565
04/05/2017 16:45:07,161,10.9,864.360,360.82,3.51,52,113,565
04/05/2017 16:45:17,167,10.9,866.910,359.94,3.51,52,112,564
04/05/2017 16:45:27,156,10.8,869.520,361.14,3.51,51,115,564
04/05/2017 16:45:37,157,10.9,872.080,361.11,3.51,52,114,565
04/05/2017 16:45:47,169,10.9,874.830,360.33,3.51,51,112,565
04/05/2017 16:45:57,159,10.9,877.480,360.74,3.51,52,114,565
04/05/2017 16:46:07,165,10.9,880.030,360.22,3.51,51,113,565
04/05/2017 16:46:17,172,10.8,882.570,360.22,3.50,52,112,565
04/05/2017 16:46:27,138,10.9,885.200,360.60,3.50,51,113,565
04/05/2017 16:46:37,151,10.9,887.820,360.17,3.50,51,113,564
04/05/2017 16:46:47,183,10.8,890.550,360.09,3.50,52,113,565
04/05/2017 16:46:57,169,10.9,893.050,360.84,3.50,50,121,565
04/05/2017 16:47:07,146,10.8,895.710,359.74,3.50,52,113,564
04/05/2017 16:47:17,164,10.8,898.330,359.97,3.50,52,113,565
04/05/2017 16:47:27,164,10.8,900.990,359.70,3.50,52,113,565
04/05/2017 16:47:37,167,10.9,903.550,360.52,3.50,53,114,565
04/05/2017 16:47:47,188,10.8,906.190,360.16,3.50,52,112,564
04/05/2017 16:47:57,163,10.9,908.750,359.96,3.50,52,112,565
04/05/2017 16:48:07,175,10.8,911.420,360.42,3.50,51,115,565
04/05/2017 16:48:17,171,10.8,913.890,360.41,3.50,54,113,565
04/05/2017 16:48:27,165,10.9,916.590,359.23,3.50,53,112,565
04/05/2017 16:48:37,151,10.9,919.240,359.30,3.50,53,117,565
04/05/2017 16:48:47,161,10.8,921.890,359.65,3.50,52,114,565
04/05/2017 16:48:57,158,10.8,924.510,358.72,3.50,52,113,565
04/05/2017 16:49:07,170,10.8,927.050,359.42,3.50,53,112,564
04/05/2017 16:49:17,160,10.9,929.740,359.89,3.50,52,112,565
04/05/2017 16:49:27,167,10.9,932.340,359.90,3.50,51,113,565
04/05/2017 16:49:37,164,10.9,934.810,358.75,3.50,52,113,565
04/05/2017 16:49:47,166,10.8,937.450,359.41,3.50,54,113,565
04/05/2017 16:49:57,161,10.8,940.180,359.07,3.50,52,112,565
04/05/2017 16:50:07,169,10.8,942.720,358.15,3.50,53,113,565
04/05/2017 16:50:17,188,10.8,945.230,359.73,3.49,52,114,565
04/05/2017 16:50:27,158,10.8,947.990,359.06,3.49,52,113,565
04/05/2017 16:50:37,160,10.9,950.580,359.21,3.49,52,113,565
04/05/2017 16:50:47,175,10.9,953.220,359.45,3.48,51,112,565
04/05/2017 16:50:57,133,10.9,955.750,359.66,3.48,52,115,565
04/05/2017 16:51:07,191,10.8,958.400,359.49,3.48,51,114,564
04/05/2017 16:51:17,174,10.9,960.900,358.97,3.48,52,115,565
04/05/2017 16:51:27,154,10.9,963.550,359.32,3.48,54,113,565
04/05/2017 16:51:37,186,10.8,966.260,358.39,3.47,52,113,565
04/05/2017 16:51:47,195,10.8,968.830,358.85,3.47,52,115,565
04/05/2017 16:51:57,154,10.8,971.390,359.12,3.47,53,115,565
04/05/2017 16:52:07,147,10.8,973.980,358.29,3.47,53,114,565
04/05/2017 16:52:17,171,10.8,976.530,359.08,3.47,52,125,565
04/05/2017 16:52:27,163,10.8,979.170,358.86,3.47,52,112,565
04/05/2017 16:52:37,165,10.8,981.800,357.77,3.47,53,112,565
04/05/2017 16:52:47,169,10.8,984.490,358.62,3.47,53,114,565
04/05/2017 16:52:57,187,10.8,986.980,359.17,3.47,51,115,565
04/05/2017 16:53:07,150,10.9,989.610,358.69,3.46,52,113,565
04/05/2017 16:53:17,159,10.9,992.330,359.20,3.46,51,115,565
04/05/2017 16:53:27,175,10.8,994.830,359.04,3.46,52,113,565
04/05/2017 16:53:37,154,10.9,997.400,359.13,3.46,54,113,565
04/05/2017 16:53:47,155,10.9,1000.040,359.46,3.46,51,113,565
04/05/2017 16:53:57,178,10.8,1002.630,358.82,3.46,54,112,565
04/05/2017 16:54:07,159,10.9,1005.240,358.78,3.46,53,116,565
04/05/2017 16:54:17,158,10.8,1007.790,358.83,3.46,52,112,565
04/05/2017 16:54:27,166,10.8,1010.470,359.09,3.46,51,114,565
04/05/2017 16:54:37,161,10.8,1013.050,358.12,3.46,53,115,565
04/05/2017 16:54:47,167,10.9,1015.700,359.06,3.45,52,113,565
04/05/2017 16:54:57,149,10.9,1018.330,358.47,3.45,51,113,565
04/05/2017 16:55:07,169,10.8,1021.010,358.70,3.45,51,113,565
04/05/2017 16:55:17,175,10.8,1023.650,358.10,3.45,53,113,565
04/05/2017 16:55:27,169,10.8,1026.270,358.95,3.44,51,114,565
04/05/2017 16:55:37,149,10.9,1028.860,358.63,3.44,51,113,565
04/05/2017 16:55:47,151,10.9,1031.500,357.74,3.44,53,114,565
04/05/2017 16:55:57,165,10.9,1034.110,357.96,3.44,52,113,565
04/05/2017 16:56:07,163,10.9,1036.700,359.29,3.44,52,113,565
04/05/2017 16:56:17,154,10.8,1039.330,358.06,3.44,53,114,565
04/05/2017 16:56:27,168,10.8,1041.990,359.17,3.44,53,112,565
04/05/2017 16:56:37,165,10.8,1044.570,358.65,3.44,52,118,565
04/05/2017 16:56:47,169,10.8,1047.090,357.83,3.43,52,113,565
04/05/2017 16:56:57,169,10.8,1049.750,358.15,3.43,53,114,565
04/05/2017 16:57:07,155,10.9,1052.390,358.62,3.43,51,113,565
04/05/2017 16:57:17,174,10.8,1054.950,357.83,3.43,52,112,565
04/05/2017 16:57:27,181,10.9,1057.490,357.98,3.43,53,113,565
04/05/2017 16:57:37,153,10.9,1060.100,358.69,3.43,52,113,565
04/05/2017 16:57:47,153,10.9,1062.750,358.72,3.43,52,113,565
04/05/2017 16:57:57,184,10.8,1065.470,358.41,3.43,52,113,565
04/05/2017 16:58:07,130,10.9,1068.070,358.38,3.43,51,111,565
04/05/2017 16:58:17,152,10.9,1070.710,358.08,3.43,50,111,565
04/05/2017 16:58:27,145,10.9,1073.290,358.70,3.42,52,112,565
04/05/2017 16:58:37,160,10.9,1075.890,358.23,3.42,52,113,565
04/05/2017 16:58:47,146,10.9,1078.490,357.96,3.42,53,113,565
04/05/2017 16:58:57,141,10.9,1081.070,358.07,3.42,53,112,565
04/05/2017 16:59:07,152,10.9,1083.680,357.62,3.42,53,114,565
04/05/2017 16:59:17,138,10.9,1086.290,358.36,3.42,51,113,565
04/05/2017 16:59:27,191,10.8,1088.840,357.73,3.42,53,114,565
04/05/2017 16:59:37,150,10.8,1091.410,356.99,3.42,51,112,565
04/05/2017 16:59:47,162,10.9,1094.030,358.26,3.42,52,113,565
04/05/2017 16:59:57,187,10.8,1096.660,358.53,3.42,51,113,565
04/05/2017 17:00:07,146,10.9,1099.240,357.34,3.42,52,112,565
04/05/2017 17:00:17,157,10.9,1101.890,357.71,3.42,53,112,565
04/05/2017 17:00:27,189,10.8,1104.580,358.20,3.42,53,114,565
04/05/2017 17:00:37,177,10.9,1107.170,357.25,3.42,53,114,565
04/05/2017 17:00:47,167,10.9,1109.810,357.46,3.42,53,115,565
04/05/2017 17:00:57,169,10.9,1112.420,357.62,3.42,52,113,565
04/05/2017 17:01:07,182,10.8,1114.980,357.81,3.42,52,115,565
04/05/2017 17:01:17,166,10.8,1117.570,357.33,3.41,51,114,565
04/05/2017 17:01:27,173,10.8,1120.220,357.07,3.41,53,113,565
04/05/2017 17:01:37,158,10.9,1122.780,357.57,3.41,50,112,565
04/05/2017 17:01:47,174,10.8,1125.460,357.84,3.41,51,112,565
04/05/2017 17:01:57,187,10.8,1128.100,358.03,3.41,51,112,565
04/05/2017 17:02:07,167,10.9,1130.640,356.67,3.41,53,113,565
04/05/2017 17:02:17,158,10.9,1133.260,356.63,3.41,51,114,565
04/05/2017 17:02:27,183,10.8,1135.840,356.61,3.41,52,114,565
04/05/2017 17:02:37,172,10.9,1138.530,356.39,3.41,53,112,565
04/05/2017 17:02:47,161,10.9,1141.090,357.18,3.41,53,112,565
04/05/2017 17:02:57,172,10.9,1143.620,356.75,3.41,53,112,565
04/05/2017 17:03:07,169,10.8,1146.260,356.25,3.41,52,113,565
04/05/2017 17:03:17,180,10.8,1148.850,356.28,3.41,51,113,565
04/05/2017 17:03:27,165,10.8,1151.510,356.60,3.41,52,113,565
04/05/2017 17:03:37,183,10.8,1154.060,356.59,3.41,53,111,565
04/05/2017 17:03:47,164,10.9,1156.730,356.18,3.40,52,114,565
04/05/2017 17:03:57,170,10.9,1159.340,356.14,3.40,53,113,565
04/05/2017 17:04:07,154,10.9,1161.950,356.81,3.40,53,113,565
04/05/2017 17:04:17,150,10.9,1164.550,356.08,3.41,51,113,565
04/05/2017 17:04:27,181,10.8,1167.180,355.85,3.41,52,111,565
04/05/2017 17:04:37,173,10.8,1169.810,356.25,3.41,52,113,565
04/05/2017 17:04:47,172,10.9,1172.350,355.63,3.41,52,111,565
04/05/2017 17:04:57,171,10.8,1174.940,355.53,3.40,53,112,565
04/05/2017 17:05:07,171,10.8,1177.570,356.35,3.40,51,112,565
04/05/2017 17:05:17,162,10.8,1180.260,355.95,3.40,52,113,565
04/05/2017 17:05:27,179,10.9,1182.780,355.81,3.40,52,112,565
04/05/2017 17:05:37,167,10.8,1185.560,356.11,3.40,52,112,565
04/05/2017 17:05:47,166,10.9,1188.060,356.20,3.40,52,112,565
04/05/2017 17:05:57,156,10.9,1190.690,356.14,3.40,53,112,565
04/05/2017 17:06:07,165,10.9,1193.310,356.71,3.40,53,111,565
04/05/2017 17:06:17,168,10.9,1195.770,355.04,3.40,53,112,565
04/05/2017 17:06:27,169,10.9,1198.630,355.68,3.40,50,113,565
04/05/2017 17:06:37,170,10.8,1201.030,356.29,3.40,51,112,565
04/05/2017 17:06:47,172,10.8,1203.640,354.64,3.40,52,114,565
04/05/2017 17:06:57,164,10.9,1206.250,355.05,3.40,52,114,565
04/05/2017 17:07:07,166,10.9,1208.900,355.22,3.40,51,112,565
04/05/2017 17:07:17,178,10.9,1211.570,354.73,3.40,53,111,565
04/05/2017 17:07:27,158,10.9,1214.180,355.80,3.40,53,113,565
04/05/2017 17:07:37,171,10.9,1216.860,355.40,3.40,53,112,565
04/05/2017 17:07:47,167,10.9,1219.320,355.41,3.40,53,114,565
04/05/2017 17:07:57,159,10.8,1222.020,355.65,3.40,52,110,565
04/05/2017 17:08:07,179,10.8,1224.620,355.05,3.39,53,112,565
04/05/2017 17:08:17,158,10.9,1227.190,355.19,3.40,52,113,565
04/05/2017 17:08:27,175,10.9,1229.790,354.91,3.40,53,111,565
04/05/2017 17:08:37,183,10.8,1232.350,354.99,3.40,52,113,565
04/05/2017 17:08:47,161,10.9,1235.060,355.51,3.39,53,111,565
04/05/2017 17:08:57,166,10.8,1237.620,354.55,3.39,52,111,565
04/05/2017 17:09:07,160,10.9,1240.120,354.97,3.40,51,112,565
04/05/2017 17:09:17,172,10.8,1242.750,354.77,3.39,51,111,565
04/05/2017 17:09:27,159,10.8,1245.340,354.63,3.40,52,112,565
04/05/2017 17:09:37,166,10.9,1248.040,354.66,3.40,52,111,565
04/05/2017 17:09:47,165,10.9,1250.630,355.16,3.41,53,112,565
04/05/2017 17:09:57,183,10.9,1253.250,353.99,3.41,52,111,565
04/05/2017 17:10:07,166,10.8,1255.900,353.66,3.41,52,114,565
04/05/2017 17:10:17,171,10.8,1258.450,353.34,3.42,52,112,565
04/05/2017 17:10:27,193,10.8,1260.940,353.54,3.42,53,112,565
04/05/2017 17:10:37,163,10.8,1263.720,353.06,3.42,51,112,565
04/05/2017 17:10:47,172,10.9,1266.140,352.86,3.42,52,110,565
04/05/2017 17:10:57,151,10.9,1268.820,352.60,3.43,52,111,565
04/05/2017 17:11:07,168,10.9,1271.450,352.62,3.42,52,115,565
04/05/2017 17:11:17,189,10.8,1274.070,352.68,3.43,52,112,565
04/05/2017 17:11:27,179,10.8,1276.650,351.83,3.43,53,113,565
04/05/2017 17:11:37,142,10.9,1279.170,352.12,3.43,53,112,565
04/05/2017 17:11:47,182,10.8,1281.860,352.05,3.43,52,112,565
04/05/2017 17:11:57,158,10.9,1284.470,351.58,3.43,52,110,565
04/05/2017 17:12:07,165,10.9,1287.060,351.45,3.43,52,114,565
04/05/2017 17:12:17,182,10.8,1289.580,351.40,3.43,53,113,565
04/05/2017 17:12:27,156,10.9,1292.300,351.65,3.43,51,114,565
04/05/2017 17:12:37,167,10.9,1294.870,351.36,3.43,50,112,565
04/05/2017 17:12:47,164,10.8,1297.440,351.11,3.43,53,113,565
04/05/2017 17:12:57,172,10.8,1299.960,350.35,3.43,52,110,565
04/05/2017 17:13:07,176,10.9,1302.600,350.84,3.43,52,111,565
04/05/2017 17:13:17,169,10.9,1305.270,350.62,3.44,54,112,565
04/05/2017 17:13:27,152,10.9,1307.860,350.89,3.44,51,113,565
04/05/2017 17:13:37,186,10.8,1310.330,350.64,3.44,54,111,565
04/05/2017 17:13:47,177,10.8,1312.920,350.61,3.44,53,112,565
04/05/2017 17:13:57,170,10.9,1315.640,350.25,3.44,53,114,565
04/05/2017 17:14:07,169,10.9,1318.150,349.68,3.45,52,112,565
04/05/2017 17:14:17,171,10.8,1320.720,349.50,3.45,52,112,565
04/05/2017 17:14:27,161,10.9,1323.300,349.59,3.46,52,113,565
04/05/2017 17:14:37,170,10.8,1325.920,348.47,3.46,52,112,565
04/05/2017 17:14:47,163,10.9,1328.610,348.44,3.47,52,113,565
04/05/2017 17:14:57,190,10.8,1331.120,348.03,3.47,53,112,565
04/05/2017 17:15:07,190,10.8,1333.710,347.95,3.47,52,113,565
04/05/2017 17:15:17,180,10.9,1336.360,347.95,3.47,51,111,565
04/05/2017 17:15:27,168,10.9,1338.960,347.32,3.48,51,112,565
04/05/2017 17:15:37,169,10.9,1341.520,347.47,3.49,52,112,565
04/05/2017 17:15:47,170,10.8,1344.170,346.77,3.49,54,113,565
04/05/2017 17:15:57,173,10.9,1346.630,346.71,3.49,52,112,565
04/05/2017 17:16:07,191,10.9,1349.210,345.89,3.50,53,115,565
04/05/2017 17:16:17,181,10.8,1351.830,345.41,3.51,53,112,565
04/05/2017 17:16:27,173,10.8,1354.400,343.95,3.51,53,111,565
04/05/2017 17:16:37,167,10.9,1357.010,344.35,3.52,53,112,565
04/05/2017 17:16:47,144,10.9,1359.540,344.46,3.53,53,112,565
04/05/2017 17:16:57,175,10.8,1362.080,342.81,3.54,53,111,565
04/05/2017 17:17:07,181,10.8,1364.730,343.16,3.54,53,112,565
04/05/2017 17:17:17,167,10.9,1367.410,341.40,3.55,53,113,565
04/05/2017 17:17:27,182,10.8,1369.940,340.95,3.56,52,112,565
04/05/2017 17:17:37,169,10.9,1372.420,340.38,3.56,52,112,565
04/05/2017 17:17:47,172,10.8,1375.020,340.00,3.56,51,111,565
04/05/2017 17:17:57,171,10.9,1377.740,340.10,3.57,51,111,565
04/05/2017 17:18:07,176,10.9,1380.280,339.32,3.57,51,114,565
04/05/2017 17:18:17,182,10.8,1382.870,339.60,3.57,52,111,565
04/05/2017 17:18:27,183,10.8,1385.490,339.03,3.57,52,112,565
04/05/2017 17:18:37,167,10.9,1387.910,339.49,3.57,53,112,565
04/05/2017 17:18:47,182,10.9,1390.660,338.54,3.56,53,112,565
04/05/2017 17:18:57,185,10.8,1393.220,339.41,3.56,53,117,565
04/05/2017 17:19:07,190,10.8,1395.780,338.04,3.56,51,112,565
04/05/2017 17:19:17,179,10.9,1398.460,338.94,3.57,53,111,565
04/05/2017 17:19:27,192,10.8,1400.980,337.96,3.57,52,112,565
04/05/2017 17:19:37,187,10.8,1403.550,337.65,3.57,53,112,565
04/05/2017 17:19:47,175,10.9,1406.120,337.70,3.57,53,111,525
04/05/2017 17:19:57,152,10.9,1408.710,337.31,3.57,53,113,565
04/05/2017 17:20:07,198,10.8,1411.240,337.17,3.57,53,113,565
04/05/2017 17:20:17,172,10.8,1413.750,336.35,3.58,53,112,565
04/05/2017 17:20:27,168,10.9,1416.530,336.17,3.59,52,113,565
04/05/2017 17:20:37,191,10.8,1419.000,335.63,3.59,51,112,565
04/05/2017 17:20:47,181,10.8,1421.530,335.37,3.59,52,113,565
04/05/2017 17:20:57,157,10.9,1424.160,335.97,3.59,52,111,565
04/05/2017 17:21:07,192,10.8,1426.690,334.73,3.59,52,112,565
04/05/2017 17:21:17,174,10.9,1429.320,334.76,3.59,51,111,565
04/05/2017 17:21:27,170,10.8,1431.920,334.61,3.59,53,112,565
04/05/2017 17:21:37,192,10.8,1434.630,334.26,3.59,54,115,565
04/05/2017 17:21:47,187,10.9,1437.150,333.54,3.59,52,114,565
04/05/2017 17:21:57,168,10.9,1439.670,334.03,3.60,53,114,565
04/05/2017 17:22:07,179,10.8,1442.230,333.41,3.60,52,111,565
04/05/2017 17:22:17,159,10.9,1444.900,332.79,3.61,53,114,564
04/05/2017 17:22:27,183,10.8,1447.490,332.12,3.61,54,112,565
04/05/2017 17:22:37,179,10.8,1450.120,332.07,3.61,52,113,565
04/05/2017 17:22:47,175,10.8,1452.520,331.15,3.62,54,113,565
04/05/2017 17:22:57,186,10.8,1455.180,330.88,3.62,53,112,565
04/05/2017 17:23:07,167,10.8,1457.810,330.46,3.62,53,113,565
04/05/2017 17:23:17,177,10.8,1460.270,330.36,3.62,54,113,565
04/05/2017 17:23:27,173,10.8,1463.040,330.44,3.62,53,114,565
04/05/2017 17:23:37,187,10.8,1465.580,330.10,3.62,54,112,565
04/05/2017 17:23:47,153,10.8,1468.060,330.45,3.62,51,113,565
04/05/2017 17:23:57,176,10.9,1470.630,330.12,3.62,52,111,565
04/05/2017 17:24:07,151,10.9,1473.240,329.61,3.62,53,112,565
04/05/2017 17:24:17,171,10.8,1475.760,329.25,3.62,52,113,565
04/05/2017 17:24:27,171,10.8,1478.420,329.56,3.62,53,113,565
04/05/2017 17:24:37,174,10.9,1480.850,329.85,3.62,52,111,565
04/05/2017 17:24:47,193,10.8,1483.420,329.31,3.62,53,111,565
04/05/2017 17:24:57,188,10.8,1485.960,329.07,3.62,53,112,565
04/05/2017 17:25:07,154,10.9,1488.580,328.61,3.62,53,112,565
04/05/2017 17:25:17,183,10.8,1491.220,328.14,3.61,53,113,564
04/05/2017 17:25:27,182,10.8,1493.770,329.01,3.61,53,115,565
04/05/2017 17:25:37,202,10.8,1496.260,329.08,3.61,51,112,565
04/05/2017 17:25:47,176,10.8,1498.730,327.34,3.61,52,113,565
04/05/2017 17:25:57,203,10.8,1501.430,328.54,3.61,54,113,565
04/05/2017 17:26:07,145,10.8,1503.850,327.34,3.61,52,113,565
04/05/2017 17:26:17,187,10.8,1506.400,327.38,3.61,52,112,565
04/05/2017 17:26:27,173,10.8,1509.040,327.80,3.61,52,113,565
04/05/2017 17:26:37,182,10.8,1511.440,328.28,3.61,53,112,565
04/05/2017 17:26:47,169,10.9,1514.070,327.01,3.61,53,114,565
04/05/2017 17:26:57,172,10.8,1516.590,327.34,3.61,52,112,565
04/05/2017 17:27:07,174,10.9,1519.090,327.39,3.61,54,114,565
04/05/2017 17:27:17,168,10.9,1521.720,327.29,3.60,53,113,564
04/05/2017 17:27:27,173,10.9,1524.140,326.36,3.60,52,113,565
04/05/2017 17:27:37,180,10.8,1526.740,327.16,3.60,54,112,565
04/05/2017 17:27:47,179,10.8,1529.170,326.56,3.60,54,114,564
04/05/2017 17:27:57,204,10.8,1531.890,327.94,3.60,53,113,565
04/05/2017 17:28:07,199,10.8,1534.430,326.69,3.60,52,114,565
04/05/2017 17:28:17,186,10.9,1536.990,326.37,3.60,53,112,565
04/05/2017 17:28:27,195,10.8,1539.850,327.07,3.60,53,114,564
04/05/2017 17:28:37,177,10.8,1542.110,327.34,3.60,54,111,565
04/05/2017 17:28:47,181,10.8,1544.720,327.31,3.60,53,112,564
04/05/2017 17:28:57,175,10.8,1547.260,326.60,3.60,54,111,565
04/05/2017 17:29:07,190,10.8,1549.940,326.33,3.60,51,115,565
04/05/2017 17:29:17,164,10.9,1552.190,326.01,3.59,51,112,565
04/05/2017 17:29:27,170,10.9,1554.820,326.28,3.59,52,111,564
04/05/2017 17:29:37,178,10.8,1557.400,325.55,3.59,53,114,565
04/05/2017 17:29:47,204,10.8,1560.300,325.70,3.59,53,113,564
04/05/2017 17:29:57,177,10.8,1562.560,326.86,3.59,53,112,565
04/05/2017 17:30:07,183,10.8,1565.140,326.30,3.58,53,114,565
04/05/2017 17:30:17,168,10.9,1567.690,325.74,3.58,53,112,565
04/05/2017 17:30:27,173,10.9,1570.270,325.62,3.58,53,114,564
04/05/2017 17:30:37,181,10.9,1572.750,326.03,3.58,53,113,565
04/05/2017 17:30:47,165,10.9,1575.330,326.63,3.58,52,113,565
04/05/2017 17:30:57,181,10.8,1577.780,326.85,3.57,52,114,564
04/05/2017 17:31:07,172,10.9,1580.350,325.59,3.57,53,114,565
04/05/2017 17:31:17,176,10.9,1582.900,325.41,3.57,53,112,565
04/05/2017 17:31:27,182,10.8,1585.540,325.82,3.56,53,112,564
04/05/2017 17:31:37,196,10.8,1588.340,325.32,3.56,51,113,564
04/05/2017 17:31:47,207,10.8,1590.570,325.12,3.56,52,112,564
04/05/2017 17:31:57,179,10.8,1593.040,326.00,3.56,52,115,565
04/05/2017 17:32:07,190,10.8,1595.860,325.67,3.55,54,113,565
04/05/2017 17:32:17,190,10.8,1598.530,325.37,3.55,54,112,565
04/05/2017 17:32:27,170,10.9,1601.120,325.13,3.55,53,113,565
04/05/2017 17:32:37,184,10.8,1603.250,325.95,3.54,53,115,565
04/05/2017 17:32:47,167,10.8,1605.800,325.62,3.54,52,113,565
04/05/2017 17:32:57,168,10.8,1608.730,326.17,3.54,53,112,565
04/05/2017 17:33:07,204,10.8,1611.160,324.76,3.53,52,112,564
04/05/2017 17:33:17,201,10.8,1613.500,325.25,3.53,52,113,564
04/05/2017 17:33:27,191,10.8,1616.200,325.38,3.53,52,114,564
04/05/2017 17:33:37,156,10.9,1618.800,324.97,3.52,53,119,565
04/05/2017 17:33:47,196,10.9,1621.300,325.54,3.52,53,114,565
04/05/2017 17:33:57,187,10.8,1623.830,325.16,3.52,52,114,565
04/05/2017 17:34:07,205,10.8,1626.500,324.79,3.52,52,114,565
04/05/2017 17:34:17,191,10.9,1628.920,324.40,3.51,53,111,565
04/05/2017 17:34:27,177,10.8,1631.460,324.42,3.51,53,114,564
04/05/2017 17:34:37,184,10.9,1633.940,325.73,3.51,53,113,565
04/05/2017 17:34:47,202,10.8,1636.430,324.75,3.51,53,114,565
04/05/2017 17:34:57,176,10.9,1638.960,325.01,3.51,54,112,564
04/05/2017 17:35:07,188,10.8,1641.310,325.59,3.51,53,113,565
04/05/2017 17:35:17,176,10.8,1644.110,325.53,3.51,53,112,565
04/05/2017 17:35:27,179,10.8,1646.570,324.92,3.51,53,112,565
04/05/2017 17:35:37,186,10.8,1649.130,325.11,3.51,53,112,565
04/05/2017 17:35:47,188,10.8,1651.440,324.36,3.50,53,112,565
04/05/2017 17:35:57,192,10.9,1654.270,324.41,3.50,53,111,565
04/05/2017 17:36:07,197,10.8,1656.820,324.60,3.50,52,113,565
04/05/2017 17:36:17,193,10.8,1659.330,324.90,3.50,52,113,564
04/05/2017 17:36:27,185,10.8,1661.810,325.53,3.50,54,112,565
04/05/2017 17:36:37,198,10.8,1664.410,324.54,3.50,54,111,565
04/05/2017 17:36:47,184,10.8,1666.870,325.56,3.49,53,114,565
04/05/2017 17:36:57,187,10.8,1669.490,325.03,3.49,52,113,565
04/05/2017 17:37:07,186,10.8,1671.980,325.13,3.49,54,113,565
04/05/2017 17:37:17,213,10.8,1674.400,325.57,3.49,54,115,565
04/05/2017 17:37:27,192,10.8,1676.970,325.81,3.49,55,114,565
04/05/2017 17:37:37,174,10.8,1679.500,326.04,3.48,54,112,565
04/05/2017 17:37:47,169,10.8,1682.100,325.34,3.48,51,115,565
04/05/2017 17:37:57,207,10.8,1684.520,325.83,3.48,52,114,565
04/05/2017 17:38:07,187,10.8,1687.170,325.77,3.48,52,116,565
04/05/2017 17:38:17,192,10.8,1689.640,325.75,3.48,54,114,565
04/05/2017 17:38:27,182,10.8,1692.290,325.14,3.48,54,114,565
04/05/2017 17:38:37,197,10.8,1694.750,326.24,3.47,55,113,565
04/05/2017 17:38:47,193,10.8,1697.120,325.31,3.47,53,113,565
04/05/2017 17:38:57,204,10.8,1699.700,324.62,3.47,53,117,565
04/05/2017 17:39:07,145,10.9,1702.070,324.91,3.47,54,114,565
04/05/2017 17:39:17,197,10.8,1704.580,324.13,3.47,54,114,565
04/05/2017 17:39:27,205,10.8,1707.110,325.90,3.47,53,113,565
04/05/2017 17:39:37,186,10.8,1709.590,324.88,3.47,52,114,565
04/05/2017 17:39:47,211,10.8,1712.080,325.13,3.46,53,115,565
04/05/2017 17:39:57,214,10.8,1714.450,324.44,3.46,54,113,565
04/05/2017 17:40:07,202,10.8,1716.990,324.97,3.46,52,115,565
04/05/2017 17:40:17,203,10.8,1719.220,324.90,3.46,53,113,565
04/05/2017 17:40:27,204,10.8,1721.710,323.78,3.46,54,113,565
04/05/2017 17:40:37,184,10.8,1724.330,324.27,3.45,52,114,565
04/05/2017 17:40:47,231,10.8,1726.660,323.95,3.45,53,114,565
04/05/2017 17:40:57,227,10.8,1729.200,324.79,3.45,53,115,565
04/05/2017 17:41:07,136,10.9,1731.620,324.27,3.45,53,114,565
04/05/2017 17:41:17,225,10.8,1734.080,324.62,3.44,53,114,565
04/05/2017 17:41:27,191,10.8,1736.540,324.84,3.43,54,113,565
04/05/2017 17:41:37,236,10.8,1738.920,325.28,3.42,53,112,565
04/05/2017 17:41:47,204,10.8,1741.510,324.38,3.42,53,112,565
04/05/2017 17:41:57,200,10.8,1743.920,324.32,3.41,53,114,565
04/05/2017 17:42:07,197,10.8,1746.390,324.55,3.41,52,113,565
04/05/2017 17:42:17,209,10.8,1748.890,324.57,3.41,53,113,565
04/05/2017 17:42:27,205,10.8,1751.340,324.51,3.40,52,113,565
04/05/2017 17:42:37,202,10.8,1753.600,324.58,3.40,52,112,565
04/05/2017 17:42:47,203,10.9,1756.290,324.63,3.40,53,112,565
04/05/2017 17:42:57,188,10.8,1758.890,324.44,3.40,53,113,565
04/05/2017 17:43:07,206,10.8,1761.290,324.99,3.40,54,111,565
04/05/2017 17:43:17,189,10.8,1763.890,324.60,3.39,54,113,565
04/05/2017 17:43:27,194,10.8,1766.360,324.17,3.39,52,113,565
04/05/2017 17:43:37,204,10.8,1768.840,324.07,3.39,54,113,565
04/05/2017 17:43:47,228,10.8,1771.260,324.39,3.38,52,112,565
04/05/2017 17:43:57,199,10.8,1773.760,323.91,3.38,53,113,565
04/05/2017 17:44:07,189,10.8,1776.220,324.57,3.38,53,111,565
04/05/2017 17:44:17,191,10.8,1778.710,324.05,3.38,54,112,564
04/05/2017 17:44:27,198,10.8,1781.140,324.08,3.38,53,114,565
04/05/2017 17:44:37,187,10.8,1783.740,324.29,3.38,54,115,565
04/05/2017 17:44:47,210,10.8,1786.200,324.77,3.38,53,111,565
04/05/2017 17:44:57,219,10.8,1788.840,324.78,3.37,53,114,565
04/05/2017 17:45:07,178,10.8,1791.240,325.07,3.37,52,112,565
04/05/2017 17:45:17,213,10.8,1793.730,324.10,3.37,52,114,565
04/05/2017 17:45:27,223,10.8,1796.360,324.66,3.37,52,112,565
04/05/2017 17:45:37,213,10.9,1798.780,323.41,3.37,53,111,565
04/05/2017 17:45:47,182,10.8,1801.310,324.23,3.37,53,113,565
04/05/2017 17:45:57,201,10.8,1803.720,324.26,3.37,53,113,565
04/05/2017 17:46:07,223,10.8,1806.330,324.50,3.37,53,111,565
04/05/2017 17:46:17,200,10.8,1808.700,324.34,3.37,54,113,565
04/05/2017 17:46:27,193,10.8,1811.200,323.97,3.37,55,113,565
04/05/2017 17:46:37,218,10.8,1813.580,324.68,3.36,53,112,565
04/05/2017 17:46:47,180,10.8,1816.100,324.22,3.36,54,113,565
04/05/2017 17:46:57,212,10.8,1818.630,324.86,3.36,54,113,565
04/05/2017 17:47:07,195,10.8,1820.920,324.76,3.36,53,112,565
04/05/2017 17:47:17,211,10.8,1823.540,324.46,3.36,54,115,565
04/05/2017 17:47:27,197,10.8,1826.040,324.81,3.36,54,113,565
04/05/2017 17:47:37,217,10.8,1828.360,324.70,3.35,52,114,565
04/05/2017 17:47:47,219,10.8,1830.710,324.33,3.35,55,113,565
04/05/2017 17:47:57,216,10.8,1833.270,324.76,3.35,52,113,565
04/05/2017 17:48:07,187,10.8,1835.680,324.18,3.34,51,121,565
04/05/2017 17:48:17,200,10.8,1838.210,324.63,3.34,54,113,565
04/05/2017 17:48:27,204,10.8,1840.730,325.06,3.33,53,113,565
04/05/2017 17:48:37,176,10.8,1843.190,325.59,3.33,51,113,565
04/05/2017 17:48:47,190,10.8,1845.650,325.70,3.33,53,112,565
04/05/2017 17:48:57,196,10.8,1848.160,325.87,3.33,52,120,565
04/05/2017 17:49:07,177,10.8,1850.680,324.59,3.32,53,112,565
04/05/2017 17:49:17,185,10.8,1853.100,324.92,3.32,53,114,565
04/05/2017 17:49:27,210,10.8,1855.660,324.88,3.32,54,114,565
04/05/2017 17:49:37,228,10.8,1858.150,325.12,3.32,53,114,565
04/05/2017 17:49:47,191,10.8,1860.750,325.19,3.31,54,113,565
04/05/2017 17:49:57,197,10.8,1863.160,325.44,3.31,52,116,565
04/05/2017 17:50:07,194,10.8,1865.630,325.12,3.30,53,112,565
04/05/2017 17:50:17,171,10.9,1867.910,325.52,3.30,52,114,565
04/05/2017 17:50:27,195,10.8,1870.460,325.15,3.30,53,115,565
04/05/2017 17:50:37,192,10.8,1872.950,325.15,3.30,53,112,565
04/05/2017 17:50:47,178,10.8,1875.410,325.97,3.30,52,112,565
04/05/2017 17:50:57,211,10.8,1877.850,325.28,3.30,52,113,565
04/05/2017 17:51:07,180,10.8,1880.360,324.55,3.29,53,112,565
04/05/2017 17:51:17,190,10.8,1882.800,324.90,3.29,52,116,565
04/05/2017 17:51:27,193,10.8,1885.330,324.71,3.29,53,113,565
04/05/2017 17:51:37,179,10.9,1887.740,324.95,3.29,53,113,565
04/05/2017 17:51:47,208,10.8,1890.400,325.67,3.29,52,111,565
04/05/2017 17:51:57,204,10.9,1892.750,325.24,3.28,51,114,565
04/05/2017 17:52:07,196,10.8,1895.300,325.07,3.28,53,118,565
04/05/2017 17:52:17,190,10.8,1897.910,324.36,3.28,52,115,565
04/05/2017 17:52:27,185,10.8,1900.200,325.73,3.27,52,114,565
04/05/2017 17:52:37,206,10.8,1902.650,325.26,3.27,54,112,565
04/05/2017 17:52:47,199,10.8,1905.240,325.31,3.27,53,113,565
04/05/2017 17:52:57,188,10.8,1907.730,325.05,3.27,54,111,565
04/05/2017 17:53:07,221,10.8,1910.250,325.12,3.27,54,113,565
04/05/2017 17:53:17,168,10.8,1912.590,324.07,3.26,53,115,565
04/05/2017 17:53:27,183,10.8,1915.070,324.75,3.26,53,112,565
04/05/2017 17:53:37,190,10.8,1917.660,324.66,3.26,53,112,565
04/05/2017 17:53:47,192,10.8,1920.150,324.39,3.26,52,112,565
04/05/2017 17:53:57,173,10.8,1922.550,324.05,3.25,52,112,565
04/05/2017 17:54:07,204,10.8,1925.120,324.62,3.25,53,112,565
04/05/2017 17:54:17,203,10.8,1927.530,324.11,3.25,57,198,565
04/05/2017 17:54:27,200,10.8,1929.950,325.64,3.24,54,112,565
04/05/2017 17:54:37,208,10.8,1932.440,325.06,3.23,52,111,565
04/05/2017 17:54:47,215,10.8,1934.930,324.13,3.23,55,112,565
04/05/2017 17:54:57,191,10.8,1937.380,324.58,3.23,52,112,565
04/05/2017 17:55:07,215,10.8,1939.760,324.20,3.23,54,113,565
04/05/2017 17:55:17,205,10.8,1942.420,324.01,3.22,52,132,565
04/05/2017 17:55:27,197,10.9,1944.780,324.46,3.22,54,113,565
04/05/2017 17:55:37,188,10.8,1947.330,324.05,3.22,53,111,565
04/05/2017 17:55:47,210,10.8,1949.780,325.16,3.22,54,113,565
04/05/2017 17:55:57,189,10.8,1952.310,324.60,3.22,53,112,565
04/05/2017 17:56:07,217,10.8,1954.820,324.35,3.22,53,113,565
04/05/2017 17:56:17,182,10.8,1957.210,324.08,3.22,52,112,565
04/05/2017 17:56:27,213,10.8,1959.690,324.99,3.22,53,114,565
04/05/2017 17:56:37,211,10.8,1962.260,323.98,3.21,53,113,565
04/05/2017 17:56:47,205,10.8,1964.740,325.07,3.21,51,112,565
04/05/2017 17:56:57,199,10.8,1967.250,323.98,3.21,53,113,565
04/05/2017 17:57:07,205,10.8,1969.580,324.64,3.21,53,111,565
04/05/2017 17:57:17,204,10.8,1972.180,325.05,3.20,53,111,565
04/05/2017 17:57:27,210,10.8,1974.460,324.26,3.20,53,113,565
04/05/2017 17:57:37,204,10.8,1977.040,324.50,3.20,54,115,565
04/05/2017 17:57:47,197,10.8,1979.530,324.84,3.19,54,112,565
04/05/2017 17:57:57,203,10.8,1981.920,325.22,3.19,54,112,565
04/05/2017 17:58:07,226,10.8,1984.480,325.10,3.19,52,112,565
04/05/2017 17:58:17,206,10.8,1986.970,324.39,3.19,53,114,565
04/05/2017 17:58:27,210,10.8,1989.350,324.66,3.18,53,113,565
04/05/2017 17:58:37,212,10.8,1991.920,324.22,3.18,54,111,565
04/05/2017 17:58:47,195,10.8,1994.360,324.55,3.18,53,111,565
04/05/2017 17:58:57,173,10.8,1996.840,324.72,3.18,54,110,565
04/05/2017 17:59:07,230,10.8,1999.440,324.26,3.18,54,108,565
04/05/2017 17:59:17,188,10.8,2001.800,324.49,3.18,53,111,565
04/05/2017 17:59:27,205,10.8,2004.200,323.50,3.17,54,111,565
04/05/2017 17:59:37,237,10.8,2006.730,323.68,3.17,54,112,565
04/05/2017 17:59:47,219,10.8,2009.190,323.23,3.17,53,111,565
04/05/2017 17:59:57,187,10.8,2011.790,323.24,3.17,53,111,565
04/05/2017 18:00:07,227,10.8,2014.330,323.99,3.16,52,111,565
04/05/2017 18:00:17,210,10.8,2016.800,323.24,3.16,52,111,565
04/05/2017 18:00:27,182,10.8,2019.280,323.55,3.16,53,111,565
04/05/2017 18:00:37,184,10.8,2021.710,323.58,3.16,53,111,565
04/05/2017 18:00:47,209,10.8,2024.090,324.36,3.16,51,111,565
04/05/2017 18:00:57,220,10.8,2026.610,323.81,3.16,51,112,565
04/05/2017 18:01:07,198,10.8,2029.090,323.75,3.15,53,112,565
04/05/2017 18:01:17,197,10.9,2031.660,323.72,3.15,54,110,565
04/05/2017 18:01:27,242,10.8,2034.170,323.42,3.14,54,110,565
04/05/2017 18:01:37,208,10.8,2036.570,323.65,3.13,53,111,565
04/05/2017 18:01:47,210,10.8,2039.090,324.18,3.13,53,112,565
04/05/2017 18:01:57,200,10.8,2041.680,323.81,3.13,53,111,565
04/05/2017 18:02:07,206,10.8,2044.020,324.45,3.13,52,110,565
04/05/2017 18:02:17,236,10.8,2046.610,323.23,3.13,53,111,565
04/05/2017 18:02:27,203,10.8,2049.030,324.06,3.13,53,111,565
04/05/2017 18:02:37,230,10.8,2051.520,324.66,3.13,52,112,565
04/05/2017 18:02:47,190,10.8,2053.860,323.53,3.13,52,113,565
04/05/2017 18:02:57,218,10.8,2056.410,323.59,3.12,53,110,565
04/05/2017 18:03:07,200,10.8,2058.820,323.78,3.12,52,113,565
04/05/2017 18:03:17,192,10.8,2061.310,323.92,3.12,54,111,565
04/05/2017 18:03:27,222,10.8,2063.710,324.03,3.12,53,112,565
04/05/2017 18:03:37,182,10.8,2066.130,322.90,3.12,53,115,565
04/05/2017 18:03:47,200,10.8,2068.700,323.78,3.12,52,113,565
04/05/2017 18:03:57,183,10.8,2071.030,324.02,3.12,54,111,565
04/05/2017 18:04:07,225,10.8,2073.420,324.01,3.11,53,114,565
04/05/2017 18:04:17,208,10.8,2075.950,323.61,3.11,54,115,565
04/05/2017 18:04:27,223,10.8,2078.380,324.57,3.11,53,112,565
04/05/2017 18:04:37,193,10.8,2080.840,323.78,3.11,52,112,565
04/05/2017 18:04:47,210,10.8,2083.250,323.94,3.11,53,114,565
04/05/2017 18:04:57,182,10.8,2085.650,324.11,3.10,54,113,565
04/05/2017 18:05:07,209,10.8,2088.080,324.00,3.10,54,114,565
04/05/2017 18:05:17,213,10.8,2090.670,323.87,3.10,53,115,565
04/05/2017 18:05:27,207,10.8,2093.050,324.04,3.10,53,113,565
04/05/2017 18:05:37,223,10.8,2095.430,323.78,3.10,52,112,565
04/05/2017 18:05:47,200,10.8,2097.950,323.15,3.10,54,110,565
04/05/2017 18:05:57,212,10.8,2100.490,323.67,3.10,53,111,565
04/05/2017 18:06:07,224,10.8,2102.960,323.05,3.09,53,111,565
04/05/2017 18:06:17,216,10.8,2105.390,323.08,3.09,52,112,565
04/05/2017 18:06:27,220,10.8,2107.840,322.76,3.09,53,110,565
04/05/2017 18:06:37,196,10.8,2110.200,323.09,3.09,52,110,565
04/05/2017 18:06:47,208,10.8,2112.670,322.70,3.08,53,110,565
04/05/2017 18:06:57,223,10.8,2115.130,322.34,3.08,53,111,565
04/05/2017 18:07:07,251,10.8,2117.600,322.52,3.08,52,110,565
04/05/2017 18:07:17,214,10.8,2120.000,323.49,3.08,53,111,565
04/05/2017 18:07:27,172,10.8,2122.300,322.65,3.07,52,110,565
04/05/2017 18:07:37,233,10.8,2124.910,322.74,3.07,53,110,565
04/05/2017 18:07:47,216,10.8,2127.340,322.47,3.07,52,110,565
04/05/2017 18:07:57,209,10.8,2129.840,322.79,3.07,53,112,565
04/05/2017 18:08:07,227,10.8,2132.130,323.28,3.06,54,110,565
04/05/2017 18:08:17,204,10.8,2134.610,323.21,3.06,53,111,565
04/05/2017 18:08:27,200,10.8,2137.060,323.23,3.06,54,111,565
04/05/2017 18:08:37,234,10.8,2139.560,323.57,3.05,54,113,565
04/05/2017 18:08:47,207,10.8,2141.970,323.46,3.05,52,112,565
04/05/2017 18:08:57,218,10.8,2144.420,323.64,3.05,53,112,565
04/05/2017 18:09:07,225,10.8,2146.720,323.19,3.05,53,110,565
04/05/2017 18:09:17,217,10.8,2149.180,322.91,3.05,52,112,565
04/05/2017 18:09:27,193,10.8,2151.620,323.35,3.05,53,111,565
04/05/2017 18:09:37,232,10.8,2154.120,322.83,3.05,53,118,565
04/05/2017 18:09:47,200,10.8,2156.560,322.23,3.04,53,111,565
04/05/2017 18:09:57,219,10.8,2158.950,321.98,3.04,54,111,565
04/05/2017 18:10:07,217,10.8,2161.530,322.81,3.04,53,113,565
04/05/2017 18:10:17,216,10.8,2163.930,323.03,3.03,53,113,565
04/05/2017 18:10:27,217,10.8,2166.220,323.68,3.03,52,113,565
04/05/2017 18:10:37,195,10.8,2168.830,323.14,3.03,52,112,565
04/05/2017 18:10:47,239,10.8,2171.290,323.32,3.03,54,113,565
04/05/2017 18:10:57,210,10.9,2173.660,323.80,3.02,53,112,565
04/05/2017 18:11:07,226,10.8,2176.090,323.07,3.02,52,112,565
04/05/2017 18:11:17,180,10.8,2178.280,323.20,3.02,53,112,565
04/05/2017 18:11:27,234,10.8,2180.670,324.65,3.01,53,112,565
04/05/2017 18:11:37,204,10.8,2182.910,324.06,3.01,53,113,565
04/05/2017 18:11:47,180,10.8,2185.300,324.06,3.01,54,116,565
04/05/2017 18:11:57,206,10.8,2187.810,324.87,3.00,54,112,565
04/05/2017 18:12:07,203,10.8,2190.020,323.92,3.00,54,112,565
04/05/2017 18:12:17,218,10.8,2192.550,324.13,3.00,53,113,565
04/05/2017 18:12:27,214,10.8,2194.910,324.67,2.99,52,113,565
04/05/2017 18:12:37,231,10.8,2197.330,324.21,2.99,53,114,565
04/05/2017 18:12:47,228,10.8,2199.710,325.08,2.99,53,115,565
04/05/2017 18:12:57,198,10.8,2202.140,324.33,2.98,52,113,565
04/05/2017 18:13:07,220,10.8,2204.620,324.45,2.98,54,115,565
04/05/2017 18:13:17,246,10.8,2207.090,324.79,2.98,54,113,565
04/05/2017 18:13:27,218,10.8,2209.510,324.74,2.98,54,111,565
04/05/2017 18:13:37,210,10.9,2211.840,324.15,2.97,54,116,565
04/05/2017 18:13:47,203,10.8,2214.310,325.02,2.96,53,115,565
04/05/2017 18:13:57,217,10.8,2216.730,325.27,2.96,53,114,565
04/05/2017 18:14:07,208,10.8,2219.070,325.88,2.96,53,115,565
04/05/2017 18:14:17,203,10.8,2221.420,325.33,2.95,53,115,565
04/05/2017 18:14:27,214,10.8,2223.960,326.21,2.95,53,115,565
04/05/2017 18:14:37,221,10.8,2226.370,325.19,2.95,55,116,565
04/05/2017 18:14:47,183,10.8,2228.660,325.39,2.94,54,117,565
04/05/2017 18:14:57,209,10.8,2231.020,325.70,2.94,53,117,565
04/05/2017 18:15:07,209,10.8,2233.560,325.54,2.93,52,117,565
04/05/2017 18:15:17,238,10.8,2235.990,325.85,2.93,55,114,565
04/05/2017 18:15:27,226,10.8,2238.330,325.99,2.92,54,118,565
04/05/2017 18:15:37,232,10.8,2240.680,325.99,2.91,54,115,565
04/05/2017 18:15:47,231,10.8,2243.180,326.19,2.91,51,129,565
04/05/2017 18:15:57,218,10.8,2245.560,327.05,2.90,53,118,565
04/05/2017 18:16:07,234,10.8,2247.830,326.85,2.90,54,119,565
04/05/2017 18:16:17,226,10.8,2250.280,326.08,2.90,53,115,565
04/05/2017 18:16:27,217,10.8,2252.680,326.64,2.90,54,121,565
04/05/2017 18:16:37,207,10.8,2255.070,326.77,2.89,53,116,565
04/05/2017 18:16:47,229,10.8,2257.440,327.22,2.89,54,116,565
04/05/2017 18:16:57,178,10.8,2259.840,327.09,2.88,52,119,565
04/05/2017 18:17:07,215,10.8,2262.240,326.55,2.88,52,121,565
04/05/2017 18:17:17,226,10.8,2264.470,327.01,2.87,53,118,565
04/05/2017 18:17:27,207,10.8,2266.960,327.02,2.87,54,117,565
04/05/2017 18:17:37,259,10.8,2269.280,327.05,2.87,52,117,565
04/05/2017 18:17:47,252,10.8,2271.580,326.11,2.87,53,121,565
04/05/2017 18:17:57,208,10.8,2274.010,326.58,2.87,55,119,565
04/05/2017 18:18:07,230,10.8,2276.360,326.39,2.87,53,116,566
04/05/2017 18:18:17,225,10.8,2278.780,326.62,2.87,53,116,565
04/05/2017 18:18:27,235,10.8,2281.000,325.73,2.87,54,115,565
04/05/2017 18:18:37,241,10.8,2283.580,325.11,2.86,52,111,566
04/05/2017 18:18:47,232,10.8,2285.820,324.99,2.86,53,115,566
04/05/2017 18:18:57,237,10.8,2288.190,325.50,2.86,52,118,565
04/05/2017 18:19:07,220,10.8,2290.680,325.63,2.85,53,115,566
04/05/2017 18:19:17,227,10.8,2292.800,325.08,2.85,54,115,565
04/05/2017 18:19:27,169,10.8,2294.950,325.49,2.85,53,118,565
04/05/2017 18:19:37,268,10.9,2297.260,325.80,2.85,52,116,565
04/05/2017 18:19:47,213,10.8,2299.620,325.85,2.85,53,118,565
04/05/2017 18:19:57,234,10.9,2301.810,326.03,2.84,53,114,565
04/05/2017 18:20:07,236,10.8,2304.260,325.62,2.83,53,121,565
04/05/2017 18:20:17,218,10.8,2306.680,326.19,2.83,51,114,566
04/05/2017 18:20:27,243,10.8,2308.980,326.03,2.83,52,117,566
04/05/2017 18:20:37,199,10.8,2311.240,325.74,2.82,53,119,565
04/05/2017 18:20:47,239,10.8,2313.390,325.45,2.82,53,114,565
04/05/2017 18:20:57,233,10.8,2315.570,325.17,2.82,53,122,566
04/05/2017 18:21:07,206,10.9,2317.910,325.22,2.82,53,114,565
04/05/2017 18:21:17,201,10.8,2320.140,324.91,2.82,54,116,565
04/05/2017 18:21:27,238,10.8,2322.340,324.03,2.82,53,113,565
04/05/2017 18:21:37,215,10.8,2324.770,324.83,2.81,53,111,565
04/05/2017 18:21:47,226,10.8,2327.120,324.18,2.81,53,114,566
04/05/2017 18:21:57,254,10.8,2329.450,324.11,2.81,54,116,566
04/05/2017 18:22:07,253,10.8,2331.600,323.83,2.81,53,112,566
04/05/2017 18:22:17,243,10.9,2334.080,324.18,2.80,54,116,565
04/05/2017 18:22:27,201,10.9,2336.290,325.14,2.79,55,115,565
04/05/2017 18:22:37,266,10.8,2338.770,324.17,2.78,54,114,566
04/05/2017 18:22:47,167,10.8,2340.920,324.83,2.78,53,115,566
04/05/2017 18:22:57,221,10.8,2343.300,325.47,2.78,53,114,566
04/05/2017 18:23:07,216,10.8,2345.730,325.10,2.77,53,116,566
04/05/2017 18:23:17,260,10.8,2348.120,324.85,2.76,53,115,566
04/05/2017 18:23:27,213,10.8,2350.480,326.64,2.74,53,120,566
04/05/2017 18:23:37,212,10.8,2352.770,327.46,2.73,53,120,566
04/05/2017 18:23:47,237,10.8,2355.220,327.13,2.73,53,123,566
04/05/2017 18:23:57,235,10.8,2357.540,327.80,2.72,53,122,566
04/05/2017 18:24:07,186,10.8,2359.800,329.50,2.70,52,125,566
04/05/2017 18:24:17,211,10.8,2362.050,329.90,2.70,54,122,566
04/05/2017 18:24:27,233,10.8,2364.430,330.66,2.69,52,125,566
04/05/2017 18:24:37,209,10.8,2366.820,330.70,2.68,54,123,566
04/05/2017 18:24:47,226,10.8,2369.110,331.48,2.68,55,126,566
04/05/2017 18:24:57,234,10.8,2371.510,331.24,2.67,53,125,566
04/05/2017 18:25:07,233,10.8,2373.690,331.72,2.67,53,126,566
04/05/2017 18:25:17,253,10.8,2376.040,332.43,2.66,52,126,566
04/05/2017 18:25:27,193,10.8,2378.550,332.02,2.66,53,125,566
04/05/2017 18:25:37,230,10.8,2380.900,332.05,2.66,53,127,566
04/05/2017 18:25:47,244,10.8,2383.150,331.52,2.66,54,124,566
04/05/2017 18:25:57,232,10.8,2385.460,331.45,2.65,53,124,566
04/05/2017 18:26:07,238,10.8,2387.820,331.82,2.65,54,124,566
04/05/2017 18:26:17,223,10.8,2390.150,331.27,2.65,53,125,566
04/05/2017 18:26:27,219,10.8,2392.500,330.53,2.65,53,121,566
04/05/2017 18:26:37,219,10.8,2394.840,330.83,2.64,53,125,566
04/05/2017 18:26:47,261,10.8,2397.020,330.45,2.64,53,123,566
04/05/2017 18:26:57,213,10.9,2399.190,330.94,2.62,53,135,566
04/05/2017 18:27:07,211,10.8,2401.340,332.14,2.61,55,125,566
04/05/2017 18:27:17,241,10.8,2403.670,331.46,2.61,54,123,566
04/05/2017 18:27:27,221,10.8,2405.940,331.01,2.61,52,121,566
04/05/2017 18:27:37,232,10.8,2408.160,330.95,2.61,55,122,566
04/05/2017 18:27:47,276,10.8,2410.530,330.61,2.60,52,121,566
04/05/2017 18:27:57,173,10.8,2412.490,331.33,2.60,53,121,566
04/05/2017 18:28:07,216,10.8,2414.690,331.51,2.59,52,122,566
04/05/2017 18:28:17,231,10.8,2416.880,331.45,2.59,54,121,566
04/05/2017 18:28:27,233,10.8,2419.070,331.55,2.58,53,122,566
04/05/2017 18:28:37,242,10.8,2421.340,332.16,2.56,53,125,566
04/05/2017 18:28:47,247,10.8,2423.770,332.61,2.55,54,124,566
04/05/2017 18:28:57,254,10.8,2426.150,333.16,2.54,54,123,566
04/05/2017 18:29:07,212,10.8,2428.330,333.40,2.53,52,127,566
04/05/2017 18:29:17,217,10.8,2430.560,332.87,2.52,54,123,566
04/05/2017 18:29:27,242,10.9,2432.920,332.61,2.52,51,121,566
04/05/2017 18:29:37,218,10.8,2435.060,332.61,2.51,53,122,566
04/05/2017 18:29:47,236,10.8,2437.310,333.37,2.51,52,121,566
04/05/2017 18:29:57,249,10.8,2439.590,332.95,2.50,53,122,566
04/05/2017 18:30:07,223,10.8,2441.960,333.36,2.50,52,127,566
04/05/2017 18:30:17,220,10.8,2444.270,333.61,2.50,52,124,566
04/05/2017 18:30:27,240,10.8,2446.400,333.53,2.50,53,123,566
04/05/2017 18:30:37,234,10.8,2448.700,333.81,2.49,53,125,566
04/05/2017 18:30:47,217,10.8,2451.010,333.26,2.48,53,127,566
04/05/2017 18:30:57,227,10.8,2453.230,334.21,2.47,54,129,566
04/05/2017 18:31:07,230,10.9,2455.570,333.93,2.46,53,123,566
04/05/2017 18:31:17,225,10.8,2457.640,333.36,2.46,54,126,566
04/05/2017 18:31:27,219,10.8,2459.950,333.68,2.46,54,124,566
04/05/2017 18:31:37,233,10.8,2462.280,333.59,2.45,54,122,566
04/05/2017 18:31:47,203,10.8,2464.420,333.47,2.44,53,122,566
04/05/2017 18:31:57,211,10.8,2466.420,333.86,2.43,53,123,566
04/05/2017 18:32:07,225,10.8,2468.560,334.92,2.41,53,125,566
04/05/2017 18:32:17,235,10.8,2470.610,335.01,2.41,54,124,566
04/05/2017 18:32:27,204,10.8,2472.770,334.97,2.40,53,125,566
04/05/2017 18:32:37,249,10.8,2474.970,335.22,2.40,53,126,566
04/05/2017 18:32:47,205,10.8,2477.160,334.64,2.39,53,127,566
04/05/2017 18:32:57,214,10.8,2479.200,335.36,2.38,53,125,566
04/05/2017 18:33:07,221,10.8,2481.390,335.73,2.37,53,130,566
04/05/2017 18:33:17,247,10.8,2483.510,335.56,2.37,53,126,566
04/05/2017 18:33:27,215,10.8,2485.710,335.16,2.36,54,124,566
04/05/2017 18:33:37,198,10.8,2487.860,335.64,2.35,53,125,566
04/05/2017 18:33:47,262,10.8,2489.970,335.96,2.33,53,130,566
04/05/2017 18:33:57,239,10.8,2492.130,336.35,2.32,52,126,566
04/05/2017 18:34:07,248,10.8,2494.270,336.07,2.31,52,125,566
04/05/2017 18:34:17,241,10.8,2496.400,337.63,2.30,54,128,566
04/05/2017 18:34:27,238,10.8,2498.410,337.14,2.29,53,134,566
04/05/2017 18:34:37,230,10.9,2500.200,338.32,2.27,53,128,566
04/05/2017 18:34:47,224,10.8,2502.090,337.17,2.27,52,126,566
04/05/2017 18:34:57,243,10.8,2504.260,337.23,2.26,53,129,566
04/05/2017 18:35:07,223,10.8,2506.390,337.67,2.25,52,127,566
04/05/2017 18:35:17,220,10.9,2508.450,338.30,2.24,54,129,566
04/05/2017 18:35:27,207,10.8,2510.390,338.92,2.23,54,128,566
04/05/2017 18:35:37,215,10.9,2512.280,338.42,2.23,52,127,566
04/05/2017 18:35:47,260,10.8,2514.280,338.22,2.23,53,133,566
04/05/2017 18:35:57,253,10.8,2516.300,338.63,2.22,54,131,566
04/05/2017 18:36:07,216,10.8,2518.300,338.78,2.20,54,138,566
04/05/2017 18:36:17,201,10.8,2520.030,339.81,2.19,52,132,566
04/05/2017 18:36:27,237,10.8,2522.200,339.56,2.18,54,137,566
04/05/2017 18:36:37,242,10.8,2523.930,339.99,2.17,53,130,566
04/05/2017 18:36:47,218,10.9,2525.780,339.94,2.17,53,132,566
04/05/2017 18:36:57,244,10.8,2527.880,340.00,2.16,53,130,566

 Ramp exit:    SMOOTH RUNNING
 Profile exit: BOTTOM PRESSURE

 Vehicle motion stopped at 04/05/2017 18:37:01
 Sensor logging stopped at 04/05/2017 18:39:10
