
 Profile 352

 Sensors were turned on at  04/30/2017 16:00:02
 Vehicle began profiling at 04/30/2017 16:02:04

Date,[mA],[V],[dbar],Oxygen[uM],Optode Temp[C],Chl,NTU,Therm
04/30/2017 16:02:04,0,11.1,0.000,0.00,0.00,83,146,567
04/30/2017 16:02:14,195,10.7,0.000,0.00,0.00,82,148,567
04/30/2017 16:02:24,175,10.8,0.000,0.00,0.00,80,148,567
04/30/2017 16:02:37,294,10.6,188.610,382.81,3.81,81,145,567
04/30/2017 16:02:48,147,10.8,191.410,382.73,3.81,78,144,567
04/30/2017 16:02:58,168,10.9,194.080,382.39,3.81,76,143,566
04/30/2017 16:03:08,162,10.8,196.750,381.72,3.81,77,141,566
04/30/2017 16:03:18,151,10.9,199.320,382.10,3.81,76,142,566
04/30/2017 16:03:28,154,10.9,201.960,381.06,3.81,73,141,566
04/30/2017 16:03:38,155,10.9,204.630,380.68,3.82,74,139,566
04/30/2017 16:03:48,171,10.8,207.190,380.13,3.82,72,137,566
04/30/2017 16:03:58,160,10.9,209.910,379.29,3.82,73,136,566
04/30/2017 16:04:08,156,10.9,212.590,379.72,3.82,72,133,566
04/30/2017 16:04:18,168,10.9,215.130,378.79,3.81,71,135,566
04/30/2017 16:04:28,154,10.8,217.840,379.03,3.81,72,135,566
04/30/2017 16:04:38,146,10.8,220.510,378.27,3.80,73,133,566
04/30/2017 16:04:48,148,10.8,223.120,379.64,3.79,74,135,566
04/30/2017 16:04:58,136,10.9,225.750,379.39,3.78,74,130,566
04/30/2017 16:05:08,157,10.8,228.400,380.05,3.78,75,132,566
04/30/2017 16:05:18,149,10.8,230.980,381.07,3.76,76,140,565
04/30/2017 16:05:28,157,10.9,233.610,380.99,3.75,76,136,566
04/30/2017 16:05:38,141,10.8,236.310,381.21,3.74,78,137,566
04/30/2017 16:05:48,159,10.8,239.050,382.14,3.70,80,137,565
04/30/2017 16:05:58,145,10.8,241.580,382.72,3.68,81,139,565
04/30/2017 16:06:08,161,10.8,244.170,383.12,3.65,81,139,566
04/30/2017 16:06:18,148,10.8,246.900,384.06,3.66,80,137,565
04/30/2017 16:06:28,143,10.8,249.380,383.23,3.66,77,137,566
04/30/2017 16:06:38,168,10.8,252.150,383.05,3.65,78,136,565
04/30/2017 16:06:48,146,10.8,254.790,382.62,3.65,76,135,565
04/30/2017 16:06:58,158,10.8,257.370,382.43,3.64,76,138,565
04/30/2017 16:07:08,140,10.8,259.940,383.21,3.64,77,136,565
04/30/2017 16:07:18,164,10.8,262.490,383.54,3.64,76,138,565
04/30/2017 16:07:28,154,10.8,265.130,383.26,3.63,77,135,565
04/30/2017 16:07:38,166,10.7,267.850,382.51,3.63,76,134,565
04/30/2017 16:07:48,168,10.7,270.460,383.14,3.63,76,139,565
04/30/2017 16:07:58,158,10.8,273.040,383.05,3.62,76,137,565
04/30/2017 16:08:08,167,10.7,275.550,384.11,3.62,76,149,565
04/30/2017 16:08:18,156,10.7,278.260,384.23,3.62,76,137,565
04/30/2017 16:08:28,147,10.7,280.790,384.78,3.61,77,137,565
04/30/2017 16:08:38,162,10.7,283.480,384.19,3.61,78,139,565
04/30/2017 16:08:48,150,10.7,285.950,383.85,3.61,77,137,565
04/30/2017 16:08:58,169,10.7,288.650,384.24,3.61,77,138,565
04/30/2017 16:09:08,154,10.7,291.230,384.18,3.61,78,137,565
04/30/2017 16:09:18,174,10.7,293.740,383.82,3.61,78,138,565
04/30/2017 16:09:28,171,10.7,296.270,384.36,3.61,79,139,565
04/30/2017 16:09:38,185,10.6,298.870,384.25,3.61,78,141,565
04/30/2017 16:09:48,160,10.7,301.540,384.53,3.61,81,138,565
04/30/2017 16:09:58,155,10.7,304.040,383.70,3.60,78,136,565
04/30/2017 16:10:08,155,10.7,306.600,383.43,3.60,81,143,565
04/30/2017 16:10:18,163,10.6,309.210,384.27,3.61,79,137,565
04/30/2017 16:10:28,164,10.6,311.850,383.74,3.61,74,135,565
04/30/2017 16:10:38,164,10.7,314.450,383.37,3.62,73,133,565
04/30/2017 16:10:48,159,10.6,316.900,382.21,3.65,68,130,565
04/30/2017 16:10:58,174,10.6,319.490,378.93,3.69,63,126,565
04/30/2017 16:11:08,159,10.6,322.110,377.35,3.69,63,126,565
04/30/2017 16:11:18,175,10.6,324.580,377.09,3.70,63,126,565
04/30/2017 16:11:28,178,10.6,327.200,377.39,3.69,63,127,565
04/30/2017 16:11:38,185,10.6,329.670,377.25,3.68,63,125,565
04/30/2017 16:11:48,171,10.6,332.320,377.65,3.63,68,128,565
04/30/2017 16:11:58,178,10.6,334.840,379.18,3.60,69,129,565
04/30/2017 16:12:08,163,10.6,337.310,380.05,3.59,69,131,565
04/30/2017 16:12:18,143,10.5,339.970,380.08,3.60,67,132,565
04/30/2017 16:12:28,158,10.5,342.430,379.62,3.60,68,129,565
04/30/2017 16:12:38,153,10.5,345.030,379.33,3.59,72,129,565
04/30/2017 16:12:48,158,10.5,347.570,380.76,3.59,70,131,565
04/30/2017 16:12:58,182,10.5,350.070,381.02,3.60,70,128,565
04/30/2017 16:13:08,162,10.5,352.660,380.66,3.59,71,132,565
04/30/2017 16:13:18,173,10.5,355.220,380.51,3.59,70,130,565
04/30/2017 16:13:28,171,10.5,357.640,380.12,3.59,70,134,565
04/30/2017 16:13:38,159,10.5,360.120,379.84,3.60,70,130,565
04/30/2017 16:13:48,164,10.5,362.740,379.23,3.59,70,130,565
04/30/2017 16:13:58,163,10.5,365.210,380.94,3.59,71,131,565
04/30/2017 16:14:08,163,10.5,367.770,379.10,3.59,70,131,565
04/30/2017 16:14:18,157,10.4,370.230,380.28,3.59,70,129,565
04/30/2017 16:14:28,157,10.4,372.850,379.62,3.59,71,130,565
04/30/2017 16:14:38,153,10.4,375.300,379.52,3.59,72,129,565
04/30/2017 16:14:48,166,10.4,377.820,380.76,3.59,69,131,565
04/30/2017 16:14:58,149,10.4,380.410,380.31,3.59,71,131,565
04/30/2017 16:15:08,163,10.4,382.890,379.92,3.59,66,127,565
04/30/2017 16:15:18,161,10.4,385.380,379.47,3.60,65,126,565
04/30/2017 16:15:28,156,10.4,387.960,379.41,3.59,67,128,565
04/30/2017 16:15:38,164,10.4,390.480,378.07,3.62,66,128,565
04/30/2017 16:15:48,145,10.4,392.870,377.55,3.60,65,124,565
04/30/2017 16:15:58,160,10.4,395.370,378.10,3.60,64,128,565
04/30/2017 16:16:08,156,10.4,397.930,377.87,3.61,60,125,565
04/30/2017 16:16:18,148,10.4,400.470,376.29,3.64,60,124,565
04/30/2017 16:16:28,154,10.4,402.930,375.31,3.65,60,126,565
04/30/2017 16:16:38,160,10.3,405.530,375.25,3.65,58,122,565
04/30/2017 16:16:48,166,10.3,407.970,374.61,3.65,59,122,565
04/30/2017 16:16:58,156,10.3,410.510,374.05,3.65,59,122,565
04/30/2017 16:17:08,149,10.3,412.990,374.25,3.66,58,119,565
04/30/2017 16:17:18,165,10.3,415.480,373.85,3.65,57,122,565
04/30/2017 16:17:28,145,10.3,417.830,373.83,3.65,57,122,565
04/30/2017 16:17:38,156,10.3,420.400,373.18,3.65,57,120,565
04/30/2017 16:17:48,157,10.3,422.760,373.37,3.65,57,123,565
04/30/2017 16:17:58,174,10.3,425.370,372.57,3.65,57,121,565
04/30/2017 16:18:08,153,10.3,427.790,372.89,3.65,58,119,565
04/30/2017 16:18:18,173,10.3,430.210,372.71,3.65,57,123,565
04/30/2017 16:18:28,165,10.3,432.720,373.13,3.65,56,121,565
04/30/2017 16:18:38,154,10.3,435.260,372.37,3.65,56,118,565
04/30/2017 16:18:48,168,10.3,437.640,371.38,3.64,55,121,565
04/30/2017 16:18:58,157,10.3,440.190,370.88,3.64,55,118,565
04/30/2017 16:19:08,153,10.3,442.700,371.08,3.64,55,121,565
04/30/2017 16:19:18,173,10.2,445.060,371.06,3.64,55,119,565
04/30/2017 16:19:28,160,10.2,447.430,371.40,3.64,57,120,565
04/30/2017 16:19:38,180,10.2,449.960,371.28,3.64,56,122,565
04/30/2017 16:19:48,180,10.2,452.420,369.98,3.64,55,118,565
04/30/2017 16:19:58,169,10.2,454.930,369.97,3.63,56,119,565
04/30/2017 16:20:08,169,10.3,457.320,370.68,3.63,56,122,565
04/30/2017 16:20:18,152,10.2,459.890,371.05,3.63,55,120,565
04/30/2017 16:20:28,183,10.2,462.260,370.37,3.63,57,122,565
04/30/2017 16:20:38,181,10.2,464.630,370.34,3.63,55,120,565
04/30/2017 16:20:48,152,10.2,467.040,371.05,3.62,56,120,565
04/30/2017 16:20:58,191,10.2,469.680,372.03,3.62,56,121,565
04/30/2017 16:21:08,173,10.2,472.150,372.09,3.62,56,123,565
04/30/2017 16:21:18,169,10.2,474.600,372.49,3.62,58,121,565
04/30/2017 16:21:28,148,10.2,477.000,373.07,3.61,57,121,565
04/30/2017 16:21:38,165,10.2,479.460,372.11,3.61,56,122,565
04/30/2017 16:21:48,179,10.2,481.950,373.02,3.61,56,121,565
04/30/2017 16:21:58,170,10.2,484.310,372.90,3.61,56,122,565
04/30/2017 16:22:08,146,10.2,486.710,371.52,3.61,57,121,565
04/30/2017 16:22:18,160,10.2,489.320,372.63,3.60,57,122,565
04/30/2017 16:22:28,199,10.2,491.640,373.76,3.60,57,119,565
04/30/2017 16:22:38,168,10.2,494.100,372.57,3.60,56,128,565
04/30/2017 16:22:48,169,10.2,496.600,373.34,3.60,55,117,565
04/30/2017 16:22:58,169,10.2,499.020,373.22,3.60,54,119,565
04/30/2017 16:23:08,195,10.2,501.480,372.27,3.60,57,122,565
04/30/2017 16:23:18,157,10.2,503.900,372.59,3.60,56,119,565
04/30/2017 16:23:28,146,10.2,506.280,372.73,3.60,57,121,565
04/30/2017 16:23:38,160,10.2,508.750,371.50,3.60,56,119,565
04/30/2017 16:23:48,166,10.2,511.290,371.65,3.60,54,119,565
04/30/2017 16:23:58,179,10.2,513.640,372.41,3.60,56,119,565
04/30/2017 16:24:08,193,10.1,516.140,372.02,3.60,56,124,565
04/30/2017 16:24:18,158,10.2,518.440,372.00,3.60,56,119,565
04/30/2017 16:24:28,147,10.2,521.020,372.16,3.59,56,123,565
04/30/2017 16:24:38,179,10.1,523.360,374.33,3.59,56,119,565
04/30/2017 16:24:48,137,10.1,525.760,372.71,3.59,56,121,565
04/30/2017 16:24:58,160,10.1,528.290,373.17,3.58,57,119,565
04/30/2017 16:25:08,181,10.1,530.720,374.29,3.58,56,120,565
04/30/2017 16:25:18,166,10.1,533.140,373.99,3.58,57,121,565
04/30/2017 16:25:28,147,10.2,535.640,375.27,3.58,58,125,565
04/30/2017 16:25:38,171,10.1,538.020,374.82,3.58,57,124,565
04/30/2017 16:25:48,162,10.1,540.490,374.72,3.58,57,121,565
04/30/2017 16:25:58,165,10.1,542.760,374.86,3.58,57,122,565
04/30/2017 16:26:08,170,10.1,545.340,375.57,3.58,57,123,565
04/30/2017 16:26:18,178,10.1,547.730,375.28,3.58,57,125,565
04/30/2017 16:26:28,186,10.1,550.190,375.53,3.58,57,121,565
04/30/2017 16:26:38,166,10.1,552.500,375.42,3.58,58,124,565
04/30/2017 16:26:48,158,10.1,555.060,375.79,3.58,58,134,565
04/30/2017 16:26:58,166,10.1,557.430,374.98,3.58,57,122,565
04/30/2017 16:27:08,168,10.1,559.880,375.57,3.58,58,122,565
04/30/2017 16:27:18,148,10.1,562.390,375.15,3.58,56,120,565
04/30/2017 16:27:28,154,10.1,564.690,375.28,3.58,56,124,565
04/30/2017 16:27:38,173,10.1,567.110,374.14,3.58,56,121,565
04/30/2017 16:27:48,152,10.1,569.570,375.35,3.58,56,122,565
04/30/2017 16:27:58,163,10.1,572.010,375.50,3.58,57,124,565
04/30/2017 16:28:08,149,10.1,574.530,375.15,3.58,57,122,565
04/30/2017 16:28:18,161,10.1,576.850,374.66,3.58,57,121,565
04/30/2017 16:28:28,161,10.1,579.290,374.04,3.58,56,121,565
04/30/2017 16:28:38,157,10.1,581.790,374.53,3.58,56,121,565
04/30/2017 16:28:48,169,10.1,584.210,373.98,3.58,58,122,565
04/30/2017 16:28:58,144,10.1,586.690,374.44,3.58,57,120,565
04/30/2017 16:29:08,160,10.1,589.090,374.63,3.58,57,121,565
04/30/2017 16:29:18,158,10.1,591.390,375.33,3.58,56,129,565
04/30/2017 16:29:28,170,10.1,593.860,373.87,3.58,57,122,565
04/30/2017 16:29:38,147,10.1,596.400,374.83,3.57,57,123,565
04/30/2017 16:29:48,169,10.1,598.750,374.63,3.57,57,124,565
04/30/2017 16:29:58,165,10.1,601.190,374.96,3.57,57,125,565
04/30/2017 16:30:08,153,10.1,603.530,374.63,3.57,58,121,565
04/30/2017 16:30:18,150,10.1,605.910,375.03,3.57,57,121,565
04/30/2017 16:30:28,168,10.0,608.430,374.86,3.57,59,122,565
04/30/2017 16:30:38,169,10.1,610.860,374.82,3.57,57,121,565
04/30/2017 16:30:48,154,10.1,613.300,374.85,3.57,57,121,565
04/30/2017 16:30:58,165,10.1,615.800,374.65,3.57,56,128,565
04/30/2017 16:31:08,166,10.1,618.060,375.00,3.57,56,121,565
04/30/2017 16:31:18,151,10.1,620.470,375.09,3.57,56,121,565
04/30/2017 16:31:28,187,10.1,622.950,374.55,3.57,56,121,565
04/30/2017 16:31:38,171,10.0,625.350,374.50,3.57,58,120,565
04/30/2017 16:31:48,159,10.1,627.800,373.46,3.57,56,132,565
04/30/2017 16:31:58,151,10.1,630.090,373.31,3.58,56,122,565
04/30/2017 16:32:08,164,10.0,632.470,374.27,3.57,56,121,565
04/30/2017 16:32:18,168,10.1,634.990,374.20,3.57,57,120,565
04/30/2017 16:32:28,179,10.1,637.390,374.02,3.57,56,120,565
04/30/2017 16:32:38,165,10.1,639.820,373.69,3.57,55,120,565
04/30/2017 16:32:48,137,10.1,642.280,374.02,3.57,56,121,565
04/30/2017 16:32:58,170,10.1,644.630,373.78,3.57,55,121,565
04/30/2017 16:33:08,159,10.1,646.940,373.90,3.57,58,120,565
04/30/2017 16:33:18,154,10.0,649.370,373.96,3.57,57,123,565
04/30/2017 16:33:28,157,10.0,651.730,374.48,3.57,56,122,565
04/30/2017 16:33:38,153,10.0,654.130,373.62,3.57,57,120,565
04/30/2017 16:33:48,170,10.0,656.630,373.78,3.57,58,122,565
04/30/2017 16:33:58,155,10.1,658.930,373.43,3.57,58,125,565
04/30/2017 16:34:08,140,10.1,661.430,373.98,3.57,56,121,565
04/30/2017 16:34:18,145,10.0,663.760,374.07,3.57,56,121,565
04/30/2017 16:34:28,172,10.0,666.090,372.93,3.57,58,121,565
04/30/2017 16:34:38,172,10.0,668.590,373.94,3.57,57,121,565
04/30/2017 16:34:48,148,10.0,670.900,374.17,3.57,58,123,565
04/30/2017 16:34:58,169,10.0,673.360,374.46,3.57,56,123,565
04/30/2017 16:35:08,162,10.1,675.780,374.47,3.57,56,130,565
04/30/2017 16:35:18,161,10.0,678.110,373.74,3.57,57,121,565
04/30/2017 16:35:28,165,10.0,680.620,374.33,3.57,56,121,565
04/30/2017 16:35:38,160,10.0,682.950,373.85,3.57,58,122,565
04/30/2017 16:35:48,141,10.0,685.350,373.76,3.57,57,121,565
04/30/2017 16:35:58,170,10.0,687.640,373.83,3.57,57,133,565
04/30/2017 16:36:08,165,10.0,690.030,373.40,3.57,58,120,565
04/30/2017 16:36:18,163,10.0,692.480,373.80,3.57,57,124,565
04/30/2017 16:36:28,162,10.0,694.870,374.05,3.57,58,122,565
04/30/2017 16:36:38,176,10.0,697.250,374.36,3.57,58,122,565
04/30/2017 16:36:48,171,10.0,699.730,373.33,3.58,56,122,565
04/30/2017 16:36:58,168,10.0,702.080,373.67,3.58,58,121,565
04/30/2017 16:37:08,171,10.0,704.400,374.24,3.58,56,121,565
04/30/2017 16:37:18,182,10.0,706.850,373.10,3.58,57,122,565
04/30/2017 16:37:28,176,10.0,709.120,373.69,3.58,58,121,565
04/30/2017 16:37:38,172,10.0,711.560,374.02,3.58,58,122,565
04/30/2017 16:37:48,170,10.0,714.040,373.97,3.58,58,122,565
04/30/2017 16:37:58,138,10.0,716.360,373.78,3.58,57,122,565
04/30/2017 16:38:08,171,10.0,718.740,372.87,3.58,58,121,565
04/30/2017 16:38:18,156,10.0,721.030,373.80,3.58,57,125,565
04/30/2017 16:38:28,176,10.0,723.560,373.66,3.58,58,121,565
04/30/2017 16:38:38,141,10.0,725.820,372.65,3.58,58,123,565
04/30/2017 16:38:48,178,10.0,728.170,372.91,3.58,57,122,565
04/30/2017 16:38:58,172,10.0,730.580,372.73,3.58,58,123,565
04/30/2017 16:39:08,176,10.0,732.920,372.73,3.58,58,122,565
04/30/2017 16:39:18,130,10.0,735.380,374.42,3.58,57,125,565
04/30/2017 16:39:28,171,10.0,737.790,373.97,3.58,57,122,565
04/30/2017 16:39:38,162,10.0,740.190,372.41,3.58,56,121,565
04/30/2017 16:39:48,178,10.0,742.550,372.82,3.58,56,121,565
04/30/2017 16:39:58,174,10.0,744.840,373.06,3.57,56,120,565
04/30/2017 16:40:08,169,10.0,747.260,372.54,3.57,56,120,565
04/30/2017 16:40:18,159,10.0,749.650,372.16,3.57,55,121,565
04/30/2017 16:40:28,173,10.0,752.130,372.00,3.57,55,121,565
04/30/2017 16:40:38,155,10.0,754.360,372.41,3.57,56,120,565
04/30/2017 16:40:48,146,10.0,756.710,372.36,3.56,56,121,565
04/30/2017 16:40:58,175,10.0,759.110,372.27,3.56,57,120,565
04/30/2017 16:41:08,202,10.0,761.510,372.02,3.56,56,121,565
04/30/2017 16:41:18,167,10.0,763.970,372.41,3.56,56,124,565
04/30/2017 16:41:28,153,10.0,766.330,371.66,3.56,56,120,565
04/30/2017 16:41:38,166,10.0,768.590,371.75,3.57,58,119,565
04/30/2017 16:41:48,173,10.0,770.990,371.97,3.57,57,120,565
04/30/2017 16:41:58,155,10.0,773.450,371.97,3.57,55,127,565
04/30/2017 16:42:08,165,10.0,775.810,372.40,3.57,56,122,565
04/30/2017 16:42:18,170,10.0,778.050,372.50,3.57,56,121,565
04/30/2017 16:42:28,174,10.0,780.590,372.42,3.57,56,123,565
04/30/2017 16:42:38,176,10.0,782.880,371.95,3.57,57,123,565
04/30/2017 16:42:48,194,10.0,785.220,371.30,3.57,56,121,565
04/30/2017 16:42:58,162,10.0,787.610,371.19,3.57,56,120,565
04/30/2017 16:43:08,188,10.0,789.980,372.03,3.57,57,121,565
04/30/2017 16:43:18,170,10.0,792.300,372.97,3.57,56,121,565
04/30/2017 16:43:28,160,10.0,794.750,371.37,3.57,60,151,565
04/30/2017 16:43:38,155,10.0,797.180,372.02,3.57,55,122,565
04/30/2017 16:43:48,161,10.0,799.350,371.57,3.57,56,122,565
04/30/2017 16:43:58,154,10.0,801.760,372.24,3.58,55,120,565
04/30/2017 16:44:08,174,10.0,804.140,371.82,3.58,56,120,565
04/30/2017 16:44:18,165,10.0,806.570,372.25,3.58,57,121,565
04/30/2017 16:44:28,165,10.0,809.010,372.35,3.58,55,121,565
04/30/2017 16:44:38,175,10.0,811.220,372.59,3.58,57,127,565
04/30/2017 16:44:48,163,10.0,813.700,371.35,3.58,56,121,565
04/30/2017 16:44:58,162,10.0,815.960,372.65,3.58,57,121,565
04/30/2017 16:45:08,174,9.9,818.410,372.51,3.57,57,122,565
04/30/2017 16:45:18,181,10.0,820.680,371.51,3.57,56,124,565
04/30/2017 16:45:28,177,9.9,823.100,371.47,3.57,56,119,565
04/30/2017 16:45:38,164,10.0,825.490,371.16,3.57,55,120,565
04/30/2017 16:45:48,170,10.0,827.830,370.95,3.57,55,120,565
04/30/2017 16:45:58,174,9.9,830.180,371.94,3.57,54,126,565
04/30/2017 16:46:08,170,10.0,832.570,370.80,3.57,56,119,565
04/30/2017 16:46:18,175,9.9,834.880,371.02,3.57,57,121,565
04/30/2017 16:46:28,148,10.0,837.210,371.45,3.57,56,121,565
04/30/2017 16:46:38,170,9.9,839.600,371.58,3.57,56,120,565
04/30/2017 16:46:48,175,9.9,842.000,371.12,3.57,57,120,565
04/30/2017 16:46:58,161,10.0,844.410,370.74,3.57,56,120,565
04/30/2017 16:47:08,155,9.9,846.710,371.58,3.57,56,120,565
04/30/2017 16:47:18,188,9.9,849.100,370.63,3.57,55,121,565
04/30/2017 16:47:28,181,9.9,851.420,370.60,3.57,55,120,565
04/30/2017 16:47:38,159,9.9,853.830,370.13,3.57,56,119,565
04/30/2017 16:47:48,177,9.9,856.090,370.36,3.57,55,120,565
04/30/2017 16:47:58,190,10.0,858.390,371.24,3.57,55,124,565
04/30/2017 16:48:08,178,9.9,860.670,370.81,3.56,57,120,565
04/30/2017 16:48:18,175,10.0,863.050,370.45,3.56,57,119,565
04/30/2017 16:48:28,183,9.9,865.420,370.16,3.56,56,120,565
04/30/2017 16:48:38,178,9.9,867.740,369.69,3.55,55,120,565
04/30/2017 16:48:48,160,9.9,870.170,369.22,3.55,56,120,565
04/30/2017 16:48:58,171,9.9,872.510,368.36,3.55,55,120,565
04/30/2017 16:49:08,178,9.9,874.800,368.58,3.55,56,118,565
04/30/2017 16:49:18,193,9.9,877.170,369.54,3.55,55,120,565
04/30/2017 16:49:28,172,9.9,879.590,368.79,3.55,56,119,565
04/30/2017 16:49:38,182,9.9,881.910,368.31,3.55,54,120,565
04/30/2017 16:49:48,175,9.9,884.270,368.50,3.55,56,122,565
04/30/2017 16:49:58,174,9.9,886.510,369.25,3.55,55,120,565
04/30/2017 16:50:08,180,9.9,888.860,368.08,3.55,55,120,565
04/30/2017 16:50:18,172,9.9,891.240,368.26,3.55,55,119,565
04/30/2017 16:50:28,192,9.9,893.630,367.02,3.55,55,119,565
04/30/2017 16:50:38,184,9.9,895.910,367.24,3.54,56,118,565
04/30/2017 16:50:48,170,9.9,898.280,366.89,3.54,55,117,565
04/30/2017 16:50:58,182,9.9,900.530,365.50,3.54,55,121,565
04/30/2017 16:51:08,191,9.9,902.800,363.89,3.54,53,115,565
04/30/2017 16:51:18,189,9.9,905.260,363.05,3.54,53,116,565
04/30/2017 16:51:28,173,9.9,907.520,362.93,3.54,52,116,565
04/30/2017 16:51:38,201,9.9,909.780,363.71,3.53,53,116,565
04/30/2017 16:51:48,166,9.9,912.250,363.09,3.52,53,115,565
04/30/2017 16:51:58,157,9.9,914.530,362.03,3.52,53,117,565
04/30/2017 16:52:08,169,9.9,916.790,362.37,3.51,53,115,565
04/30/2017 16:52:18,184,9.9,919.180,362.30,3.51,53,116,565
04/30/2017 16:52:28,184,9.9,921.600,361.67,3.51,53,115,565
04/30/2017 16:52:38,186,9.9,923.800,361.01,3.51,53,117,565
04/30/2017 16:52:48,142,9.9,926.160,361.78,3.50,53,116,565
04/30/2017 16:52:58,187,9.9,928.520,361.57,3.49,54,121,565
04/30/2017 16:53:08,188,9.9,930.770,360.61,3.49,52,115,565
04/30/2017 16:53:18,172,9.9,933.080,360.68,3.48,53,115,565
04/30/2017 16:53:28,167,9.9,935.370,360.55,3.48,53,116,565
04/30/2017 16:53:38,177,9.9,937.790,361.12,3.48,53,115,565
04/30/2017 16:53:48,175,9.9,940.170,360.19,3.47,53,116,565
04/30/2017 16:53:58,198,9.9,942.460,360.23,3.47,53,117,565
04/30/2017 16:54:08,187,9.9,944.710,360.91,3.47,53,115,565
04/30/2017 16:54:18,182,9.9,947.070,360.89,3.46,51,114,565
04/30/2017 16:54:28,188,9.9,949.470,360.03,3.45,52,119,565
04/30/2017 16:54:38,196,9.9,951.690,359.27,3.45,52,115,565
04/30/2017 16:54:48,182,9.9,954.110,359.98,3.45,51,116,565
04/30/2017 16:54:58,185,9.9,956.450,359.90,3.45,51,114,565
04/30/2017 16:55:08,194,9.9,958.790,360.09,3.44,54,113,565
04/30/2017 16:55:18,172,9.9,961.090,359.70,3.44,52,115,565
04/30/2017 16:55:28,182,9.9,963.420,359.58,3.44,52,116,565
04/30/2017 16:55:38,204,9.9,965.700,359.50,3.44,52,114,565
04/30/2017 16:55:48,197,9.9,967.960,360.39,3.44,52,116,565
04/30/2017 16:55:58,200,9.9,970.280,359.31,3.44,53,116,565
04/30/2017 16:56:08,213,9.8,972.640,360.46,3.44,54,117,565
04/30/2017 16:56:18,223,9.9,974.850,360.15,3.43,52,115,565
04/30/2017 16:56:28,195,9.9,977.080,359.64,3.43,52,115,565
04/30/2017 16:56:38,204,9.8,979.480,359.03,3.43,53,115,565
04/30/2017 16:56:48,217,9.8,981.690,359.55,3.43,52,115,565
04/30/2017 16:56:58,185,9.9,984.010,358.11,3.43,51,117,565
04/30/2017 16:57:08,210,9.8,986.250,359.32,3.43,53,116,565
04/30/2017 16:57:18,181,9.9,988.560,359.61,3.43,53,114,565
04/30/2017 16:57:28,202,9.9,990.850,359.56,3.43,54,115,565
04/30/2017 16:57:38,184,9.9,993.150,359.96,3.43,52,115,565
04/30/2017 16:57:48,183,9.8,995.600,359.46,3.43,52,115,565
04/30/2017 16:57:58,199,9.8,997.890,359.52,3.42,51,115,565
04/30/2017 16:58:08,206,9.8,1000.110,360.03,3.42,53,115,565
04/30/2017 16:58:18,195,9.8,1002.420,360.14,3.42,52,118,565
04/30/2017 16:58:28,194,9.8,1004.810,359.06,3.42,53,115,565
04/30/2017 16:58:38,208,9.8,1007.060,359.30,3.42,52,116,565
04/30/2017 16:58:48,193,9.8,1009.380,359.57,3.42,52,115,565
04/30/2017 16:58:58,193,9.8,1011.650,359.25,3.41,53,116,565
04/30/2017 16:59:08,195,9.8,1014.020,358.87,3.41,52,115,565
04/30/2017 16:59:18,193,9.8,1016.240,358.74,3.41,52,115,565
04/30/2017 16:59:28,208,9.8,1018.660,358.92,3.41,53,116,565
04/30/2017 16:59:38,232,9.8,1020.930,358.87,3.41,51,116,565
04/30/2017 16:59:48,186,9.8,1023.180,359.32,3.41,52,114,565
04/30/2017 16:59:58,202,9.8,1025.400,358.97,3.41,52,113,565
04/30/2017 17:00:08,187,9.8,1027.710,358.54,3.41,52,115,565
04/30/2017 17:00:18,209,9.8,1030.080,358.61,3.41,53,117,565
04/30/2017 17:00:28,214,9.8,1032.280,359.40,3.41,53,114,565
04/30/2017 17:00:38,175,9.9,1034.650,358.84,3.42,53,116,565
04/30/2017 17:00:48,191,9.8,1036.850,358.74,3.42,53,114,565
04/30/2017 17:00:58,190,9.8,1039.130,358.69,3.42,52,114,565
04/30/2017 17:01:08,205,9.8,1041.480,358.70,3.41,53,116,565
04/30/2017 17:01:18,191,9.8,1043.800,359.68,3.40,52,115,565
04/30/2017 17:01:28,222,9.8,1046.140,359.42,3.40,52,115,565
04/30/2017 17:01:38,203,9.8,1048.340,360.23,3.39,53,116,565
04/30/2017 17:01:48,175,9.8,1050.730,359.38,3.40,52,116,565
04/30/2017 17:01:58,195,9.8,1053.030,359.48,3.39,53,117,565
04/30/2017 17:02:08,187,9.8,1055.310,358.80,3.39,54,116,565
04/30/2017 17:02:18,203,9.8,1057.530,359.61,3.39,53,117,565
04/30/2017 17:02:28,196,9.8,1059.930,360.22,3.39,52,115,565
04/30/2017 17:02:38,198,9.8,1062.140,358.92,3.39,53,116,565
04/30/2017 17:02:48,200,9.8,1064.350,359.76,3.38,51,116,565
04/30/2017 17:02:58,199,9.8,1066.640,360.62,3.38,53,117,565
04/30/2017 17:03:08,190,9.8,1068.950,358.89,3.38,52,115,565
04/30/2017 17:03:18,218,9.8,1071.310,359.34,3.38,52,118,565
04/30/2017 17:03:28,211,9.8,1073.570,360.04,3.38,52,117,565
04/30/2017 17:03:38,220,9.8,1075.860,359.79,3.38,52,116,565
04/30/2017 17:03:48,225,9.8,1077.970,359.53,3.39,53,114,565
04/30/2017 17:03:58,238,9.8,1080.380,358.97,3.40,52,114,565
04/30/2017 17:04:08,217,9.8,1082.590,358.26,3.41,51,114,565
04/30/2017 17:04:18,189,9.8,1084.740,357.65,3.41,53,115,565
04/30/2017 17:04:28,176,9.8,1087.040,356.52,3.41,52,115,565
04/30/2017 17:04:38,191,9.8,1089.500,357.45,3.41,53,115,565
04/30/2017 17:04:48,191,9.8,1091.830,357.58,3.41,52,113,565
04/30/2017 17:04:58,181,9.8,1094.020,357.50,3.40,51,115,565
04/30/2017 17:05:08,172,9.8,1096.230,357.69,3.39,52,115,565
04/30/2017 17:05:18,186,9.8,1098.540,357.69,3.39,53,115,565
04/30/2017 17:05:28,194,9.8,1100.960,356.64,3.39,52,112,565
04/30/2017 17:05:38,191,9.8,1103.220,356.51,3.38,53,116,565
04/30/2017 17:05:48,190,9.8,1105.460,357.04,3.39,52,114,565
04/30/2017 17:05:58,201,9.8,1107.780,357.80,3.39,52,114,565
04/30/2017 17:06:08,175,9.8,1110.160,357.25,3.39,51,116,565
04/30/2017 17:06:18,201,9.8,1112.290,357.51,3.39,51,114,565
04/30/2017 17:06:28,174,9.8,1114.700,356.98,3.39,54,115,565
04/30/2017 17:06:38,189,9.8,1116.990,357.28,3.39,50,114,565
04/30/2017 17:06:48,178,9.8,1119.180,357.01,3.39,51,114,565
04/30/2017 17:06:58,192,9.8,1121.640,356.86,3.38,52,113,565
04/30/2017 17:07:08,172,9.8,1123.830,357.78,3.38,52,115,565
04/30/2017 17:07:18,198,9.8,1126.100,358.23,3.37,52,114,565
04/30/2017 17:07:28,181,9.8,1128.550,358.67,3.37,53,114,565
04/30/2017 17:07:38,182,9.8,1130.750,357.35,3.37,51,115,565
04/30/2017 17:07:48,198,9.8,1133.000,358.28,3.37,53,114,565
04/30/2017 17:07:58,197,9.8,1135.290,357.89,3.37,52,114,565
04/30/2017 17:08:08,177,9.8,1137.540,357.10,3.37,52,114,565
04/30/2017 17:08:18,181,9.8,1139.810,357.85,3.36,53,114,565
04/30/2017 17:08:28,223,9.8,1142.060,357.05,3.36,51,114,565
04/30/2017 17:08:38,171,9.8,1144.310,357.47,3.36,53,115,565
04/30/2017 17:08:48,187,9.8,1146.690,357.30,3.36,53,114,565
04/30/2017 17:08:58,200,9.8,1148.900,357.15,3.36,52,114,565
04/30/2017 17:09:08,180,9.8,1151.210,356.63,3.36,52,115,565
04/30/2017 17:09:18,205,9.7,1153.540,357.61,3.36,53,114,565
04/30/2017 17:09:28,186,9.8,1155.780,357.38,3.36,52,114,565
04/30/2017 17:09:38,205,9.7,1158.090,357.36,3.36,52,114,565
04/30/2017 17:09:48,189,9.8,1160.410,358.12,3.36,52,115,565
04/30/2017 17:09:58,185,9.7,1162.610,356.08,3.36,52,114,565
04/30/2017 17:10:08,173,9.8,1164.890,356.72,3.36,52,117,565
04/30/2017 17:10:18,187,9.8,1167.190,356.42,3.35,53,114,565
04/30/2017 17:10:28,201,9.7,1169.590,356.24,3.35,53,114,565
04/30/2017 17:10:38,170,9.8,1171.790,358.51,3.36,52,113,565
04/30/2017 17:10:48,190,9.7,1174.040,356.90,3.35,52,114,565
04/30/2017 17:10:58,202,9.8,1176.430,357.74,3.35,50,115,565
04/30/2017 17:11:08,176,9.8,1178.600,357.56,3.35,52,116,565
04/30/2017 17:11:18,183,9.7,1180.950,356.25,3.35,53,116,565
04/30/2017 17:11:28,187,9.8,1183.230,356.64,3.35,51,114,565
04/30/2017 17:11:38,183,9.7,1185.610,357.46,3.35,51,114,565
04/30/2017 17:11:48,179,9.7,1187.860,357.31,3.35,53,114,565
04/30/2017 17:11:58,201,9.7,1190.110,356.87,3.35,52,116,565
04/30/2017 17:12:08,185,9.7,1192.390,357.51,3.35,51,116,565
04/30/2017 17:12:18,191,9.7,1194.690,356.52,3.35,51,114,565
04/30/2017 17:12:28,184,9.7,1197.010,356.13,3.35,50,118,565
04/30/2017 17:12:38,192,9.7,1199.250,356.37,3.35,53,115,565
04/30/2017 17:12:48,192,9.7,1201.430,356.80,3.35,52,114,565
04/30/2017 17:12:58,178,9.7,1203.660,356.40,3.35,53,115,565
04/30/2017 17:13:08,193,9.7,1206.120,356.92,3.35,51,116,565
04/30/2017 17:13:18,202,9.7,1208.390,357.89,3.34,52,114,565
04/30/2017 17:13:28,187,9.7,1210.650,356.41,3.34,52,113,565
04/30/2017 17:13:38,218,9.7,1212.910,356.61,3.34,51,115,565
04/30/2017 17:13:48,191,9.7,1215.250,356.51,3.34,51,113,565
04/30/2017 17:13:58,205,9.7,1217.520,356.76,3.34,53,114,565
04/30/2017 17:14:08,197,9.7,1219.740,356.96,3.35,52,113,565
04/30/2017 17:14:18,174,9.7,1222.060,356.95,3.35,54,114,565
04/30/2017 17:14:28,193,9.7,1224.180,357.46,3.34,51,114,565
04/30/2017 17:14:38,188,9.7,1226.620,356.55,3.35,53,113,565
04/30/2017 17:14:48,184,9.7,1228.880,356.19,3.35,53,113,565
04/30/2017 17:14:58,168,9.7,1231.020,356.54,3.35,53,114,565
04/30/2017 17:15:08,203,9.7,1233.310,355.65,3.35,53,114,565
04/30/2017 17:15:18,202,9.7,1235.590,357.19,3.35,54,114,565
04/30/2017 17:15:28,194,9.7,1237.830,356.76,3.35,52,113,565
04/30/2017 17:15:38,200,9.8,1240.120,355.78,3.35,53,113,565
04/30/2017 17:15:48,195,9.7,1242.300,356.29,3.35,53,115,565
04/30/2017 17:15:58,179,9.7,1244.600,355.22,3.35,52,113,565
04/30/2017 17:16:08,184,9.7,1246.820,355.13,3.34,53,115,565
04/30/2017 17:16:18,183,9.7,1249.160,356.62,3.34,52,113,565
04/30/2017 17:16:28,193,9.7,1251.510,355.93,3.34,52,113,565
04/30/2017 17:16:38,194,9.7,1253.640,355.99,3.34,52,113,565
04/30/2017 17:16:48,179,9.7,1255.920,356.83,3.34,52,115,565
04/30/2017 17:16:58,213,9.7,1258.140,356.18,3.34,53,113,565
04/30/2017 17:17:08,208,9.7,1260.390,354.16,3.34,52,113,565
04/30/2017 17:17:18,181,9.7,1262.730,355.36,3.34,53,114,565
04/30/2017 17:17:28,169,9.7,1265.030,356.06,3.34,52,114,565
04/30/2017 17:17:38,197,9.7,1267.120,356.59,3.34,53,113,565
04/30/2017 17:17:48,214,9.7,1269.350,355.96,3.34,51,114,565
04/30/2017 17:17:58,181,9.7,1271.660,356.16,3.34,52,113,565
04/30/2017 17:18:08,185,9.7,1273.860,355.60,3.34,53,115,565
04/30/2017 17:18:18,182,9.7,1276.040,356.67,3.34,52,115,565
04/30/2017 17:18:28,181,9.7,1278.330,356.17,3.34,52,114,565
04/30/2017 17:18:38,150,9.7,1280.540,356.47,3.34,53,113,565
04/30/2017 17:18:48,206,9.7,1282.730,355.07,3.34,52,115,565
04/30/2017 17:18:58,206,9.7,1285.080,355.80,3.35,52,112,565
04/30/2017 17:19:08,192,9.7,1287.370,355.43,3.35,53,114,565
04/30/2017 17:19:18,192,9.7,1289.450,355.41,3.35,53,112,565
04/30/2017 17:19:28,175,9.7,1291.840,354.55,3.35,51,114,565
04/30/2017 17:19:38,174,9.7,1293.960,354.86,3.36,53,115,565
04/30/2017 17:19:48,198,9.7,1296.310,355.15,3.36,53,115,565
04/30/2017 17:19:58,180,9.7,1298.570,354.78,3.36,54,112,565
04/30/2017 17:20:08,189,9.7,1300.860,354.90,3.36,53,112,565
04/30/2017 17:20:18,197,9.7,1303.040,354.79,3.36,54,114,565
04/30/2017 17:20:28,184,9.7,1305.410,354.49,3.37,51,113,565
04/30/2017 17:20:38,203,9.7,1307.530,353.71,3.37,53,114,565
04/30/2017 17:20:48,194,9.7,1309.680,354.09,3.37,52,113,565
04/30/2017 17:20:58,200,9.7,1312.040,353.62,3.37,54,113,565
04/30/2017 17:21:08,194,9.7,1314.230,353.82,3.37,53,113,565
04/30/2017 17:21:18,193,9.7,1316.610,353.19,3.37,52,112,565
04/30/2017 17:21:28,189,9.7,1318.830,353.55,3.37,52,112,565
04/30/2017 17:21:38,189,9.7,1320.960,353.61,3.37,52,115,565
04/30/2017 17:21:48,181,9.6,1323.350,353.11,3.37,52,114,565
04/30/2017 17:21:58,183,9.7,1325.580,352.93,3.37,51,113,565
04/30/2017 17:22:08,206,9.7,1327.760,353.33,3.37,52,113,565
04/30/2017 17:22:18,207,9.7,1330.050,354.34,3.38,52,113,565
04/30/2017 17:22:28,173,9.7,1332.270,352.84,3.38,51,112,565
04/30/2017 17:22:38,204,9.7,1334.540,352.82,3.37,51,114,565
04/30/2017 17:22:48,186,9.7,1336.770,351.92,3.37,52,114,565
04/30/2017 17:22:58,203,9.6,1338.920,352.67,3.38,52,112,565
04/30/2017 17:23:08,202,9.6,1341.150,352.52,3.38,53,113,565
04/30/2017 17:23:18,174,9.7,1343.460,352.07,3.38,51,114,565
04/30/2017 17:23:28,188,9.6,1345.680,352.59,3.38,52,113,565
04/30/2017 17:23:38,196,9.6,1347.940,352.13,3.38,51,113,565
04/30/2017 17:23:48,204,9.6,1350.230,352.02,3.38,54,114,565
04/30/2017 17:23:58,183,9.6,1352.390,351.95,3.38,51,113,565
04/30/2017 17:24:08,190,9.6,1354.640,351.94,3.39,53,121,565
04/30/2017 17:24:18,208,9.6,1357.040,350.15,3.39,53,114,565
04/30/2017 17:24:28,192,9.6,1359.260,350.79,3.40,52,115,565
04/30/2017 17:24:38,197,9.6,1361.410,351.25,3.40,53,113,565
04/30/2017 17:24:48,236,9.6,1363.540,350.35,3.41,53,114,565
04/30/2017 17:24:58,201,9.6,1365.710,350.54,3.40,51,114,565
04/30/2017 17:25:08,185,9.6,1368.120,350.48,3.40,53,112,565
04/30/2017 17:25:18,158,9.6,1370.320,350.00,3.40,51,113,565
04/30/2017 17:25:28,187,9.6,1372.460,348.84,3.40,52,113,565
04/30/2017 17:25:38,207,9.6,1374.820,349.10,3.40,52,112,565
04/30/2017 17:25:48,189,9.6,1376.870,350.04,3.41,54,113,565
04/30/2017 17:25:58,196,9.7,1379.260,348.86,3.42,51,114,565
04/30/2017 17:26:08,191,9.6,1381.400,349.24,3.41,53,111,565
04/30/2017 17:26:18,196,9.6,1383.530,348.67,3.41,52,113,565
04/30/2017 17:26:28,193,9.6,1385.900,348.66,3.41,53,115,565
04/30/2017 17:26:38,193,9.6,1388.150,349.02,3.42,52,112,565
04/30/2017 17:26:48,214,9.6,1390.390,348.82,3.42,52,113,565
04/30/2017 17:26:58,188,9.6,1392.630,347.94,3.42,53,112,565
04/30/2017 17:27:08,190,9.6,1394.830,348.14,3.42,52,113,565
04/30/2017 17:27:18,181,9.6,1397.050,347.39,3.43,53,115,565
04/30/2017 17:27:28,204,9.6,1399.290,347.81,3.43,52,114,565
04/30/2017 17:27:38,211,9.6,1401.370,346.24,3.45,51,114,565
04/30/2017 17:27:48,172,9.6,1403.710,345.96,3.45,52,113,565
04/30/2017 17:27:58,178,9.6,1405.980,346.11,3.45,54,113,565
04/30/2017 17:28:08,206,9.6,1408.100,345.27,3.45,52,115,565
04/30/2017 17:28:18,180,9.6,1410.250,345.70,3.45,52,114,565
04/30/2017 17:28:28,201,9.6,1412.430,346.49,3.45,52,113,565
04/30/2017 17:28:38,214,9.6,1414.780,345.41,3.45,53,115,565
04/30/2017 17:28:48,204,9.6,1417.020,345.38,3.45,53,112,565
04/30/2017 17:28:58,200,9.6,1419.190,345.06,3.45,51,115,565
04/30/2017 17:29:08,194,9.6,1421.330,345.23,3.45,52,113,565
04/30/2017 17:29:18,203,9.6,1423.620,344.73,3.45,52,113,565
04/30/2017 17:29:28,187,9.6,1425.690,344.50,3.45,51,113,565
04/30/2017 17:29:38,207,9.6,1428.020,343.77,3.47,52,114,565
04/30/2017 17:29:48,193,9.6,1430.330,342.52,3.49,52,113,565
04/30/2017 17:29:58,176,9.6,1432.520,341.60,3.49,53,111,565
04/30/2017 17:30:08,186,9.6,1434.660,342.20,3.50,53,114,565
04/30/2017 17:30:18,193,9.6,1436.850,342.17,3.50,52,113,565
04/30/2017 17:30:28,187,9.6,1439.080,341.67,3.52,51,113,565
04/30/2017 17:30:38,192,9.6,1441.270,340.49,3.53,53,114,565
04/30/2017 17:30:48,215,9.6,1443.500,340.44,3.54,53,114,565
04/30/2017 17:30:58,191,9.6,1445.830,339.42,3.55,53,120,565
04/30/2017 17:31:08,189,9.6,1448.010,338.03,3.57,54,113,565
04/30/2017 17:31:18,217,9.6,1450.160,338.17,3.57,53,116,565
04/30/2017 17:31:28,174,9.6,1452.400,338.20,3.58,52,115,565
04/30/2017 17:31:38,201,9.6,1454.710,337.33,3.58,53,113,565
04/30/2017 17:31:48,208,9.6,1456.870,336.72,3.58,52,114,565
04/30/2017 17:31:58,179,9.6,1459.010,336.53,3.58,52,113,565
04/30/2017 17:32:08,209,9.6,1461.270,336.76,3.59,53,112,565
04/30/2017 17:32:18,212,9.6,1463.570,336.34,3.58,55,113,565
04/30/2017 17:32:28,200,9.6,1465.680,335.76,3.59,53,113,565
04/30/2017 17:32:38,197,9.6,1467.910,335.54,3.59,53,114,565
04/30/2017 17:32:48,175,9.6,1470.230,336.14,3.59,53,115,565
04/30/2017 17:32:58,188,9.6,1472.460,335.36,3.59,52,115,565
04/30/2017 17:33:08,196,9.6,1474.630,334.57,3.59,53,113,565
04/30/2017 17:33:18,201,9.6,1476.850,335.16,3.58,52,114,565
04/30/2017 17:33:28,199,9.6,1479.020,334.63,3.59,53,113,565
04/30/2017 17:33:38,179,9.6,1481.250,334.06,3.59,52,112,565
04/30/2017 17:33:48,149,9.6,1483.500,334.00,3.58,53,113,565
04/30/2017 17:33:58,201,9.6,1485.730,333.45,3.58,53,112,565
04/30/2017 17:34:08,190,9.6,1487.840,333.65,3.58,53,112,565
04/30/2017 17:34:18,203,9.6,1490.160,333.84,3.57,53,113,565
04/30/2017 17:34:28,191,9.6,1492.300,333.47,3.57,53,114,565
04/30/2017 17:34:38,207,9.6,1494.460,333.54,3.57,53,114,565
04/30/2017 17:34:48,171,9.6,1496.790,333.52,3.57,52,115,565
04/30/2017 17:34:58,202,9.6,1499.020,333.37,3.57,53,114,565
04/30/2017 17:35:08,207,9.6,1501.220,332.78,3.57,53,114,565
04/30/2017 17:35:18,195,9.6,1503.390,332.86,3.57,52,113,565
04/30/2017 17:35:28,207,9.5,1505.550,332.06,3.58,53,116,565
04/30/2017 17:35:38,173,9.6,1507.730,331.32,3.58,52,114,565
04/30/2017 17:35:48,191,9.6,1510.020,331.45,3.58,53,112,565
04/30/2017 17:35:58,194,9.6,1512.250,331.29,3.58,53,113,565
04/30/2017 17:36:08,197,9.5,1514.470,331.32,3.58,53,113,565
04/30/2017 17:36:18,180,9.6,1516.660,331.23,3.58,54,113,565
04/30/2017 17:36:28,195,9.6,1519.000,331.22,3.58,54,114,565
04/30/2017 17:36:38,185,9.6,1521.100,331.68,3.58,53,112,565
04/30/2017 17:36:48,179,9.6,1523.350,330.19,3.58,53,113,565
04/30/2017 17:36:58,207,9.6,1525.590,330.40,3.58,52,114,565
04/30/2017 17:37:08,197,9.6,1527.740,329.45,3.59,53,115,565
04/30/2017 17:37:18,202,9.6,1530.090,329.52,3.59,52,114,565
04/30/2017 17:37:28,192,9.5,1532.150,329.51,3.59,54,114,565
04/30/2017 17:37:38,189,9.6,1534.490,329.17,3.59,53,115,565
04/30/2017 17:37:48,204,9.5,1536.740,328.93,3.59,53,114,565
04/30/2017 17:37:58,179,9.6,1538.850,328.49,3.59,52,113,565
04/30/2017 17:38:08,197,9.6,1541.040,328.72,3.59,54,113,565
04/30/2017 17:38:18,191,9.5,1543.420,327.94,3.59,52,116,565
04/30/2017 17:38:28,198,9.5,1545.510,327.44,3.59,51,113,565
04/30/2017 17:38:38,198,9.5,1547.840,328.17,3.59,52,113,565
04/30/2017 17:38:48,188,9.6,1549.910,328.27,3.59,53,114,565
04/30/2017 17:38:58,197,9.6,1552.280,327.39,3.59,53,116,565
04/30/2017 17:39:08,187,9.6,1554.320,327.12,3.59,53,115,565
04/30/2017 17:39:18,190,9.6,1556.740,327.49,3.59,52,113,565
04/30/2017 17:39:28,196,9.5,1558.810,326.85,3.59,53,112,565
04/30/2017 17:39:38,177,9.6,1561.110,327.23,3.59,53,114,565
04/30/2017 17:39:48,201,9.6,1563.320,326.67,3.59,53,113,565
04/30/2017 17:39:58,171,9.5,1565.570,327.51,3.59,53,114,565
04/30/2017 17:40:08,184,9.6,1567.690,326.91,3.59,54,113,565
04/30/2017 17:40:18,198,9.5,1569.990,326.76,3.59,53,116,565
04/30/2017 17:40:28,191,9.5,1572.290,326.66,3.59,54,114,565
04/30/2017 17:40:38,183,9.6,1574.480,327.01,3.59,53,114,565
04/30/2017 17:40:48,155,9.5,1576.670,327.80,3.59,52,114,565
04/30/2017 17:40:58,181,9.5,1578.860,326.67,3.59,52,115,565
04/30/2017 17:41:08,197,9.6,1581.100,327.29,3.59,52,114,565
04/30/2017 17:41:18,176,9.5,1583.210,326.87,3.59,53,113,565
04/30/2017 17:41:28,195,9.5,1585.440,327.33,3.58,53,112,565
04/30/2017 17:41:38,192,9.5,1587.600,326.69,3.58,52,114,565
04/30/2017 17:41:48,184,9.5,1589.830,325.95,3.58,53,122,565
04/30/2017 17:41:58,196,9.5,1592.120,326.23,3.58,52,117,565
04/30/2017 17:42:08,180,9.5,1594.440,326.39,3.58,51,111,565
04/30/2017 17:42:18,193,9.5,1596.520,326.07,3.58,54,113,565
04/30/2017 17:42:28,197,9.5,1598.690,326.01,3.58,51,113,565
04/30/2017 17:42:38,182,9.5,1600.860,325.52,3.58,53,114,565
04/30/2017 17:42:48,179,9.5,1603.130,325.03,3.57,54,114,565
04/30/2017 17:42:58,196,9.5,1605.320,325.91,3.57,54,112,565
04/30/2017 17:43:08,191,9.5,1607.510,325.61,3.57,53,113,565
04/30/2017 17:43:18,215,9.5,1609.870,325.41,3.57,53,114,565
04/30/2017 17:43:28,182,9.6,1611.970,325.83,3.57,53,113,565
04/30/2017 17:43:38,191,9.5,1614.280,324.81,3.57,54,112,565
04/30/2017 17:43:48,179,9.5,1616.450,325.01,3.57,53,113,565
04/30/2017 17:43:58,192,9.5,1618.590,325.04,3.56,54,114,565
04/30/2017 17:44:08,175,9.6,1620.810,324.57,3.56,52,114,565
04/30/2017 17:44:18,184,9.5,1623.010,325.08,3.56,53,116,565
04/30/2017 17:44:28,187,9.5,1625.220,325.61,3.56,54,114,565
04/30/2017 17:44:38,183,9.5,1627.410,324.99,3.56,53,119,565
04/30/2017 17:44:48,191,9.5,1629.690,325.57,3.56,53,114,565
04/30/2017 17:44:58,203,9.5,1631.900,325.95,3.56,53,114,565
04/30/2017 17:45:08,192,9.5,1634.050,324.78,3.56,52,114,565
04/30/2017 17:45:18,167,9.5,1636.220,324.78,3.56,54,112,565
04/30/2017 17:45:28,189,9.5,1638.410,325.06,3.55,53,113,565
04/30/2017 17:45:38,188,9.5,1640.660,324.54,3.55,53,113,565
04/30/2017 17:45:48,181,9.5,1642.740,324.19,3.55,52,113,565
04/30/2017 17:45:58,189,9.5,1644.940,324.77,3.55,52,114,565
04/30/2017 17:46:08,179,9.5,1647.160,324.91,3.54,51,115,565
04/30/2017 17:46:18,171,9.5,1649.350,325.83,3.54,53,114,565
04/30/2017 17:46:28,203,9.5,1651.430,325.68,3.54,53,114,565
04/30/2017 17:46:38,163,9.5,1653.610,325.40,3.54,53,114,565
04/30/2017 17:46:48,217,9.5,1655.710,325.69,3.54,52,113,565
04/30/2017 17:46:58,189,9.5,1657.880,325.92,3.53,53,113,565
04/30/2017 17:47:08,172,9.5,1660.040,324.48,3.53,53,120,565
04/30/2017 17:47:18,216,9.5,1662.160,325.04,3.53,53,113,565
04/30/2017 17:47:28,153,9.5,1664.440,324.49,3.53,53,113,565
04/30/2017 17:47:38,208,9.5,1666.410,324.91,3.53,54,113,565
04/30/2017 17:47:48,172,9.5,1668.500,324.00,3.53,53,113,565
04/30/2017 17:47:58,197,9.5,1670.790,324.41,3.53,53,113,565
04/30/2017 17:48:08,189,9.5,1672.900,323.69,3.52,52,113,565
04/30/2017 17:48:18,125,9.5,1674.980,324.42,3.52,53,116,565
04/30/2017 17:48:28,216,9.5,1677.070,323.86,3.51,53,113,565
04/30/2017 17:48:38,175,9.5,1679.290,324.08,3.51,51,114,565
04/30/2017 17:48:48,206,9.5,1681.390,324.27,3.51,54,113,565
04/30/2017 17:48:58,162,9.5,1683.590,324.58,3.50,53,112,565
04/30/2017 17:49:08,205,9.5,1685.710,324.77,3.49,53,114,565
04/30/2017 17:49:18,215,9.5,1687.820,324.65,3.49,51,112,565
04/30/2017 17:49:28,210,9.5,1689.930,323.84,3.49,53,113,565
04/30/2017 17:49:38,214,9.5,1692.030,323.66,3.49,53,113,565
04/30/2017 17:49:48,210,9.5,1694.290,324.04,3.49,54,114,565
04/30/2017 17:49:58,157,9.5,1696.300,324.57,3.49,51,112,565
04/30/2017 17:50:08,196,9.5,1698.580,325.07,3.49,51,113,565
04/30/2017 17:50:18,196,9.5,1700.670,324.89,3.48,53,113,565
04/30/2017 17:50:28,180,9.5,1702.950,323.20,3.48,52,115,565
04/30/2017 17:50:38,200,9.5,1705.110,325.41,3.48,52,113,565
04/30/2017 17:50:48,128,9.6,1706.970,324.50,3.48,53,114,565
04/30/2017 17:50:58,183,9.5,1708.910,324.40,3.48,51,114,565
04/30/2017 17:51:08,195,9.5,1710.790,323.75,3.48,53,114,565
04/30/2017 17:51:18,192,9.5,1712.750,324.74,3.48,53,113,565
04/30/2017 17:51:28,225,9.5,1714.780,323.75,3.48,53,113,565
04/30/2017 17:51:38,213,9.5,1716.630,324.14,3.48,54,114,565
04/30/2017 17:51:48,169,9.5,1718.500,324.30,3.48,53,115,565
04/30/2017 17:51:58,178,9.5,1720.460,324.05,3.48,53,113,565
04/30/2017 17:52:08,194,9.5,1722.590,324.16,3.47,51,113,565
04/30/2017 17:52:18,198,9.5,1724.530,324.26,3.47,52,114,565
04/30/2017 17:52:28,181,9.5,1726.700,324.52,3.47,53,114,565
04/30/2017 17:52:38,187,9.5,1728.790,324.90,3.46,52,114,565
04/30/2017 17:52:48,236,9.5,1730.910,325.05,3.46,52,117,565
04/30/2017 17:52:58,192,9.5,1732.940,324.98,3.46,52,115,565
04/30/2017 17:53:08,180,9.5,1735.250,325.58,3.46,53,117,565
04/30/2017 17:53:18,229,9.5,1737.300,325.99,3.45,53,115,565
04/30/2017 17:53:28,186,9.5,1739.550,325.61,3.45,53,114,565
04/30/2017 17:53:38,203,9.5,1741.580,325.71,3.45,54,115,565
04/30/2017 17:53:48,225,9.5,1743.750,324.86,3.45,53,114,565
04/30/2017 17:53:58,211,9.5,1745.870,325.11,3.45,52,113,565
04/30/2017 17:54:08,159,9.6,1747.880,324.81,3.44,53,116,565
04/30/2017 17:54:18,211,9.5,1749.930,325.10,3.44,52,113,565
04/30/2017 17:54:28,208,9.5,1751.820,326.15,3.44,52,118,565
04/30/2017 17:54:38,202,9.5,1753.930,325.20,3.43,52,116,565
04/30/2017 17:54:48,203,9.5,1755.960,325.95,3.43,54,121,565
04/30/2017 17:54:58,166,9.5,1757.930,325.97,3.43,55,116,565
04/30/2017 17:55:08,201,9.5,1759.980,325.86,3.43,53,115,565
04/30/2017 17:55:18,170,9.5,1761.970,326.42,3.43,52,116,565
04/30/2017 17:55:28,218,9.5,1764.090,325.00,3.42,52,115,565
04/30/2017 17:55:38,169,9.5,1766.180,325.70,3.42,53,116,565
04/30/2017 17:55:48,234,9.5,1768.240,326.68,3.42,53,115,565
04/30/2017 17:55:58,218,9.5,1770.150,325.66,3.42,53,116,565
04/30/2017 17:56:08,169,9.5,1771.970,326.26,3.42,54,117,565
04/30/2017 17:56:18,155,9.5,1773.840,326.73,3.42,53,116,565
04/30/2017 17:56:28,213,9.5,1775.930,325.82,3.42,53,115,565
04/30/2017 17:56:38,177,9.5,1778.040,326.54,3.42,52,115,565
04/30/2017 17:56:48,212,9.5,1780.070,326.04,3.41,53,116,565
04/30/2017 17:56:58,168,9.5,1782.050,325.84,3.41,53,116,565
04/30/2017 17:57:08,221,9.5,1784.030,325.36,3.41,53,115,565
04/30/2017 17:57:18,177,9.5,1786.030,325.80,3.40,51,116,565
04/30/2017 17:57:28,200,9.5,1788.030,326.30,3.40,53,120,565
04/30/2017 17:57:38,147,9.5,1790.120,326.48,3.40,54,116,565
04/30/2017 17:57:48,200,9.5,1792.390,325.72,3.40,53,118,565
04/30/2017 17:57:58,195,9.5,1794.470,325.04,3.40,53,116,565
04/30/2017 17:58:08,198,9.5,1796.510,325.19,3.40,52,114,565
04/30/2017 17:58:18,215,9.5,1798.650,324.24,3.40,52,114,565
04/30/2017 17:58:28,231,9.5,1800.750,324.00,3.40,52,114,565
04/30/2017 17:58:38,203,9.5,1802.800,323.39,3.40,53,114,565
04/30/2017 17:58:48,190,9.5,1805.010,324.35,3.40,52,113,565
04/30/2017 17:58:58,219,9.5,1806.980,323.69,3.40,54,111,565
04/30/2017 17:59:08,178,9.5,1809.050,323.21,3.40,54,112,565
04/30/2017 17:59:18,230,9.5,1811.000,323.63,3.39,51,114,565
04/30/2017 17:59:28,159,9.5,1813.250,324.27,3.39,52,114,565
04/30/2017 17:59:38,213,9.5,1814.940,324.81,3.39,53,113,565
04/30/2017 17:59:48,195,9.5,1816.950,323.71,3.39,52,112,565
04/30/2017 17:59:58,236,9.5,1819.060,323.24,3.39,53,113,565
04/30/2017 18:00:08,231,9.5,1821.110,323.84,3.39,52,111,565
04/30/2017 18:00:18,228,9.5,1823.140,324.36,3.39,54,113,565
04/30/2017 18:00:28,207,9.5,1825.160,323.84,3.39,52,113,565
04/30/2017 18:00:38,199,9.5,1827.310,323.51,3.38,53,113,565
04/30/2017 18:00:48,212,9.5,1829.400,324.12,3.38,52,113,565
04/30/2017 18:00:58,198,9.5,1831.460,324.25,3.38,54,116,565
04/30/2017 18:01:08,203,9.5,1833.660,325.13,3.37,51,117,565
04/30/2017 18:01:18,207,9.5,1835.800,325.41,3.37,53,115,565
04/30/2017 18:01:28,198,9.5,1837.870,324.85,3.36,52,113,565
04/30/2017 18:01:38,185,9.5,1839.890,324.84,3.36,53,114,565
04/30/2017 18:01:48,233,9.5,1841.910,324.88,3.36,50,112,565
04/30/2017 18:01:58,199,9.5,1844.100,324.43,3.36,54,113,565
04/30/2017 18:02:08,210,9.5,1846.130,323.98,3.36,53,114,565
04/30/2017 18:02:18,220,9.5,1847.880,323.51,3.36,53,112,565
04/30/2017 18:02:28,139,9.5,1849.910,323.83,3.36,52,112,565
04/30/2017 18:02:38,204,9.5,1852.020,323.25,3.35,53,112,565
04/30/2017 18:02:48,183,9.5,1853.890,323.84,3.35,52,113,565
04/30/2017 18:02:58,246,9.5,1855.910,323.39,3.35,53,110,565
04/30/2017 18:03:08,221,9.5,1858.080,324.14,3.34,53,114,565
04/30/2017 18:03:18,212,9.5,1860.210,323.25,3.34,54,112,565
04/30/2017 18:03:28,203,9.5,1862.310,323.69,3.34,53,115,565
04/30/2017 18:03:38,179,9.5,1864.290,323.89,3.34,53,113,565
04/30/2017 18:03:48,160,9.5,1866.260,323.58,3.33,53,111,565
04/30/2017 18:03:58,185,9.5,1868.190,324.25,3.33,54,113,565
04/30/2017 18:04:08,220,9.5,1870.200,323.69,3.32,54,114,565
04/30/2017 18:04:18,223,9.5,1872.390,323.05,3.32,54,111,565
04/30/2017 18:04:28,198,9.5,1874.560,323.87,3.31,52,113,565
04/30/2017 18:04:38,207,9.5,1876.420,323.68,3.32,53,113,565
04/30/2017 18:04:48,206,9.5,1878.500,323.61,3.31,52,112,565
04/30/2017 18:04:58,227,9.4,1880.610,323.49,3.31,53,111,565
04/30/2017 18:05:08,214,9.5,1882.680,323.82,3.31,53,111,565
04/30/2017 18:05:18,243,9.5,1884.870,323.35,3.31,52,112,565
04/30/2017 18:05:28,239,9.5,1887.000,323.62,3.31,53,113,565
04/30/2017 18:05:38,205,9.5,1889.040,323.90,3.31,52,115,565
04/30/2017 18:05:48,209,9.5,1891.130,323.27,3.31,53,112,565
04/30/2017 18:05:58,223,9.5,1893.260,323.10,3.31,53,112,565
04/30/2017 18:06:08,211,9.5,1895.450,322.60,3.30,52,113,565
04/30/2017 18:06:18,230,9.5,1897.590,323.17,3.30,52,114,565
04/30/2017 18:06:28,209,9.5,1899.560,323.50,3.30,54,111,565
04/30/2017 18:06:38,195,9.5,1901.560,323.26,3.30,52,122,565
04/30/2017 18:06:48,213,9.5,1903.630,323.33,3.29,53,116,565
04/30/2017 18:06:58,174,9.5,1905.830,323.57,3.29,54,111,565
04/30/2017 18:07:08,199,9.5,1907.790,324.01,3.29,53,112,565
04/30/2017 18:07:18,212,9.5,1910.050,323.54,3.29,53,112,565
04/30/2017 18:07:28,229,9.5,1912.050,324.05,3.29,55,111,565
04/30/2017 18:07:38,204,9.5,1914.140,323.91,3.28,52,112,565
04/30/2017 18:07:48,215,9.5,1916.190,324.04,3.28,52,112,565
04/30/2017 18:07:58,231,9.5,1918.260,324.49,3.27,52,115,565
04/30/2017 18:08:08,204,9.5,1920.400,324.82,3.27,52,116,565
04/30/2017 18:08:18,213,9.5,1922.490,325.32,3.26,52,118,565
04/30/2017 18:08:28,221,9.5,1924.480,325.26,3.26,52,115,565
04/30/2017 18:08:38,201,9.5,1926.660,325.04,3.26,53,114,565
04/30/2017 18:08:48,209,9.5,1928.780,325.58,3.25,52,116,565
04/30/2017 18:08:58,225,9.5,1930.850,325.59,3.25,53,115,565
04/30/2017 18:09:08,201,9.5,1932.930,326.08,3.25,53,118,565
04/30/2017 18:09:18,217,9.5,1935.000,326.27,3.24,52,116,565
04/30/2017 18:09:28,238,9.5,1937.160,326.40,3.24,53,116,565
04/30/2017 18:09:38,222,9.5,1939.250,326.21,3.24,53,116,565
04/30/2017 18:09:48,220,9.5,1941.320,326.21,3.24,53,116,565
04/30/2017 18:09:58,226,9.5,1943.480,326.12,3.23,52,118,565
04/30/2017 18:10:08,244,9.4,1945.460,325.74,3.23,52,114,565
04/30/2017 18:10:18,216,9.4,1947.640,326.25,3.22,52,118,565
04/30/2017 18:10:28,214,9.4,1949.730,326.29,3.22,54,115,565
04/30/2017 18:10:38,230,9.5,1951.730,326.83,3.22,53,118,565
04/30/2017 18:10:48,209,9.4,1953.940,326.11,3.21,53,116,565
04/30/2017 18:10:58,208,9.5,1956.090,325.77,3.21,53,114,565
04/30/2017 18:11:08,241,9.5,1958.120,325.93,3.21,53,118,565
04/30/2017 18:11:18,220,9.5,1960.230,326.98,3.21,54,115,566
04/30/2017 18:11:28,206,9.4,1962.420,326.00,3.21,52,113,565
04/30/2017 18:11:38,212,9.4,1964.420,324.84,3.20,54,114,565
04/30/2017 18:11:48,223,9.5,1966.630,325.26,3.20,53,116,565
04/30/2017 18:11:58,216,9.4,1968.610,324.47,3.20,55,114,565
04/30/2017 18:12:08,202,9.4,1970.880,325.11,3.20,53,116,565
04/30/2017 18:12:18,206,9.4,1972.800,325.36,3.19,53,114,565
04/30/2017 18:12:28,215,9.4,1975.070,326.15,3.19,52,115,565
04/30/2017 18:12:38,219,9.4,1976.990,325.55,3.19,53,115,565
04/30/2017 18:12:48,233,9.5,1979.130,326.00,3.19,52,115,565
04/30/2017 18:12:58,236,9.4,1981.260,325.29,3.19,53,117,565
04/30/2017 18:13:08,221,9.4,1983.270,324.72,3.18,52,115,565
04/30/2017 18:13:18,234,9.4,1985.430,325.08,3.18,52,116,565
04/30/2017 18:13:28,230,9.4,1987.530,324.71,3.18,53,115,565
04/30/2017 18:13:38,212,9.4,1989.570,324.97,3.18,54,115,565
04/30/2017 18:13:48,203,9.4,1991.800,324.70,3.17,53,117,565
04/30/2017 18:13:58,242,9.4,1993.830,325.15,3.17,53,113,565
04/30/2017 18:14:08,204,9.5,1995.940,324.85,3.17,54,112,565
04/30/2017 18:14:18,215,9.4,1997.870,324.24,3.17,53,113,565
04/30/2017 18:14:28,219,9.4,1999.990,324.61,3.17,53,112,565
04/30/2017 18:14:38,191,9.4,2002.180,324.52,3.16,52,111,565
04/30/2017 18:14:48,206,9.4,2004.250,323.60,3.16,53,112,565
04/30/2017 18:14:58,252,9.4,2006.300,324.02,3.15,52,111,565
04/30/2017 18:15:08,226,9.5,2008.420,324.28,3.15,52,112,565
04/30/2017 18:15:18,222,9.4,2010.510,323.66,3.15,53,111,565
04/30/2017 18:15:28,220,9.4,2012.620,323.83,3.15,53,111,565
04/30/2017 18:15:38,263,9.4,2014.760,323.74,3.14,54,112,565
04/30/2017 18:15:48,219,9.4,2017.020,323.59,3.14,52,111,565
04/30/2017 18:15:58,216,9.4,2018.950,323.36,3.14,52,111,565
04/30/2017 18:16:08,221,9.4,2021.030,323.78,3.14,53,111,565
04/30/2017 18:16:18,208,9.4,2023.240,323.63,3.14,52,112,566
04/30/2017 18:16:28,209,9.4,2025.390,323.06,3.14,53,112,565
04/30/2017 18:16:38,238,9.4,2027.420,323.22,3.14,54,110,565
04/30/2017 18:16:48,217,9.4,2029.470,322.63,3.14,54,112,565
04/30/2017 18:16:58,198,9.4,2031.500,322.54,3.14,53,111,565
04/30/2017 18:17:08,239,9.4,2033.650,322.90,3.13,52,111,565
04/30/2017 18:17:18,237,9.4,2035.740,322.66,3.13,53,110,566
04/30/2017 18:17:28,231,9.4,2037.680,322.46,3.13,54,111,565
04/30/2017 18:17:38,240,9.4,2039.840,322.78,3.13,54,111,565
04/30/2017 18:17:48,222,9.4,2041.830,322.57,3.13,54,111,565
04/30/2017 18:17:58,237,9.4,2043.830,322.89,3.13,52,111,565
04/30/2017 18:18:08,230,9.4,2045.870,322.91,3.13,53,114,566
04/30/2017 18:18:18,235,9.4,2047.970,323.65,3.13,53,110,565
04/30/2017 18:18:28,247,9.4,2050.080,322.92,3.13,53,111,565
04/30/2017 18:18:38,239,9.4,2052.040,322.31,3.13,52,111,566
04/30/2017 18:18:48,223,9.4,2053.970,322.52,3.12,52,111,566
04/30/2017 18:18:58,204,9.4,2056.070,322.97,3.12,53,110,566
04/30/2017 18:19:08,179,9.4,2058.240,323.01,3.12,52,112,565
04/30/2017 18:19:18,217,9.4,2060.210,322.91,3.12,53,111,565
04/30/2017 18:19:28,231,9.4,2062.200,322.38,3.12,52,110,566
04/30/2017 18:19:38,217,9.4,2064.300,322.81,3.11,52,110,566
04/30/2017 18:19:48,227,9.4,2066.410,322.56,3.11,54,120,565
04/30/2017 18:19:58,241,9.4,2068.520,322.59,3.11,53,110,566
04/30/2017 18:20:08,205,9.4,2070.590,322.16,3.11,54,111,566
04/30/2017 18:20:18,236,9.4,2072.660,322.32,3.11,53,110,565
04/30/2017 18:20:28,248,9.4,2074.760,322.40,3.11,53,110,566
04/30/2017 18:20:38,250,9.4,2076.570,322.85,3.10,54,112,566
04/30/2017 18:20:48,228,9.4,2078.500,322.19,3.10,54,112,566
04/30/2017 18:20:58,224,9.4,2080.530,322.80,3.10,52,111,566
04/30/2017 18:21:08,197,9.4,2082.690,322.51,3.09,54,115,565
04/30/2017 18:21:18,218,9.4,2084.690,322.80,3.09,53,111,565
04/30/2017 18:21:28,244,9.4,2086.710,323.25,3.08,53,111,565
04/30/2017 18:21:38,227,9.4,2088.740,322.60,3.08,53,110,566
04/30/2017 18:21:48,236,9.4,2090.730,322.27,3.08,52,113,565
04/30/2017 18:21:58,166,9.4,2092.710,322.78,3.08,52,110,565
04/30/2017 18:22:08,196,9.4,2094.390,323.37,3.08,55,111,565
04/30/2017 18:22:18,253,9.4,2096.280,322.89,3.08,53,111,566
04/30/2017 18:22:28,207,9.4,2098.400,322.31,3.07,52,110,566
04/30/2017 18:22:38,222,9.4,2100.410,322.63,3.07,53,113,566
04/30/2017 18:22:48,201,9.4,2102.490,322.85,3.07,52,110,566
04/30/2017 18:22:58,230,9.4,2104.470,322.94,3.06,54,113,566
04/30/2017 18:23:08,237,9.4,2106.420,321.93,3.06,52,112,566
04/30/2017 18:23:18,208,9.4,2108.580,321.95,3.06,54,111,566
04/30/2017 18:23:28,223,9.4,2110.600,322.39,3.06,52,109,566
04/30/2017 18:23:38,211,9.4,2112.580,322.81,3.05,52,116,565
04/30/2017 18:23:48,228,9.4,2114.710,322.67,3.05,52,116,566
04/30/2017 18:23:58,239,9.4,2116.670,322.39,3.05,52,111,566
04/30/2017 18:24:08,220,9.4,2118.720,323.17,3.05,54,111,566
04/30/2017 18:24:18,254,9.4,2120.700,322.77,3.05,53,111,566
04/30/2017 18:24:28,238,9.4,2122.850,322.40,3.04,54,112,566
04/30/2017 18:24:38,217,9.4,2124.850,323.03,3.04,52,110,566
04/30/2017 18:24:48,232,9.4,2126.750,323.42,3.04,53,110,566
04/30/2017 18:24:58,226,9.4,2128.750,323.30,3.04,53,113,566
04/30/2017 18:25:08,212,9.4,2130.840,323.04,3.03,54,112,566
04/30/2017 18:25:18,227,9.4,2132.850,323.07,3.03,54,110,566
04/30/2017 18:25:28,221,9.4,2134.950,322.94,3.02,53,112,566
04/30/2017 18:25:38,232,9.4,2136.970,323.51,3.02,53,112,566
04/30/2017 18:25:48,253,9.4,2139.080,322.80,3.02,52,112,565
04/30/2017 18:25:58,259,9.4,2141.060,324.14,3.01,53,113,566
04/30/2017 18:26:08,228,9.4,2143.070,323.72,3.01,53,113,566
04/30/2017 18:26:18,226,9.4,2145.220,323.84,3.01,53,111,566
04/30/2017 18:26:28,239,9.4,2147.250,323.24,3.00,54,112,566
04/30/2017 18:26:38,201,9.4,2149.230,323.47,3.00,53,112,566
04/30/2017 18:26:48,208,9.4,2151.330,323.59,3.00,53,111,566
04/30/2017 18:26:58,237,9.4,2153.290,323.67,3.00,53,113,566
04/30/2017 18:27:08,215,9.4,2155.330,323.65,3.00,52,113,566
04/30/2017 18:27:18,220,9.4,2157.340,323.79,2.99,52,112,566
04/30/2017 18:27:28,237,9.4,2159.410,322.69,2.99,51,112,566
04/30/2017 18:27:38,234,9.4,2161.390,323.25,2.99,54,113,566
04/30/2017 18:27:48,238,9.4,2163.560,323.05,2.99,53,114,566
04/30/2017 18:27:58,230,9.4,2165.630,323.55,2.98,53,111,566
04/30/2017 18:28:08,238,9.4,2167.670,323.12,2.98,53,116,566
04/30/2017 18:28:18,216,9.4,2169.750,324.18,2.98,54,112,566
04/30/2017 18:28:28,218,9.4,2171.650,323.21,2.97,52,113,566
04/30/2017 18:28:38,240,9.4,2173.870,323.67,2.97,53,113,566
04/30/2017 18:28:48,237,9.4,2175.790,323.14,2.97,56,113,566
04/30/2017 18:28:58,224,9.4,2177.930,323.81,2.97,54,113,566
04/30/2017 18:29:08,201,9.4,2179.840,324.63,2.96,53,113,566
04/30/2017 18:29:18,230,9.4,2182.040,324.21,2.95,53,113,566
04/30/2017 18:29:28,181,9.4,2183.820,323.95,2.95,53,114,566
04/30/2017 18:29:38,215,9.4,2185.800,325.60,2.94,54,118,566
04/30/2017 18:29:48,233,9.4,2187.770,325.31,2.94,53,115,566
04/30/2017 18:29:58,237,9.4,2189.750,325.92,2.93,54,116,566
04/30/2017 18:30:08,253,9.4,2191.660,325.30,2.93,55,114,566
04/30/2017 18:30:18,238,9.4,2193.740,325.38,2.92,54,116,566
04/30/2017 18:30:28,254,9.4,2195.850,326.20,2.91,53,117,566
04/30/2017 18:30:38,231,9.4,2197.740,326.69,2.91,53,117,566
04/30/2017 18:30:48,233,9.4,2199.800,326.63,2.91,53,119,566
04/30/2017 18:30:58,225,9.4,2201.840,326.22,2.91,52,115,566
04/30/2017 18:31:08,227,9.4,2204.010,326.85,2.90,54,119,566
04/30/2017 18:31:18,221,9.4,2205.770,326.73,2.90,53,118,566
04/30/2017 18:31:28,204,9.4,2207.900,326.10,2.89,52,119,566
04/30/2017 18:31:38,255,9.4,2209.870,326.78,2.89,52,116,566
04/30/2017 18:31:48,247,9.4,2211.880,327.49,2.89,52,116,566
04/30/2017 18:31:58,224,9.4,2213.970,327.33,2.88,53,119,566
04/30/2017 18:32:08,235,9.4,2215.930,327.08,2.88,51,129,566
04/30/2017 18:32:18,259,9.4,2217.950,328.51,2.85,54,120,566
04/30/2017 18:32:28,231,9.4,2220.110,329.24,2.84,54,123,566
04/30/2017 18:32:38,221,9.4,2221.900,330.16,2.82,52,124,566
04/30/2017 18:32:48,258,9.4,2223.870,330.70,2.82,53,125,566
04/30/2017 18:32:58,235,9.4,2225.920,330.08,2.82,53,124,566
04/30/2017 18:33:08,227,9.4,2227.890,330.82,2.82,53,127,566
04/30/2017 18:33:18,235,9.4,2229.840,329.94,2.84,53,121,566
04/30/2017 18:33:28,222,9.4,2231.700,327.85,2.86,53,120,566
04/30/2017 18:33:38,249,9.4,2233.740,326.98,2.86,52,116,566
04/30/2017 18:33:48,236,9.4,2235.830,326.10,2.87,51,113,566
04/30/2017 18:33:58,211,9.4,2237.710,324.85,2.88,54,113,566
04/30/2017 18:34:08,239,9.4,2239.820,324.19,2.89,54,111,566
04/30/2017 18:34:18,255,9.4,2241.820,322.83,2.89,53,112,566
04/30/2017 18:34:28,268,9.4,2243.790,322.91,2.89,51,123,566
04/30/2017 18:34:38,225,9.4,2245.790,323.76,2.88,51,119,566
04/30/2017 18:34:48,251,9.4,2247.600,322.47,2.88,51,120,566
04/30/2017 18:34:58,201,9.4,2249.600,322.40,2.88,53,112,566
04/30/2017 18:35:08,228,9.4,2251.690,322.67,2.88,54,112,566
04/30/2017 18:35:18,234,9.4,2253.620,322.45,2.88,54,114,566
04/30/2017 18:35:28,216,9.4,2255.470,322.03,2.87,53,113,566
04/30/2017 18:35:38,235,9.4,2257.510,323.42,2.87,52,111,566
04/30/2017 18:35:48,251,9.4,2259.360,322.54,2.87,53,113,566
04/30/2017 18:35:58,221,9.4,2261.410,323.11,2.87,53,110,566
04/30/2017 18:36:08,220,9.4,2263.380,323.09,2.86,52,112,566
04/30/2017 18:36:18,236,9.4,2265.290,323.52,2.86,52,112,566
04/30/2017 18:36:28,212,9.4,2267.320,323.27,2.86,53,112,566
04/30/2017 18:36:38,214,9.4,2269.220,322.53,2.86,53,112,566
04/30/2017 18:36:48,223,9.4,2271.220,323.32,2.86,52,112,566
04/30/2017 18:36:58,280,9.4,2273.090,323.52,2.86,53,110,566
04/30/2017 18:37:08,217,9.4,2275.110,323.92,2.85,53,113,566
04/30/2017 18:37:18,225,9.4,2277.010,322.77,2.85,52,113,566
04/30/2017 18:37:28,239,9.4,2279.080,323.98,2.84,54,113,566
04/30/2017 18:37:38,212,9.4,2280.930,323.64,2.84,53,114,566
04/30/2017 18:37:48,235,9.4,2282.930,324.44,2.83,54,112,566
04/30/2017 18:37:58,216,9.4,2284.810,324.11,2.83,54,114,566
04/30/2017 18:38:08,227,9.4,2286.640,324.13,2.83,53,117,566
04/30/2017 18:38:18,264,9.4,2288.740,324.97,2.83,52,114,566
04/30/2017 18:38:28,256,9.4,2290.610,324.79,2.81,54,116,566
04/30/2017 18:38:38,209,9.4,2292.460,324.74,2.81,52,118,566
04/30/2017 18:38:48,222,9.4,2294.540,324.50,2.80,54,115,566
04/30/2017 18:38:58,244,9.4,2296.300,325.38,2.80,51,115,566
04/30/2017 18:39:08,196,9.4,2298.380,324.82,2.80,53,114,566
04/30/2017 18:39:18,252,9.4,2300.200,325.06,2.80,53,112,566
04/30/2017 18:39:28,249,9.4,2302.170,324.42,2.80,53,114,566
04/30/2017 18:39:38,209,9.4,2304.180,324.57,2.79,54,113,566
04/30/2017 18:39:48,264,9.4,2306.160,324.27,2.79,53,117,566
04/30/2017 18:39:58,260,9.4,2308.160,324.03,2.79,52,115,566
04/30/2017 18:40:08,253,9.4,2309.980,323.74,2.79,54,114,566
04/30/2017 18:40:18,240,9.4,2312.040,323.54,2.79,54,114,566
04/30/2017 18:40:28,236,9.4,2313.860,324.46,2.79,52,111,566
04/30/2017 18:40:38,237,9.4,2315.900,323.85,2.78,54,113,566
04/30/2017 18:40:48,241,9.4,2317.730,323.37,2.78,53,115,566
04/30/2017 18:40:58,259,9.4,2319.750,324.59,2.78,53,112,566
04/30/2017 18:41:08,231,9.3,2321.620,323.79,2.78,52,112,566
04/30/2017 18:41:18,236,9.4,2323.480,323.86,2.78,53,113,566
04/30/2017 18:41:28,216,9.4,2325.580,323.55,2.77,53,114,566
04/30/2017 18:41:38,246,9.4,2327.410,324.79,2.76,53,115,566
04/30/2017 18:41:48,219,9.4,2329.300,324.88,2.75,53,114,566
04/30/2017 18:41:58,251,9.4,2331.270,326.03,2.75,53,117,566
04/30/2017 18:42:08,259,9.4,2333.220,325.98,2.73,52,114,566
04/30/2017 18:42:18,242,9.4,2334.950,325.54,2.73,53,116,566
04/30/2017 18:42:28,254,9.4,2336.870,325.53,2.73,54,116,566
04/30/2017 18:42:38,268,9.4,2338.700,325.01,2.73,52,117,566
04/30/2017 18:42:48,217,9.4,2340.590,324.58,2.73,54,114,566
04/30/2017 18:42:58,271,9.4,2342.690,324.41,2.74,52,115,566
04/30/2017 18:43:08,235,9.4,2344.490,323.94,2.73,52,125,566
04/30/2017 18:43:18,235,9.4,2346.420,323.80,2.73,53,116,566
04/30/2017 18:43:28,220,9.4,2348.500,323.89,2.72,53,118,566
04/30/2017 18:43:38,214,9.4,2350.230,323.94,2.72,53,114,566
04/30/2017 18:43:48,224,9.3,2352.100,324.00,2.72,53,114,566
04/30/2017 18:43:58,242,9.4,2354.040,323.76,2.72,53,114,566
04/30/2017 18:44:08,240,9.4,2355.920,323.61,2.72,54,115,566
04/30/2017 18:44:18,265,9.4,2357.780,323.61,2.72,53,113,566
04/30/2017 18:44:28,228,9.4,2359.690,323.85,2.72,52,116,566
04/30/2017 18:44:38,259,9.3,2361.540,323.64,2.72,53,115,566
04/30/2017 18:44:48,222,9.4,2363.630,322.90,2.72,54,113,566
04/30/2017 18:44:58,242,9.3,2365.620,323.82,2.72,53,114,566
04/30/2017 18:45:08,226,9.4,2367.520,322.53,2.72,54,119,566
04/30/2017 18:45:18,219,9.4,2369.290,323.11,2.71,54,120,566
04/30/2017 18:45:28,257,9.4,2371.020,324.37,2.70,51,115,566
04/30/2017 18:45:38,241,9.4,2372.890,324.15,2.69,53,115,566
04/30/2017 18:45:48,207,9.4,2374.940,325.11,2.68,54,116,566
04/30/2017 18:45:58,195,9.3,2376.650,326.70,2.68,53,118,566
04/30/2017 18:46:08,221,9.3,2378.500,325.87,2.68,51,117,566
04/30/2017 18:46:18,250,9.4,2380.250,327.09,2.67,53,119,566
04/30/2017 18:46:28,267,9.4,2382.090,328.17,2.65,53,119,566
04/30/2017 18:46:38,228,9.4,2383.860,329.12,2.63,53,116,566
04/30/2017 18:46:48,227,9.4,2385.740,328.54,2.63,53,119,566
04/30/2017 18:46:58,237,9.3,2387.660,329.16,2.62,53,119,566
04/30/2017 18:47:08,236,9.4,2389.540,329.24,2.63,52,121,566
04/30/2017 18:47:18,226,9.4,2391.310,328.90,2.62,53,120,566
04/30/2017 18:47:28,232,9.4,2393.120,329.77,2.62,54,120,566
04/30/2017 18:47:38,240,9.4,2395.060,328.26,2.62,53,119,566
04/30/2017 18:47:48,247,9.4,2396.960,329.49,2.61,53,118,566
04/30/2017 18:47:58,221,9.4,2398.860,329.32,2.61,53,121,566
04/30/2017 18:48:08,244,9.3,2400.810,330.60,2.60,52,119,566
04/30/2017 18:48:18,229,9.3,2402.620,329.87,2.60,54,124,566
04/30/2017 18:48:28,265,9.4,2404.620,330.30,2.59,52,126,566
04/30/2017 18:48:38,267,9.3,2406.360,330.00,2.58,52,122,566
04/30/2017 18:48:48,204,9.3,2408.360,329.47,2.58,52,121,566
04/30/2017 18:48:58,247,9.4,2410.170,330.66,2.57,54,121,566
04/30/2017 18:49:08,232,9.3,2411.990,330.69,2.55,54,121,566
04/30/2017 18:49:18,210,9.4,2413.730,331.12,2.55,53,123,566
04/30/2017 18:49:28,256,9.3,2415.470,331.35,2.55,52,122,566
04/30/2017 18:49:38,224,9.3,2417.430,332.23,2.54,54,128,566
04/30/2017 18:49:48,233,9.4,2419.260,332.32,2.54,53,122,566
04/30/2017 18:49:58,213,9.3,2421.170,330.91,2.53,53,128,566
04/30/2017 18:50:08,252,9.3,2422.860,333.09,2.53,52,121,566
04/30/2017 18:50:18,227,9.4,2424.500,332.35,2.53,53,124,566
04/30/2017 18:50:28,256,9.4,2426.360,332.60,2.52,53,125,566
04/30/2017 18:50:38,304,9.4,2428.240,332.50,2.51,53,122,566
04/30/2017 18:50:48,237,9.3,2430.120,332.61,2.50,52,122,566
04/30/2017 18:50:58,215,9.4,2431.740,332.54,2.49,53,122,566
04/30/2017 18:51:08,235,9.3,2433.500,333.58,2.49,54,122,566
04/30/2017 18:51:18,261,9.3,2435.220,332.99,2.49,52,133,566
04/30/2017 18:51:28,210,9.3,2437.120,333.39,2.49,53,122,566
04/30/2017 18:51:38,227,9.4,2438.790,333.69,2.49,54,124,566
04/30/2017 18:51:48,228,9.3,2440.570,333.55,2.48,53,123,566
04/30/2017 18:51:58,258,9.4,2442.380,332.75,2.48,54,129,566
04/30/2017 18:52:08,261,9.4,2444.250,332.38,2.48,53,127,566
04/30/2017 18:52:18,275,9.4,2446.100,331.53,2.49,53,120,566
04/30/2017 18:52:28,214,9.3,2447.690,330.52,2.48,54,121,566
04/30/2017 18:52:38,251,9.4,2449.410,331.46,2.48,53,121,566
04/30/2017 18:52:48,231,9.3,2451.180,331.60,2.47,53,122,566
04/30/2017 18:52:58,283,9.4,2453.140,331.75,2.47,53,119,566
04/30/2017 18:53:08,232,9.4,2454.820,330.48,2.47,53,120,566
04/30/2017 18:53:18,268,9.4,2456.600,330.64,2.46,53,120,566
04/30/2017 18:53:28,248,9.4,2458.140,330.93,2.45,52,120,567
04/30/2017 18:53:38,270,9.4,2459.830,331.38,2.45,54,119,566
04/30/2017 18:53:48,232,9.4,2461.530,330.88,2.44,53,120,567
04/30/2017 18:53:58,203,9.3,2462.990,331.74,2.44,53,121,566
04/30/2017 18:54:08,236,9.4,2464.700,331.42,2.43,54,163,566
04/30/2017 18:54:18,207,9.4,2466.290,331.68,2.42,53,120,566
04/30/2017 18:54:28,246,9.4,2467.750,331.82,2.42,52,120,566
04/30/2017 18:54:38,243,9.4,2469.220,332.17,2.41,54,119,566
04/30/2017 18:54:48,230,9.4,2470.700,332.12,2.40,55,123,566
04/30/2017 18:54:58,212,9.4,2472.050,332.23,2.40,53,125,566
04/30/2017 18:55:08,242,9.4,2473.550,331.99,2.40,52,119,566
04/30/2017 18:55:18,239,9.4,2474.940,331.89,2.40,52,120,567
04/30/2017 18:55:28,216,9.3,2476.500,331.33,2.39,52,118,566
04/30/2017 18:55:38,254,9.4,2477.830,331.33,2.39,53,121,567
04/30/2017 18:55:48,224,9.4,2479.460,331.14,2.38,52,118,566
04/30/2017 18:55:58,271,9.4,2480.940,331.84,2.37,53,119,566
04/30/2017 18:56:08,268,9.3,2482.310,332.24,2.36,52,121,567
04/30/2017 18:56:18,230,9.3,2483.790,332.85,2.35,52,120,566
04/30/2017 18:56:28,215,9.4,2485.260,333.21,2.33,53,120,566
04/30/2017 18:56:38,263,9.4,2486.780,335.48,2.32,51,127,567
04/30/2017 18:56:48,225,9.4,2488.270,335.67,2.31,53,129,566
04/30/2017 18:56:58,216,9.4,2489.620,335.90,2.30,53,126,567
04/30/2017 18:57:08,201,9.3,2491.160,336.24,2.29,53,122,567
04/30/2017 18:57:18,247,9.3,2492.440,335.27,2.29,53,123,567
04/30/2017 18:57:28,253,9.4,2493.860,335.46,2.29,53,123,566
04/30/2017 18:57:38,238,9.3,2495.410,335.10,2.28,53,122,567
04/30/2017 18:57:48,248,9.3,2496.910,334.20,2.28,53,121,567
04/30/2017 18:57:58,246,9.3,2498.340,334.83,2.27,54,123,567
04/30/2017 18:58:08,262,9.4,2499.780,335.36,2.27,53,122,567
04/30/2017 18:58:18,219,9.3,2501.370,335.32,2.25,53,121,567
04/30/2017 18:58:28,221,9.4,2502.590,335.35,2.25,53,120,567
04/30/2017 18:58:38,214,9.4,2504.020,335.81,2.25,52,120,567
04/30/2017 18:58:48,259,9.3,2505.540,335.48,2.24,52,122,567
04/30/2017 18:58:58,225,9.3,2506.760,335.49,2.24,53,123,567
04/30/2017 18:59:08,193,9.3,2508.060,335.91,2.21,52,123,567
04/30/2017 18:59:18,208,9.3,2509.300,337.13,2.21,53,122,567
04/30/2017 18:59:28,232,9.4,2510.500,337.01,2.21,52,123,567
04/30/2017 18:59:38,196,9.4,2511.650,336.76,2.20,53,124,567
04/30/2017 18:59:48,227,9.4,2512.940,337.05,2.20,54,121,567
04/30/2017 18:59:58,264,9.4,2514.260,337.42,2.18,54,121,567
04/30/2017 19:00:08,254,9.4,2515.520,337.31,2.18,54,126,567
04/30/2017 19:00:18,228,9.4,2516.990,338.18,2.17,54,128,567
04/30/2017 19:00:28,228,9.4,2518.150,338.12,2.16,54,127,567
04/30/2017 19:00:38,222,9.4,2519.280,338.01,2.16,52,124,567
04/30/2017 19:00:48,203,9.4,2520.240,338.21,2.16,53,126,567
04/30/2017 19:00:58,236,9.4,2521.330,338.38,2.16,54,127,567
04/30/2017 19:01:08,229,9.4,2522.690,338.12,2.15,53,127,567
04/30/2017 19:01:18,230,9.4,2523.990,337.49,2.14,52,130,567
04/30/2017 19:01:28,214,9.4,2525.060,338.96,2.13,52,128,567
04/30/2017 19:01:38,229,9.4,2526.110,339.87,2.12,53,134,567
04/30/2017 19:01:48,188,9.4,2526.930,339.79,2.12,52,139,567
04/30/2017 19:01:58,223,9.4,2528.130,339.67,2.11,52,129,567

 Ramp exit:    SMOOTH RUNNING
 Profile exit: BOTTOM PRESSURE

 Vehicle motion stopped at 04/30/2017 19:02:02
 Sensor logging stopped at 04/30/2017 19:04:10
