
 Profile 336

 Sensors were turned on at  04/17/2017 08:00:02
 Vehicle began profiling at 04/17/2017 08:02:03

Date,[mA],[V],[dbar],Oxygen[uM],Optode Temp[C],Chl,NTU,Therm
04/17/2017 08:02:03,0,11.0,0.000,0.00,0.00,118,142,567
04/17/2017 08:02:13,213,10.8,0.000,0.00,0.00,111,142,567
04/17/2017 08:02:23,191,10.8,0.000,0.00,0.00,104,140,567
04/17/2017 08:02:36,276,10.8,183.010,385.33,3.66,103,136,567
04/17/2017 08:02:46,145,10.9,185.950,385.22,3.65,103,138,567
04/17/2017 08:02:56,130,11.0,188.610,385.22,3.65,102,137,567
04/17/2017 08:03:06,162,10.9,191.390,383.61,3.66,96,136,567
04/17/2017 08:03:16,168,10.9,193.980,384.95,3.66,91,135,567
04/17/2017 08:03:26,162,10.9,196.720,383.93,3.65,90,135,567
04/17/2017 08:03:36,143,10.9,199.450,383.55,3.65,89,134,567
04/17/2017 08:03:46,144,10.9,202.150,383.50,3.65,88,131,566
04/17/2017 08:03:56,152,10.9,204.730,382.81,3.65,82,129,566
04/17/2017 08:04:06,160,10.9,207.460,383.31,3.65,83,131,566
04/17/2017 08:04:16,152,10.9,210.160,382.75,3.65,81,129,566
04/17/2017 08:04:26,148,10.9,212.750,382.37,3.65,78,131,566
04/17/2017 08:04:36,158,10.9,215.480,382.05,3.65,78,141,566
04/17/2017 08:04:46,159,10.9,218.090,382.69,3.65,76,128,566
04/17/2017 08:04:56,167,10.9,220.730,382.09,3.65,74,129,566
04/17/2017 08:05:06,145,10.9,223.380,381.67,3.65,72,128,566
04/17/2017 08:05:16,150,10.9,226.060,381.58,3.64,72,127,566
04/17/2017 08:05:26,159,10.9,228.770,381.34,3.64,73,128,566
04/17/2017 08:05:36,164,10.9,231.340,380.29,3.64,70,128,566
04/17/2017 08:05:46,161,10.9,234.070,380.66,3.64,70,129,566
04/17/2017 08:05:56,143,10.9,236.610,380.48,3.64,71,126,566
04/17/2017 08:06:06,145,10.9,239.380,381.28,3.64,70,128,566
04/17/2017 08:06:16,146,10.9,241.910,379.92,3.64,70,127,566
04/17/2017 08:06:26,163,10.8,244.740,380.22,3.64,71,129,566
04/17/2017 08:06:36,172,10.8,247.320,380.31,3.64,70,126,566
04/17/2017 08:06:46,160,10.9,250.010,380.05,3.64,69,126,566
04/17/2017 08:06:56,156,10.8,252.580,380.33,3.64,67,129,566
04/17/2017 08:07:06,165,10.8,255.300,379.65,3.65,61,131,566
04/17/2017 08:07:16,161,10.8,257.970,378.20,3.65,63,131,565
04/17/2017 08:07:26,157,10.8,260.550,377.35,3.65,62,124,565
04/17/2017 08:07:36,158,10.8,263.300,377.73,3.65,62,127,566
04/17/2017 08:07:46,158,10.8,265.910,378.30,3.65,62,127,566
04/17/2017 08:07:56,147,10.9,268.590,378.13,3.65,61,123,565
04/17/2017 08:08:06,158,10.8,271.150,376.87,3.65,60,124,565
04/17/2017 08:08:16,163,10.8,273.910,378.32,3.64,61,124,565
04/17/2017 08:08:26,147,10.8,276.580,377.78,3.64,60,125,565
04/17/2017 08:08:36,148,10.8,279.090,376.54,3.64,62,121,565
04/17/2017 08:08:46,165,10.8,281.810,376.85,3.64,59,135,565
04/17/2017 08:08:56,162,10.8,284.600,376.05,3.64,60,122,565
04/17/2017 08:09:06,144,10.8,287.170,376.00,3.64,59,122,565
04/17/2017 08:09:16,167,10.8,289.820,375.82,3.64,57,121,565
04/17/2017 08:09:26,145,10.8,292.430,375.94,3.64,59,129,565
04/17/2017 08:09:36,142,10.8,295.170,376.01,3.63,59,122,565
04/17/2017 08:09:46,146,10.8,297.740,375.98,3.63,61,122,565
04/17/2017 08:09:56,168,10.8,300.320,377.32,3.62,60,123,565
04/17/2017 08:10:06,157,10.8,303.070,375.92,3.62,63,123,565
04/17/2017 08:10:16,143,10.8,305.680,375.98,3.62,63,123,565
04/17/2017 08:10:26,152,10.8,308.270,377.52,3.62,62,122,565
04/17/2017 08:10:36,164,10.8,311.110,377.35,3.62,60,123,565
04/17/2017 08:10:46,154,10.8,313.730,376.18,3.62,58,122,565
04/17/2017 08:10:56,158,10.8,316.300,376.60,3.62,60,123,565
04/17/2017 08:11:06,164,10.8,318.920,376.23,3.62,60,120,565
04/17/2017 08:11:16,156,10.8,321.590,375.98,3.62,60,122,565
04/17/2017 08:11:26,151,10.8,324.340,376.36,3.62,61,123,565
04/17/2017 08:11:36,161,10.8,326.930,376.78,3.62,64,124,565
04/17/2017 08:11:46,154,10.8,329.640,376.47,3.62,64,124,565
04/17/2017 08:11:56,163,10.8,332.250,377.40,3.62,67,124,565
04/17/2017 08:12:06,153,10.8,334.820,377.48,3.62,68,126,565
04/17/2017 08:12:16,153,10.8,337.620,378.52,3.61,67,124,565
04/17/2017 08:12:26,144,10.8,340.110,379.00,3.62,69,127,565
04/17/2017 08:12:36,160,10.8,342.870,378.49,3.61,69,125,565
04/17/2017 08:12:46,164,10.8,345.440,378.03,3.60,67,125,565
04/17/2017 08:12:56,148,10.8,348.200,379.21,3.60,68,125,565
04/17/2017 08:13:06,161,10.8,350.740,379.16,3.60,71,126,565
04/17/2017 08:13:16,141,10.8,353.370,379.79,3.61,67,124,565
04/17/2017 08:13:26,160,10.8,356.140,378.66,3.61,68,124,565
04/17/2017 08:13:36,152,10.8,358.820,378.48,3.60,68,127,565
04/17/2017 08:13:46,166,10.8,361.420,378.89,3.60,69,125,565
04/17/2017 08:13:56,153,10.8,363.980,378.72,3.59,69,124,565
04/17/2017 08:14:06,163,10.8,366.580,379.12,3.59,70,126,565
04/17/2017 08:14:16,171,10.8,369.340,379.54,3.58,70,127,565
04/17/2017 08:14:26,167,10.8,371.900,379.43,3.58,69,127,565
04/17/2017 08:14:36,159,10.8,374.650,379.47,3.58,69,126,565
04/17/2017 08:14:46,166,10.8,377.250,379.69,3.58,70,127,565
04/17/2017 08:14:56,172,10.8,379.870,379.38,3.58,69,126,565
04/17/2017 08:15:06,162,10.8,382.620,378.49,3.58,70,126,565
04/17/2017 08:15:16,168,10.8,385.250,379.32,3.58,69,126,565
04/17/2017 08:15:26,161,10.8,387.830,379.46,3.58,69,125,565
04/17/2017 08:15:36,154,10.8,390.490,378.97,3.58,69,127,565
04/17/2017 08:15:46,160,10.8,393.220,379.47,3.58,69,127,565
04/17/2017 08:15:56,152,10.8,395.790,379.11,3.58,71,126,565
04/17/2017 08:16:06,176,10.8,398.360,379.15,3.58,69,126,565
04/17/2017 08:16:16,187,10.8,401.160,379.10,3.58,69,126,565
04/17/2017 08:16:26,181,10.8,403.750,379.18,3.58,69,127,565
04/17/2017 08:16:36,162,10.8,406.330,379.42,3.58,69,126,565
04/17/2017 08:16:46,167,10.8,408.920,379.35,3.57,68,127,565
04/17/2017 08:16:56,189,10.8,411.570,379.56,3.57,69,126,565
04/17/2017 08:17:06,170,10.8,414.290,378.96,3.57,66,127,565
04/17/2017 08:17:16,167,10.8,416.810,378.27,3.57,68,125,565
04/17/2017 08:17:26,168,10.8,419.440,379.01,3.57,68,124,565
04/17/2017 08:17:36,173,10.8,422.150,378.29,3.57,67,124,565
04/17/2017 08:17:46,162,10.8,424.740,379.90,3.57,68,129,565
04/17/2017 08:17:56,164,10.8,427.500,378.66,3.57,66,124,565
04/17/2017 08:18:06,171,10.9,430.140,378.62,3.57,67,131,565
04/17/2017 08:18:16,174,10.8,432.770,378.59,3.57,66,124,565
04/17/2017 08:18:26,170,10.8,435.330,378.10,3.57,68,125,565
04/17/2017 08:18:36,188,10.8,437.950,378.66,3.57,68,125,565
04/17/2017 08:18:46,175,10.8,440.600,378.63,3.57,66,125,565
04/17/2017 08:18:56,163,10.8,443.290,378.52,3.57,65,126,565
04/17/2017 08:19:06,165,10.8,445.770,377.96,3.57,65,123,565
04/17/2017 08:19:16,184,10.8,448.500,378.40,3.57,65,123,565
04/17/2017 08:19:26,180,10.8,451.210,378.87,3.57,65,125,565
04/17/2017 08:19:36,179,10.8,453.750,378.05,3.57,66,124,565
04/17/2017 08:19:46,180,10.8,456.460,378.63,3.57,64,128,565
04/17/2017 08:19:56,167,10.8,458.970,378.05,3.57,65,125,565
04/17/2017 08:20:06,174,10.8,461.710,378.27,3.57,63,124,565
04/17/2017 08:20:16,169,10.8,464.200,378.23,3.57,64,124,565
04/17/2017 08:20:26,172,10.9,467.000,377.97,3.57,65,122,565
04/17/2017 08:20:36,158,10.9,469.540,377.85,3.57,65,125,565
04/17/2017 08:20:46,158,10.8,472.110,377.39,3.57,64,124,565
04/17/2017 08:20:56,158,10.8,474.880,376.94,3.57,62,124,565
04/17/2017 08:21:06,179,10.8,477.370,377.71,3.57,64,123,565
04/17/2017 08:21:16,167,10.8,480.030,377.30,3.57,63,123,565
04/17/2017 08:21:26,164,10.8,482.690,377.73,3.57,63,126,565
04/17/2017 08:21:36,171,10.8,485.250,378.10,3.57,62,125,565
04/17/2017 08:21:46,170,10.8,487.920,377.30,3.57,62,123,565
04/17/2017 08:21:56,181,10.8,490.630,377.76,3.57,63,123,565
04/17/2017 08:22:06,169,10.8,493.110,377.27,3.57,63,125,565
04/17/2017 08:22:16,161,10.8,495.810,377.23,3.57,64,121,565
04/17/2017 08:22:26,146,10.8,498.400,376.93,3.57,65,123,565
04/17/2017 08:22:36,167,10.8,501.070,377.83,3.57,63,122,565
04/17/2017 08:22:46,169,10.8,503.660,376.04,3.57,63,123,565
04/17/2017 08:22:56,174,10.8,506.360,377.56,3.57,62,124,565
04/17/2017 08:23:06,163,10.9,508.930,376.63,3.57,63,136,565
04/17/2017 08:23:16,171,10.8,511.580,377.64,3.57,63,123,565
04/17/2017 08:23:26,155,10.8,514.210,376.76,3.57,63,123,565
04/17/2017 08:23:36,164,10.8,516.870,376.70,3.57,62,122,565
04/17/2017 08:23:46,164,10.8,519.510,377.29,3.57,63,123,565
04/17/2017 08:23:56,154,10.8,522.070,376.83,3.57,62,127,565
04/17/2017 08:24:06,189,10.8,524.720,376.71,3.57,63,123,565
04/17/2017 08:24:16,170,10.8,527.410,376.85,3.57,62,122,565
04/17/2017 08:24:26,184,10.8,530.000,376.18,3.57,62,125,565
04/17/2017 08:24:36,163,10.8,532.550,376.07,3.56,62,122,565
04/17/2017 08:24:46,160,10.8,535.110,376.53,3.57,62,121,565
04/17/2017 08:24:56,151,10.9,537.750,376.16,3.57,61,123,564
04/17/2017 08:25:06,177,10.8,540.380,375.58,3.57,63,125,565
04/17/2017 08:25:16,176,10.8,542.960,376.01,3.57,61,123,565
04/17/2017 08:25:26,186,10.8,545.630,375.86,3.57,62,122,565
04/17/2017 08:25:36,176,10.8,548.310,376.08,3.57,62,123,565
04/17/2017 08:25:46,179,10.8,550.820,376.18,3.57,61,122,564
04/17/2017 08:25:56,165,10.8,553.460,376.09,3.57,62,122,565
04/17/2017 08:26:06,187,10.8,556.090,375.93,3.57,62,123,565
04/17/2017 08:26:16,184,10.8,558.730,376.94,3.57,63,125,565
04/17/2017 08:26:26,170,10.8,561.440,376.16,3.57,63,120,565
04/17/2017 08:26:36,191,10.8,564.040,375.81,3.57,62,126,565
04/17/2017 08:26:46,191,10.8,566.530,374.96,3.57,61,120,565
04/17/2017 08:26:56,188,10.8,569.210,375.02,3.57,61,125,565
04/17/2017 08:27:06,170,10.8,571.830,374.87,3.57,61,121,565
04/17/2017 08:27:16,170,10.8,574.440,375.39,3.57,62,123,565
04/17/2017 08:27:26,187,10.8,577.100,375.15,3.57,61,122,565
04/17/2017 08:27:36,170,10.9,579.730,376.02,3.57,61,122,565
04/17/2017 08:27:46,160,10.9,582.260,375.40,3.57,61,122,565
04/17/2017 08:27:56,163,10.8,584.960,376.16,3.57,60,122,565
04/17/2017 08:28:06,181,10.8,587.600,375.15,3.57,62,121,565
04/17/2017 08:28:16,176,10.8,590.270,375.15,3.57,61,125,565
04/17/2017 08:28:26,177,10.8,592.840,375.77,3.57,62,121,565
04/17/2017 08:28:36,178,10.8,595.400,375.27,3.57,61,121,565
04/17/2017 08:28:46,173,10.8,598.070,375.10,3.57,61,123,565
04/17/2017 08:28:56,187,10.9,600.610,375.54,3.56,62,126,565
04/17/2017 08:29:06,182,10.8,603.270,375.00,3.56,61,121,565
04/17/2017 08:29:16,158,10.9,605.850,376.31,3.56,61,124,565
04/17/2017 08:29:26,181,10.9,608.490,374.80,3.56,61,123,564
04/17/2017 08:29:36,178,10.8,611.190,375.18,3.56,62,122,564
04/17/2017 08:29:46,186,10.8,613.760,375.38,3.56,61,122,565
04/17/2017 08:29:56,176,10.9,616.350,375.92,3.56,63,134,564
04/17/2017 08:30:06,167,10.8,619.020,375.48,3.56,61,122,565
04/17/2017 08:30:16,177,10.8,621.620,375.58,3.56,62,121,565
04/17/2017 08:30:26,165,10.8,624.300,374.80,3.56,61,122,565
04/17/2017 08:30:36,187,10.8,626.810,375.03,3.56,61,123,565
04/17/2017 08:30:46,181,10.9,629.470,374.39,3.56,62,123,565
04/17/2017 08:30:56,210,10.8,632.010,374.30,3.56,61,122,565
04/17/2017 08:31:06,182,10.8,634.720,374.64,3.56,63,122,565
04/17/2017 08:31:16,191,10.8,637.380,374.21,3.56,60,123,565
04/17/2017 08:31:26,176,10.8,639.900,374.94,3.56,61,123,565
04/17/2017 08:31:36,169,10.8,642.480,374.32,3.56,61,123,565
04/17/2017 08:31:46,193,10.8,645.160,374.44,3.56,62,124,564
04/17/2017 08:31:56,159,10.8,647.680,374.29,3.56,61,120,565
04/17/2017 08:32:06,191,10.8,650.360,373.90,3.56,61,122,565
04/17/2017 08:32:16,167,10.9,653.050,374.50,3.56,61,122,565
04/17/2017 08:32:26,167,10.8,655.530,373.69,3.56,61,123,565
04/17/2017 08:32:36,204,10.8,658.210,373.65,3.56,61,128,565
04/17/2017 08:32:46,177,10.8,660.830,374.50,3.56,61,122,565
04/17/2017 08:32:56,166,10.8,663.420,373.72,3.56,62,120,565
04/17/2017 08:33:06,164,10.9,666.090,373.41,3.56,60,122,565
04/17/2017 08:33:16,166,10.8,668.750,373.45,3.56,62,124,565
04/17/2017 08:33:26,185,10.8,671.280,374.38,3.55,62,122,565
04/17/2017 08:33:36,173,10.8,673.870,374.80,3.55,62,122,565
04/17/2017 08:33:46,163,10.8,676.470,372.84,3.55,62,121,565
04/17/2017 08:33:56,179,10.8,679.200,374.51,3.55,62,124,565
04/17/2017 08:34:06,176,10.8,681.710,374.53,3.55,61,123,565
04/17/2017 08:34:16,185,10.8,684.430,375.06,3.55,61,124,565
04/17/2017 08:34:26,160,10.9,686.970,374.22,3.55,61,122,564
04/17/2017 08:34:36,175,10.8,689.500,374.51,3.55,60,122,565
04/17/2017 08:34:46,187,10.8,692.210,373.66,3.55,62,121,565
04/17/2017 08:34:56,171,10.8,694.820,374.51,3.55,60,122,565
04/17/2017 08:35:06,175,10.8,697.370,373.93,3.55,59,124,564
04/17/2017 08:35:16,177,10.8,700.070,373.84,3.55,60,122,565
04/17/2017 08:35:26,191,10.8,702.580,374.06,3.55,61,122,565
04/17/2017 08:35:36,184,10.8,705.140,373.10,3.56,60,121,564
04/17/2017 08:35:46,171,10.8,707.830,372.97,3.56,62,123,565
04/17/2017 08:35:56,184,10.8,710.460,373.69,3.56,60,122,565
04/17/2017 08:36:06,199,10.8,712.950,373.49,3.56,62,120,565
04/17/2017 08:36:16,180,10.8,715.690,372.38,3.56,61,122,565
04/17/2017 08:36:26,193,10.8,718.210,372.59,3.56,59,121,565
04/17/2017 08:36:36,178,10.8,720.910,372.71,3.56,60,122,565
04/17/2017 08:36:46,175,10.8,723.370,373.24,3.56,61,122,564
04/17/2017 08:36:56,187,10.8,726.120,373.30,3.56,60,123,565
04/17/2017 08:37:06,171,10.9,728.600,373.49,3.56,61,121,565
04/17/2017 08:37:16,169,10.8,731.330,373.30,3.56,61,122,564
04/17/2017 08:37:26,172,10.8,733.900,372.98,3.56,60,122,565
04/17/2017 08:37:36,182,10.9,736.500,372.63,3.56,62,122,565
04/17/2017 08:37:46,188,10.8,739.010,373.03,3.56,60,129,565
04/17/2017 08:37:56,175,10.8,741.690,373.83,3.56,61,124,565
04/17/2017 08:38:06,176,10.9,744.240,373.29,3.56,59,122,565
04/17/2017 08:38:16,181,10.8,746.800,373.42,3.56,60,121,565
04/17/2017 08:38:26,182,10.8,749.480,372.18,3.55,61,121,565
04/17/2017 08:38:36,168,10.8,751.980,372.91,3.55,60,121,565
04/17/2017 08:38:46,183,10.8,754.630,371.99,3.55,60,120,565
04/17/2017 08:38:56,185,10.8,757.300,372.15,3.55,59,121,565
04/17/2017 08:39:06,189,10.8,759.900,371.82,3.55,60,129,565
04/17/2017 08:39:16,170,10.9,762.460,372.01,3.55,58,120,565
04/17/2017 08:39:26,179,10.8,765.040,372.01,3.55,60,121,565
04/17/2017 08:39:36,180,10.9,767.660,372.21,3.55,60,121,565
04/17/2017 08:39:46,170,10.9,770.310,371.56,3.55,58,120,565
04/17/2017 08:39:56,175,10.8,772.750,371.31,3.55,59,118,565
04/17/2017 08:40:06,166,10.9,775.400,371.60,3.55,59,118,564
04/17/2017 08:40:16,187,10.8,778.030,371.96,3.55,58,120,565
04/17/2017 08:40:26,163,10.9,780.680,371.40,3.54,60,119,565
04/17/2017 08:40:36,178,10.9,783.220,370.45,3.54,57,119,565
04/17/2017 08:40:46,177,10.8,785.770,370.83,3.54,58,120,564
04/17/2017 08:40:56,171,10.8,788.410,370.11,3.53,58,119,565
04/17/2017 08:41:06,184,10.8,791.090,369.89,3.53,58,121,565
04/17/2017 08:41:16,213,10.8,793.670,369.27,3.53,58,120,565
04/17/2017 08:41:26,175,10.9,796.130,369.68,3.53,58,117,565
04/17/2017 08:41:36,167,10.8,798.770,370.06,3.53,58,122,565
04/17/2017 08:41:46,181,10.8,801.460,368.66,3.53,58,119,564
04/17/2017 08:41:56,166,10.9,804.050,368.71,3.52,59,118,565
04/17/2017 08:42:06,193,10.8,806.590,369.04,3.52,56,120,565
04/17/2017 08:42:16,185,10.8,809.290,367.90,3.51,57,118,564
04/17/2017 08:42:26,189,10.8,811.880,367.82,3.51,57,117,565
04/17/2017 08:42:36,188,10.8,814.470,367.54,3.51,56,118,565
04/17/2017 08:42:46,194,10.8,817.030,367.23,3.51,56,120,565
04/17/2017 08:42:56,172,10.9,819.570,367.50,3.51,57,118,565
04/17/2017 08:43:06,169,10.9,822.260,368.59,3.51,57,120,565
04/17/2017 08:43:16,164,10.8,824.910,366.44,3.51,56,119,565
04/17/2017 08:43:26,179,10.8,827.420,367.86,3.51,58,120,565
04/17/2017 08:43:36,183,10.9,830.030,366.69,3.50,58,118,565
04/17/2017 08:43:46,171,10.8,832.670,366.87,3.49,55,117,565
04/17/2017 08:43:56,181,10.8,835.210,366.76,3.48,55,118,565
04/17/2017 08:44:06,179,10.8,837.690,366.55,3.48,57,118,565
04/17/2017 08:44:16,177,10.9,840.360,365.56,3.48,54,122,565
04/17/2017 08:44:26,175,10.8,843.120,366.15,3.48,56,118,564
04/17/2017 08:44:36,170,10.9,845.520,365.11,3.48,56,118,565
04/17/2017 08:44:46,171,10.8,848.180,364.01,3.47,55,118,565
04/17/2017 08:44:56,178,10.9,850.750,364.29,3.45,53,118,565
04/17/2017 08:45:06,180,10.8,853.410,363.79,3.44,54,117,565
04/17/2017 08:45:16,185,10.8,856.060,362.68,3.44,52,115,565
04/17/2017 08:45:26,184,10.9,858.650,363.22,3.44,53,117,565
04/17/2017 08:45:36,168,10.8,861.240,361.74,3.43,54,121,565
04/17/2017 08:45:46,171,10.9,863.860,362.68,3.43,53,115,565
04/17/2017 08:45:56,174,10.9,866.400,361.98,3.43,53,117,565
04/17/2017 08:46:06,192,10.8,869.000,362.37,3.43,52,116,565
04/17/2017 08:46:16,196,10.8,871.590,361.24,3.43,52,117,565
04/17/2017 08:46:26,159,10.9,874.170,362.66,3.43,53,115,565
04/17/2017 08:46:36,172,10.8,876.740,361.89,3.43,53,119,565
04/17/2017 08:46:46,181,10.8,879.390,362.21,3.43,51,116,565
04/17/2017 08:46:56,194,10.8,881.960,362.14,3.42,52,117,565
04/17/2017 08:47:06,177,10.8,884.470,362.13,3.42,52,115,565
04/17/2017 08:47:16,205,10.8,887.010,362.27,3.42,50,117,565
04/17/2017 08:47:26,179,10.8,889.550,362.05,3.42,53,115,565
04/17/2017 08:47:36,179,10.8,892.150,361.39,3.42,53,117,565
04/17/2017 08:47:46,198,10.8,894.780,361.17,3.41,52,117,565
04/17/2017 08:47:56,202,10.8,897.360,361.92,3.41,53,115,565
04/17/2017 08:48:06,193,10.8,899.950,361.79,3.41,53,117,565
04/17/2017 08:48:16,187,10.8,902.450,361.58,3.40,51,117,565
04/17/2017 08:48:26,187,10.8,905.170,360.84,3.41,52,186,565
04/17/2017 08:48:36,171,10.9,907.740,361.01,3.40,53,118,565
04/17/2017 08:48:46,197,10.8,910.240,361.05,3.40,53,114,565
04/17/2017 08:48:56,174,10.9,912.900,360.54,3.40,53,116,565
04/17/2017 08:49:06,207,10.8,915.530,360.66,3.40,50,115,565
04/17/2017 08:49:16,186,10.8,918.120,361.80,3.39,52,118,565
04/17/2017 08:49:26,190,10.8,920.650,361.45,3.39,52,115,565
04/17/2017 08:49:36,180,10.9,923.290,361.45,3.39,52,118,565
04/17/2017 08:49:46,189,10.9,925.670,360.27,3.39,52,116,565
04/17/2017 08:49:56,190,10.8,928.340,361.22,3.39,50,116,565
04/17/2017 08:50:06,200,10.8,930.890,360.91,3.39,51,118,565
04/17/2017 08:50:16,199,10.8,933.520,361.33,3.39,53,114,565
04/17/2017 08:50:26,190,10.8,936.070,360.63,3.39,52,116,565
04/17/2017 08:50:36,172,10.8,938.690,360.37,3.39,53,115,565
04/17/2017 08:50:46,177,10.8,941.150,360.94,3.38,53,116,565
04/17/2017 08:50:56,205,10.8,943.800,361.66,3.38,53,117,565
04/17/2017 08:51:06,150,10.8,946.380,360.77,3.38,52,114,565
04/17/2017 08:51:16,177,10.8,948.840,360.95,3.38,52,117,565
04/17/2017 08:51:26,194,10.8,951.450,360.74,3.38,52,115,565
04/17/2017 08:51:36,168,10.8,954.010,360.84,3.38,53,116,565
04/17/2017 08:51:46,202,10.8,956.640,362.02,3.37,53,117,565
04/17/2017 08:51:56,173,10.9,959.280,362.21,3.37,53,118,565
04/17/2017 08:52:06,198,10.8,961.820,362.59,3.37,53,117,565
04/17/2017 08:52:16,199,10.8,964.360,361.60,3.37,53,117,565
04/17/2017 08:52:26,194,10.8,966.950,362.62,3.36,53,116,565
04/17/2017 08:52:36,190,10.8,969.560,362.62,3.36,53,116,565
04/17/2017 08:52:46,206,10.8,972.100,362.62,3.36,54,117,565
04/17/2017 08:52:56,206,10.8,974.590,362.38,3.36,53,117,565
04/17/2017 08:53:06,185,10.8,977.140,362.45,3.36,52,118,565
04/17/2017 08:53:16,201,10.9,979.710,362.80,3.36,52,126,565
04/17/2017 08:53:26,198,10.8,982.380,361.96,3.35,53,116,565
04/17/2017 08:53:36,173,10.9,984.870,362.82,3.35,52,117,565
04/17/2017 08:53:46,192,10.8,987.420,362.09,3.35,53,118,565
04/17/2017 08:53:56,190,10.9,989.970,363.17,3.36,51,116,565
04/17/2017 08:54:06,184,10.9,992.570,361.86,3.36,53,115,565
04/17/2017 08:54:16,189,10.8,995.170,361.95,3.36,53,118,565
04/17/2017 08:54:26,166,10.9,997.830,361.54,3.36,53,117,565
04/17/2017 08:54:36,182,10.9,1000.250,361.70,3.36,53,115,565
04/17/2017 08:54:46,173,10.9,1002.970,361.38,3.36,52,116,565
04/17/2017 08:54:56,200,10.8,1005.470,360.56,3.37,53,116,565
04/17/2017 08:55:06,210,10.9,1008.120,361.24,3.37,51,114,565
04/17/2017 08:55:16,203,10.8,1010.560,359.85,3.37,53,116,565
04/17/2017 08:55:26,168,10.8,1013.210,360.97,3.37,51,115,565
04/17/2017 08:55:36,181,10.9,1015.840,360.32,3.37,52,115,565
04/17/2017 08:55:46,167,10.9,1018.440,360.19,3.37,52,116,565
04/17/2017 08:55:56,173,10.9,1020.950,360.09,3.37,52,118,565
04/17/2017 08:56:06,193,10.8,1023.500,360.09,3.37,53,129,565
04/17/2017 08:56:16,197,10.8,1026.110,359.55,3.37,52,114,565
04/17/2017 08:56:26,177,10.8,1028.730,359.13,3.38,52,114,565
04/17/2017 08:56:36,205,10.8,1031.130,359.71,3.38,51,113,565
04/17/2017 08:56:46,189,10.8,1033.930,359.01,3.38,53,115,565
04/17/2017 08:56:56,191,10.8,1036.510,358.80,3.38,53,127,565
04/17/2017 08:57:06,178,10.8,1039.070,358.53,3.38,53,114,565
04/17/2017 08:57:16,187,10.8,1041.530,358.62,3.38,51,115,565
04/17/2017 08:57:26,167,10.8,1044.220,359.10,3.38,52,117,565
04/17/2017 08:57:36,173,10.8,1046.690,358.51,3.37,52,114,565
04/17/2017 08:57:46,197,10.8,1049.360,358.20,3.37,52,114,565
04/17/2017 08:57:56,186,10.8,1051.920,358.21,3.37,52,114,565
04/17/2017 08:58:06,154,10.8,1054.460,358.59,3.37,52,112,565
04/17/2017 08:58:16,167,10.9,1057.130,358.19,3.37,52,114,565
04/17/2017 08:58:26,136,10.8,1059.530,358.65,3.37,53,113,565
04/17/2017 08:58:36,166,10.8,1062.100,358.49,3.37,53,115,565
04/17/2017 08:58:46,202,10.8,1064.670,358.58,3.37,53,113,565
04/17/2017 08:58:56,173,10.8,1067.240,357.85,3.37,53,114,565
04/17/2017 08:59:06,181,10.8,1069.680,357.22,3.37,54,116,565
04/17/2017 08:59:16,173,10.8,1072.210,357.53,3.37,54,116,565
04/17/2017 08:59:26,181,10.9,1074.890,357.85,3.37,51,114,565
04/17/2017 08:59:36,180,10.8,1077.470,358.05,3.37,52,114,565
04/17/2017 08:59:46,159,10.9,1079.990,357.93,3.37,51,112,565
04/17/2017 08:59:56,163,10.9,1082.570,357.93,3.37,53,113,565
04/17/2017 09:00:06,185,10.8,1085.170,357.09,3.37,53,115,565
04/17/2017 09:00:16,174,10.9,1087.750,357.73,3.37,53,115,565
04/17/2017 09:00:26,178,10.8,1090.360,357.75,3.36,52,118,565
04/17/2017 09:00:36,167,10.9,1092.900,356.97,3.36,52,114,565
04/17/2017 09:00:46,175,10.8,1095.400,357.87,3.35,52,113,565
04/17/2017 09:00:56,157,10.9,1097.960,356.61,3.36,52,113,565
04/17/2017 09:01:06,186,10.8,1100.570,357.50,3.36,50,114,565
04/17/2017 09:01:16,180,10.9,1103.170,357.72,3.35,53,112,565
04/17/2017 09:01:26,182,10.9,1105.710,358.32,3.34,51,113,565
04/17/2017 09:01:36,182,10.8,1108.340,358.25,3.33,52,115,565
04/17/2017 09:01:46,171,10.9,1110.990,358.71,3.33,51,117,565
04/17/2017 09:01:56,159,10.8,1113.410,358.08,3.34,51,114,565
04/17/2017 09:02:06,171,10.9,1116.190,358.61,3.33,53,114,565
04/17/2017 09:02:16,170,10.9,1118.590,358.11,3.33,52,115,565
04/17/2017 09:02:26,182,10.9,1121.180,358.57,3.33,52,113,565
04/17/2017 09:02:36,167,10.9,1123.840,358.54,3.33,52,113,565
04/17/2017 09:02:46,171,10.8,1126.340,358.93,3.33,53,112,565
04/17/2017 09:02:56,187,10.8,1128.880,358.95,3.33,52,115,565
04/17/2017 09:03:06,175,10.9,1131.600,358.63,3.33,52,113,565
04/17/2017 09:03:16,162,10.8,1134.130,358.63,3.33,53,113,565
04/17/2017 09:03:26,186,10.8,1136.590,358.92,3.33,51,114,565
04/17/2017 09:03:36,201,10.8,1139.180,357.63,3.33,53,115,565
04/17/2017 09:03:46,190,10.8,1141.840,357.45,3.33,52,114,565
04/17/2017 09:03:56,180,10.9,1144.370,357.63,3.33,52,115,565
04/17/2017 09:04:06,173,10.9,1146.810,357.73,3.33,52,114,565
04/17/2017 09:04:16,167,10.8,1149.400,357.58,3.33,51,118,565
04/17/2017 09:04:26,171,10.8,1151.970,357.35,3.33,52,114,565
04/17/2017 09:04:36,172,10.9,1154.520,358.74,3.32,52,114,565
04/17/2017 09:04:46,187,10.9,1157.180,358.14,3.32,53,114,565
04/17/2017 09:04:56,150,10.9,1159.770,358.50,3.32,52,115,565
04/17/2017 09:05:06,175,10.9,1162.260,358.56,3.32,51,110,565
04/17/2017 09:05:16,151,10.9,1164.850,358.16,3.32,51,114,565
04/17/2017 09:05:26,181,10.8,1167.420,358.51,3.32,51,115,565
04/17/2017 09:05:36,155,10.9,1170.070,358.19,3.32,52,113,565
04/17/2017 09:05:46,167,10.9,1172.570,358.60,3.32,51,114,565
04/17/2017 09:05:56,199,10.8,1175.060,357.79,3.32,52,114,565
04/17/2017 09:06:06,184,10.8,1177.720,358.10,3.32,51,113,565
04/17/2017 09:06:16,190,10.8,1180.190,358.84,3.32,52,112,565
04/17/2017 09:06:26,195,10.8,1182.930,357.51,3.32,52,112,565
04/17/2017 09:06:36,172,10.8,1185.480,357.86,3.32,51,112,565
04/17/2017 09:06:46,178,10.8,1187.920,357.24,3.32,51,114,565
04/17/2017 09:06:56,193,10.8,1190.490,358.20,3.32,52,113,565
04/17/2017 09:07:06,184,10.8,1193.140,358.28,3.32,51,111,565
04/17/2017 09:07:16,197,10.8,1195.750,358.19,3.32,52,113,565
04/17/2017 09:07:26,196,10.8,1198.340,358.17,3.32,52,113,565
04/17/2017 09:07:36,180,10.8,1200.910,358.13,3.32,52,113,565
04/17/2017 09:07:46,162,10.9,1203.440,358.16,3.32,52,112,565
04/17/2017 09:07:56,174,10.9,1205.950,357.38,3.32,54,113,565
04/17/2017 09:08:06,183,10.9,1208.580,357.32,3.32,52,113,565
04/17/2017 09:08:16,194,10.8,1211.190,358.35,3.32,53,114,565
04/17/2017 09:08:26,169,10.9,1213.730,357.83,3.32,53,113,565
04/17/2017 09:08:36,187,10.8,1216.320,357.75,3.32,51,113,565
04/17/2017 09:08:46,195,10.8,1218.960,357.65,3.32,53,113,565
04/17/2017 09:08:56,195,10.8,1221.420,356.67,3.32,51,114,565
04/17/2017 09:09:06,181,10.8,1223.920,356.52,3.33,54,115,565
04/17/2017 09:09:16,170,10.8,1226.530,357.13,3.33,52,114,565
04/17/2017 09:09:26,188,10.8,1229.100,356.88,3.33,53,116,565
04/17/2017 09:09:36,191,10.8,1231.710,356.75,3.33,52,114,565
04/17/2017 09:09:46,199,10.8,1234.150,356.73,3.33,52,116,565
04/17/2017 09:09:56,156,10.9,1236.780,356.96,3.33,53,113,565
04/17/2017 09:10:06,192,10.9,1239.360,357.30,3.33,52,114,565
04/17/2017 09:10:16,160,10.9,1241.910,357.16,3.33,52,115,565
04/17/2017 09:10:26,169,10.8,1244.360,357.14,3.33,51,116,565
04/17/2017 09:10:36,172,10.8,1247.140,356.89,3.33,53,114,565
04/17/2017 09:10:46,182,10.9,1249.540,356.24,3.33,52,112,565
04/17/2017 09:10:56,189,10.8,1252.160,356.77,3.33,53,112,565
04/17/2017 09:11:06,189,10.9,1254.780,357.32,3.33,52,113,565
04/17/2017 09:11:16,187,10.8,1257.220,355.99,3.33,52,113,565
04/17/2017 09:11:26,160,10.9,1259.720,356.11,3.33,53,112,565
04/17/2017 09:11:36,187,10.8,1262.280,355.70,3.33,53,112,565
04/17/2017 09:11:46,188,10.8,1264.860,356.50,3.34,53,113,565
04/17/2017 09:11:56,179,10.9,1267.550,355.50,3.34,53,114,565
04/17/2017 09:12:06,183,10.9,1270.020,355.59,3.34,52,113,565
04/17/2017 09:12:16,190,10.8,1272.630,355.77,3.34,53,112,565
04/17/2017 09:12:26,203,10.8,1275.090,354.57,3.34,52,113,565
04/17/2017 09:12:36,204,10.8,1277.640,354.55,3.34,52,116,565
04/17/2017 09:12:46,179,10.9,1280.260,354.22,3.35,53,114,565
04/17/2017 09:12:56,190,10.8,1282.970,354.49,3.35,51,115,565
04/17/2017 09:13:06,183,10.8,1285.420,354.56,3.35,53,118,565
04/17/2017 09:13:16,201,10.8,1288.070,353.68,3.35,52,112,565
04/17/2017 09:13:26,178,10.9,1290.480,354.09,3.35,52,113,565
04/17/2017 09:13:36,178,10.8,1293.120,353.92,3.35,51,111,565
04/17/2017 09:13:46,173,10.9,1295.590,353.69,3.35,52,113,565
04/17/2017 09:13:56,201,10.8,1298.010,352.94,3.36,52,113,565
04/17/2017 09:14:06,167,10.9,1300.730,352.51,3.36,52,112,565
04/17/2017 09:14:16,186,10.9,1303.130,352.54,3.37,52,114,565
04/17/2017 09:14:26,189,10.9,1305.730,352.52,3.37,52,113,565
04/17/2017 09:14:36,191,10.8,1308.210,351.99,3.37,52,113,565
04/17/2017 09:14:46,184,10.9,1310.810,352.07,3.37,51,114,565
04/17/2017 09:14:56,191,10.8,1313.320,351.90,3.37,53,112,565
04/17/2017 09:15:06,206,10.8,1315.960,351.48,3.37,54,114,565
04/17/2017 09:15:16,194,10.8,1318.380,351.56,3.38,52,113,565
04/17/2017 09:15:26,204,10.8,1320.930,351.35,3.38,54,113,565
04/17/2017 09:15:36,213,10.8,1323.470,351.68,3.38,52,114,565
04/17/2017 09:15:46,198,10.8,1326.040,350.28,3.39,52,112,565
04/17/2017 09:15:56,201,10.8,1328.720,349.74,3.39,55,114,565
04/17/2017 09:16:06,199,10.9,1331.010,349.06,3.41,52,115,565
04/17/2017 09:16:16,173,10.9,1333.650,348.73,3.42,53,114,565
04/17/2017 09:16:26,203,10.8,1336.150,348.51,3.42,52,113,565
04/17/2017 09:16:36,177,10.9,1338.670,346.97,3.43,52,114,565
04/17/2017 09:16:46,208,10.8,1341.100,346.34,3.43,52,113,565
04/17/2017 09:16:56,198,10.8,1343.800,346.43,3.43,51,114,565
04/17/2017 09:17:06,191,10.9,1346.260,346.55,3.42,52,113,565
04/17/2017 09:17:16,178,10.9,1348.760,346.86,3.42,52,114,565
04/17/2017 09:17:26,199,10.8,1351.220,346.56,3.42,51,113,565
04/17/2017 09:17:36,195,10.9,1353.830,345.97,3.43,52,113,565
04/17/2017 09:17:46,180,10.8,1356.370,345.42,3.43,52,115,565
04/17/2017 09:17:56,187,10.8,1358.790,345.30,3.43,53,113,565
04/17/2017 09:18:06,184,10.9,1361.360,346.15,3.44,52,113,565
04/17/2017 09:18:16,199,10.8,1363.830,344.87,3.44,53,113,565
04/17/2017 09:18:26,217,10.8,1366.460,344.24,3.44,53,113,565
04/17/2017 09:18:36,222,10.8,1369.040,344.47,3.45,52,113,565
04/17/2017 09:18:46,184,10.8,1371.510,343.53,3.46,52,114,565
04/17/2017 09:18:56,209,10.8,1374.050,342.67,3.46,53,116,565
04/17/2017 09:19:06,239,10.8,1376.570,342.32,3.47,52,113,565
04/17/2017 09:19:16,211,10.8,1379.090,341.59,3.47,54,113,565
04/17/2017 09:19:26,197,10.9,1381.630,341.62,3.50,53,114,565
04/17/2017 09:19:36,208,10.8,1384.180,340.03,3.51,52,112,565
04/17/2017 09:19:46,184,10.9,1386.710,339.67,3.51,53,112,565
04/17/2017 09:19:56,195,10.9,1389.170,339.17,3.50,52,113,565
04/17/2017 09:20:06,188,10.8,1391.530,339.32,3.49,53,113,565
04/17/2017 09:20:16,185,10.8,1394.190,340.18,3.49,53,119,565
04/17/2017 09:20:26,204,10.8,1396.560,339.68,3.49,53,113,565
04/17/2017 09:20:36,214,10.8,1399.070,339.31,3.50,52,114,565
04/17/2017 09:20:46,207,10.8,1401.690,338.28,3.50,53,113,565
04/17/2017 09:20:56,207,10.8,1404.140,338.32,3.50,53,113,565
04/17/2017 09:21:06,204,10.8,1406.740,337.68,3.51,52,113,565
04/17/2017 09:21:16,209,10.8,1409.210,337.95,3.51,54,113,565
04/17/2017 09:21:26,215,10.8,1411.730,337.60,3.52,53,115,565
04/17/2017 09:21:36,205,10.8,1414.040,336.11,3.53,53,116,565
04/17/2017 09:21:46,196,10.8,1416.660,335.34,3.53,52,114,565
04/17/2017 09:21:56,171,10.8,1419.060,335.43,3.53,52,113,565
04/17/2017 09:22:06,193,10.8,1421.620,335.23,3.54,53,114,565
04/17/2017 09:22:16,190,10.8,1424.030,334.53,3.54,52,113,565
04/17/2017 09:22:26,208,10.8,1426.690,334.82,3.54,52,113,565
04/17/2017 09:22:36,235,10.8,1429.140,334.31,3.54,51,113,565
04/17/2017 09:22:46,196,10.8,1431.570,334.32,3.56,52,113,565
04/17/2017 09:22:56,200,10.8,1434.080,333.43,3.57,52,113,565
04/17/2017 09:23:06,191,10.8,1436.590,332.52,3.57,52,113,565
04/17/2017 09:23:16,229,10.8,1439.230,332.45,3.57,53,115,565
04/17/2017 09:23:26,222,10.8,1441.590,332.16,3.57,53,113,565
04/17/2017 09:23:36,217,10.8,1444.020,330.97,3.57,52,114,565
04/17/2017 09:23:46,177,10.8,1446.640,331.48,3.57,52,116,565
04/17/2017 09:23:56,208,10.8,1449.130,331.47,3.57,54,112,565
04/17/2017 09:24:06,201,10.8,1451.460,330.71,3.58,53,113,565
04/17/2017 09:24:16,209,10.8,1454.120,331.44,3.58,52,113,565
04/17/2017 09:24:26,197,10.9,1456.740,331.14,3.58,52,115,565
04/17/2017 09:24:36,226,10.8,1459.220,331.09,3.58,52,114,565
04/17/2017 09:24:46,174,10.8,1461.650,330.61,3.58,53,112,565
04/17/2017 09:24:56,194,10.8,1464.180,330.61,3.58,52,115,565
04/17/2017 09:25:06,207,10.8,1466.640,330.63,3.58,53,115,565
04/17/2017 09:25:16,191,10.8,1469.110,330.68,3.58,53,114,565
04/17/2017 09:25:26,218,10.8,1471.660,330.87,3.58,53,115,565
04/17/2017 09:25:36,186,10.9,1474.220,329.67,3.58,53,116,565
04/17/2017 09:25:46,206,10.8,1476.780,329.54,3.58,53,114,565
04/17/2017 09:25:56,230,10.8,1479.360,330.21,3.58,52,113,565
04/17/2017 09:26:06,174,10.8,1481.890,329.82,3.58,54,114,565
04/17/2017 09:26:16,185,10.8,1484.410,328.59,3.58,51,114,565
04/17/2017 09:26:26,198,10.8,1486.940,329.65,3.58,52,115,565
04/17/2017 09:26:36,195,10.8,1489.320,329.14,3.58,52,113,565
04/17/2017 09:26:46,176,10.9,1491.920,329.10,3.58,53,114,565
04/17/2017 09:26:56,187,10.8,1494.390,329.17,3.57,53,113,565
04/17/2017 09:27:06,192,10.8,1496.930,328.96,3.57,52,114,565
04/17/2017 09:27:16,211,10.8,1499.330,328.55,3.57,52,114,565
04/17/2017 09:27:26,214,10.8,1501.910,328.75,3.57,52,114,565
04/17/2017 09:27:36,206,10.8,1504.510,328.06,3.57,52,115,565
04/17/2017 09:27:46,203,10.8,1506.860,328.95,3.57,52,114,565
04/17/2017 09:27:56,212,10.8,1509.380,328.96,3.57,53,113,565
04/17/2017 09:28:06,204,10.8,1511.960,328.23,3.57,53,113,565
04/17/2017 09:28:16,204,10.8,1514.410,327.63,3.57,53,115,565
04/17/2017 09:28:26,193,10.8,1517.130,328.05,3.56,53,115,565
04/17/2017 09:28:36,212,10.8,1519.560,327.24,3.56,52,114,565
04/17/2017 09:28:46,214,10.8,1522.130,328.20,3.56,52,119,565
04/17/2017 09:28:56,197,10.8,1524.590,327.74,3.55,52,116,565
04/17/2017 09:29:06,212,10.8,1527.160,326.86,3.55,55,114,565
04/17/2017 09:29:16,193,10.8,1529.650,326.97,3.55,54,114,565
04/17/2017 09:29:26,177,10.9,1532.220,327.14,3.54,52,113,565
04/17/2017 09:29:36,213,10.8,1534.610,326.30,3.54,53,118,564
04/17/2017 09:29:46,207,10.8,1537.250,326.28,3.53,54,113,565
04/17/2017 09:29:56,222,10.8,1539.770,327.04,3.53,54,113,565
04/17/2017 09:30:06,200,10.9,1542.310,327.03,3.53,53,112,564
04/17/2017 09:30:16,200,10.8,1544.810,326.16,3.53,53,114,565
04/17/2017 09:30:26,210,10.8,1547.270,325.83,3.52,52,113,565
04/17/2017 09:30:36,188,10.8,1549.780,326.44,3.52,52,115,565
04/17/2017 09:30:46,189,10.8,1552.300,326.30,3.52,54,114,565
04/17/2017 09:30:56,201,10.8,1555.020,326.00,3.52,53,113,565
04/17/2017 09:31:06,202,10.8,1557.360,326.43,3.53,52,113,565
04/17/2017 09:31:16,212,10.8,1559.960,326.04,3.52,53,115,564
04/17/2017 09:31:26,196,10.8,1562.560,327.25,3.52,53,114,564
04/17/2017 09:31:36,208,10.8,1565.040,325.65,3.52,54,113,565
04/17/2017 09:31:46,191,10.8,1567.530,326.14,3.52,53,114,565
04/17/2017 09:31:56,216,10.8,1570.070,325.47,3.52,52,113,565
04/17/2017 09:32:06,208,10.8,1572.510,326.80,3.51,53,113,565
04/17/2017 09:32:16,207,10.8,1575.160,327.07,3.51,52,114,565
04/17/2017 09:32:26,140,10.9,1577.510,326.34,3.51,52,112,565
04/17/2017 09:32:36,220,10.8,1580.000,325.58,3.51,52,114,565
04/17/2017 09:32:46,213,10.8,1582.580,326.23,3.51,54,116,565
04/17/2017 09:32:56,201,10.8,1584.920,325.65,3.51,52,115,565
04/17/2017 09:33:06,198,10.8,1587.450,325.98,3.52,55,114,565
04/17/2017 09:33:16,201,10.8,1589.880,325.70,3.52,52,114,565
04/17/2017 09:33:26,210,10.8,1592.560,325.95,3.53,51,115,565
04/17/2017 09:33:36,218,10.9,1595.010,325.82,3.53,54,114,565
04/17/2017 09:33:46,140,10.9,1597.420,325.95,3.53,53,113,565
04/17/2017 09:33:56,235,10.8,1600.020,325.58,3.52,53,113,565
04/17/2017 09:34:06,190,10.8,1602.360,325.58,3.52,53,115,565
04/17/2017 09:34:16,195,10.8,1604.930,325.55,3.52,53,112,565
04/17/2017 09:34:26,221,10.8,1607.420,325.62,3.51,53,120,565
04/17/2017 09:34:36,210,10.8,1609.930,325.75,3.51,54,118,565
04/17/2017 09:34:46,200,10.9,1612.490,324.85,3.50,52,113,564
04/17/2017 09:34:56,206,10.9,1614.890,325.38,3.50,54,115,565
04/17/2017 09:35:06,198,10.8,1617.390,325.27,3.49,53,124,565
04/17/2017 09:35:16,226,10.8,1619.790,325.87,3.49,54,114,565
04/17/2017 09:35:26,186,10.9,1622.240,326.01,3.48,54,113,565
04/17/2017 09:35:36,212,10.8,1624.760,326.20,3.48,52,115,565
04/17/2017 09:35:46,158,10.9,1627.040,325.90,3.48,53,113,565
04/17/2017 09:35:56,115,10.9,1629.130,326.11,3.48,53,117,565
04/17/2017 09:36:06,162,10.8,1631.020,325.94,3.48,54,114,565
04/17/2017 09:36:16,187,10.9,1633.380,326.52,3.48,53,114,565
04/17/2017 09:36:26,234,10.9,1635.610,326.25,3.48,52,114,565
04/17/2017 09:36:36,179,10.9,1638.090,326.87,3.48,53,116,565
04/17/2017 09:36:46,218,10.8,1640.490,326.32,3.48,53,112,565
04/17/2017 09:36:56,188,10.9,1642.960,326.27,3.48,54,112,565
04/17/2017 09:37:06,208,10.8,1645.230,325.72,3.48,52,115,565
04/17/2017 09:37:16,178,10.9,1647.770,325.23,3.48,52,114,565
04/17/2017 09:37:26,202,10.8,1650.150,325.23,3.48,52,113,565
04/17/2017 09:37:36,221,10.9,1652.580,325.60,3.47,52,113,565
04/17/2017 09:37:46,234,10.8,1655.070,325.49,3.47,52,115,565
04/17/2017 09:37:56,205,10.8,1657.480,324.94,3.47,53,115,565
04/17/2017 09:38:06,189,10.8,1659.790,326.35,3.47,54,113,565
04/17/2017 09:38:16,183,10.8,1662.390,325.56,3.46,54,114,565
04/17/2017 09:38:26,234,10.8,1664.720,325.88,3.46,53,112,565
04/17/2017 09:38:36,205,10.8,1667.030,326.50,3.45,53,115,565
04/17/2017 09:38:46,198,10.9,1669.600,326.11,3.45,54,117,565
04/17/2017 09:38:56,144,10.8,1671.900,326.42,3.45,54,114,565
04/17/2017 09:39:06,189,10.8,1674.240,326.09,3.45,52,115,565
04/17/2017 09:39:16,205,10.8,1676.580,325.00,3.45,53,114,565
04/17/2017 09:39:26,192,10.8,1679.020,325.73,3.44,53,114,565
04/17/2017 09:39:36,210,10.8,1681.480,325.12,3.44,53,114,565
04/17/2017 09:39:46,208,10.8,1683.850,325.77,3.44,54,114,565
04/17/2017 09:39:56,227,10.8,1686.230,325.82,3.44,53,113,565
04/17/2017 09:40:06,208,10.8,1688.660,325.50,3.44,52,112,565
04/17/2017 09:40:16,211,10.8,1691.090,325.25,3.43,52,112,565
04/17/2017 09:40:26,174,10.8,1693.630,325.67,3.43,53,113,565
04/17/2017 09:40:36,205,10.8,1696.040,325.27,3.42,52,114,565
04/17/2017 09:40:46,231,10.8,1698.250,324.73,3.42,51,114,565
04/17/2017 09:40:56,236,10.8,1700.600,325.38,3.41,53,111,565
04/17/2017 09:41:06,247,10.8,1703.050,325.24,3.41,53,112,565
04/17/2017 09:41:16,215,10.8,1705.370,325.13,3.41,53,119,565
04/17/2017 09:41:26,245,10.8,1707.920,324.87,3.41,53,115,565
04/17/2017 09:41:36,168,10.8,1710.080,325.16,3.40,53,112,565
04/17/2017 09:41:46,222,10.8,1712.380,325.79,3.39,52,114,565
04/17/2017 09:41:56,264,10.8,1714.540,324.43,3.39,52,113,565
04/17/2017 09:42:06,224,10.8,1716.780,325.05,3.39,53,120,565
04/17/2017 09:42:16,195,10.9,1718.920,325.02,3.39,53,111,565
04/17/2017 09:42:26,207,10.8,1721.200,325.06,3.38,52,114,565
04/17/2017 09:42:36,204,10.8,1723.490,324.97,3.38,54,113,565
04/17/2017 09:42:46,134,10.8,1725.740,324.50,3.38,53,114,565
04/17/2017 09:42:56,270,10.8,1727.990,325.55,3.38,53,115,565
04/17/2017 09:43:06,237,10.8,1730.300,325.36,3.38,53,113,565
04/17/2017 09:43:16,260,10.8,1732.730,325.11,3.38,52,114,565
04/17/2017 09:43:26,214,10.8,1735.090,325.15,3.37,52,112,565
04/17/2017 09:43:36,221,10.8,1737.150,325.03,3.37,53,114,565
04/17/2017 09:43:46,184,10.8,1739.330,325.02,3.37,53,116,565
04/17/2017 09:43:56,311,10.8,1741.310,325.70,3.37,55,121,565
04/17/2017 09:44:06,219,10.8,1743.560,325.89,3.36,53,115,565
04/17/2017 09:44:16,245,10.8,1745.730,325.51,3.36,54,115,565
04/17/2017 09:44:26,175,10.9,1748.030,325.34,3.37,53,113,565
04/17/2017 09:44:36,210,10.8,1750.210,325.82,3.36,53,115,565
04/17/2017 09:44:46,159,10.8,1752.540,326.06,3.35,53,115,565
04/17/2017 09:44:56,241,10.8,1754.720,325.84,3.35,53,115,565
04/17/2017 09:45:06,228,10.8,1757.050,326.21,3.35,52,117,565
04/17/2017 09:45:16,216,10.8,1759.390,325.44,3.35,52,114,565
04/17/2017 09:45:26,240,10.9,1761.720,325.81,3.35,52,115,565
04/17/2017 09:45:36,183,10.8,1763.850,326.14,3.35,53,113,565
04/17/2017 09:45:46,214,10.8,1766.180,326.09,3.35,54,112,565
04/17/2017 09:45:56,250,10.8,1768.420,325.78,3.35,53,113,565
04/17/2017 09:46:06,198,10.8,1770.820,325.16,3.35,54,114,565
04/17/2017 09:46:16,184,10.9,1773.270,326.01,3.35,52,114,565
04/17/2017 09:46:26,227,10.8,1775.650,325.24,3.35,53,114,565
04/17/2017 09:46:36,207,10.8,1778.210,324.98,3.35,53,112,565
04/17/2017 09:46:46,217,10.8,1780.460,326.08,3.35,54,113,565
04/17/2017 09:46:56,152,10.8,1782.830,325.63,3.34,53,113,565
04/17/2017 09:47:06,203,10.8,1785.160,325.30,3.34,52,114,565
04/17/2017 09:47:16,254,10.8,1787.510,325.23,3.34,54,112,565
04/17/2017 09:47:26,222,10.8,1789.970,324.92,3.34,54,112,565
04/17/2017 09:47:36,173,10.8,1792.520,325.31,3.33,52,113,565
04/17/2017 09:47:46,219,10.8,1794.800,325.35,3.33,53,114,565
04/17/2017 09:47:56,228,10.8,1797.290,325.53,3.33,52,113,565
04/17/2017 09:48:06,218,10.8,1799.710,325.38,3.33,53,112,565
04/17/2017 09:48:16,199,10.8,1802.170,324.71,3.32,54,113,565
04/17/2017 09:48:26,202,10.8,1804.620,325.34,3.32,53,112,565
04/17/2017 09:48:36,222,10.8,1806.950,324.95,3.32,52,113,565
04/17/2017 09:48:46,210,10.8,1809.370,325.46,3.32,54,112,565
04/17/2017 09:48:56,215,10.8,1811.780,324.16,3.32,51,113,565
04/17/2017 09:49:06,212,10.8,1814.220,325.05,3.32,52,113,565
04/17/2017 09:49:16,207,10.8,1816.690,324.29,3.32,53,113,565
04/17/2017 09:49:26,214,10.8,1819.120,325.31,3.32,53,112,565
04/17/2017 09:49:36,208,10.8,1821.550,324.21,3.32,55,111,565
04/17/2017 09:49:46,200,10.8,1823.990,324.78,3.32,52,112,565
04/17/2017 09:49:56,131,10.8,1826.320,324.62,3.32,51,116,565
04/17/2017 09:50:06,211,10.8,1828.760,324.87,3.32,53,113,565
04/17/2017 09:50:16,209,10.8,1831.090,324.32,3.31,52,113,565
04/17/2017 09:50:26,222,10.8,1833.650,325.18,3.30,54,111,565
04/17/2017 09:50:36,202,10.8,1835.910,324.70,3.30,52,112,565
04/17/2017 09:50:46,200,10.9,1838.390,324.90,3.30,53,111,565
04/17/2017 09:50:56,178,10.8,1840.590,325.63,3.29,53,112,565
04/17/2017 09:51:06,216,10.9,1842.690,324.55,3.29,53,111,565
04/17/2017 09:51:16,204,10.9,1845.010,325.01,3.29,53,114,565
04/17/2017 09:51:26,192,10.8,1847.420,325.02,3.28,53,112,565
04/17/2017 09:51:36,205,10.8,1849.640,324.47,3.28,54,113,565
04/17/2017 09:51:46,193,10.9,1852.130,325.17,3.28,52,113,565
04/17/2017 09:51:56,217,10.8,1854.530,325.02,3.28,54,113,565
04/17/2017 09:52:06,219,10.8,1856.890,325.69,3.28,52,112,565
04/17/2017 09:52:16,200,10.8,1859.250,325.19,3.27,52,113,565
04/17/2017 09:52:26,238,10.8,1861.820,325.18,3.27,53,111,565
04/17/2017 09:52:36,217,10.9,1864.070,325.63,3.26,52,113,565
04/17/2017 09:52:46,217,10.8,1866.450,325.16,3.26,52,113,565
04/17/2017 09:52:56,223,10.8,1868.790,324.92,3.26,53,115,565
04/17/2017 09:53:06,223,10.8,1871.210,324.73,3.26,53,113,565
04/17/2017 09:53:16,203,10.9,1873.700,324.94,3.26,52,113,565
04/17/2017 09:53:26,214,10.8,1876.140,325.03,3.26,54,113,565
04/17/2017 09:53:36,211,10.8,1878.580,324.96,3.25,54,113,565
04/17/2017 09:53:46,237,10.8,1881.000,325.24,3.25,52,115,565
04/17/2017 09:53:56,206,10.8,1883.400,325.58,3.23,55,114,565
04/17/2017 09:54:06,201,10.9,1885.790,326.02,3.23,51,116,565
04/17/2017 09:54:16,191,10.8,1888.170,325.91,3.22,52,116,565
04/17/2017 09:54:26,199,10.9,1890.700,325.86,3.22,52,114,565
04/17/2017 09:54:36,243,10.8,1892.900,325.68,3.21,52,113,565
04/17/2017 09:54:46,168,10.8,1895.220,325.90,3.21,52,115,565
04/17/2017 09:54:56,228,10.9,1897.270,326.47,3.20,54,115,565
04/17/2017 09:55:06,216,10.8,1899.390,326.32,3.20,53,118,565
04/17/2017 09:55:16,257,10.8,1901.980,326.60,3.20,52,116,565
04/17/2017 09:55:26,191,10.8,1904.200,326.14,3.19,52,114,565
04/17/2017 09:55:36,231,10.8,1906.610,326.45,3.19,53,116,565
04/17/2017 09:55:46,188,10.9,1909.000,325.91,3.19,53,117,565
04/17/2017 09:55:56,177,10.8,1911.320,326.34,3.19,52,116,565
04/17/2017 09:56:06,224,10.8,1913.870,326.18,3.19,53,115,565
04/17/2017 09:56:16,214,10.8,1916.190,326.23,3.19,54,115,565
04/17/2017 09:56:26,216,10.9,1918.560,325.85,3.18,53,114,565
04/17/2017 09:56:36,253,10.8,1920.700,326.70,3.18,52,115,565
04/17/2017 09:56:46,227,10.9,1923.070,326.02,3.18,54,114,565
04/17/2017 09:56:56,210,10.8,1925.590,326.86,3.18,54,114,565
04/17/2017 09:57:06,240,10.8,1927.910,326.47,3.18,54,117,565
04/17/2017 09:57:16,270,10.8,1930.300,326.17,3.18,52,116,565
04/17/2017 09:57:26,206,10.8,1932.670,326.34,3.18,52,115,565
04/17/2017 09:57:36,188,10.8,1935.140,326.16,3.18,52,115,565
04/17/2017 09:57:46,181,10.9,1937.440,326.58,3.17,53,115,565
04/17/2017 09:57:56,211,10.8,1939.770,325.63,3.17,53,115,565
04/17/2017 09:58:06,226,10.8,1942.190,326.91,3.17,52,115,565
04/17/2017 09:58:16,201,10.8,1944.510,326.34,3.16,53,115,565
04/17/2017 09:58:26,222,10.8,1947.110,326.59,3.16,52,116,565
04/17/2017 09:58:36,211,10.8,1949.330,326.71,3.15,53,115,565
04/17/2017 09:58:46,208,10.8,1951.830,326.85,3.15,54,116,565
04/17/2017 09:58:56,197,10.9,1954.150,326.60,3.15,54,116,565
04/17/2017 09:59:06,211,10.8,1956.460,326.79,3.15,54,118,565
04/17/2017 09:59:16,221,10.8,1958.880,326.50,3.14,53,117,565
04/17/2017 09:59:26,210,10.8,1961.250,327.77,3.13,54,117,565
04/17/2017 09:59:36,201,10.8,1963.680,327.59,3.13,54,118,565
04/17/2017 09:59:46,229,10.8,1966.070,327.03,3.12,51,119,565
04/17/2017 09:59:56,231,10.8,1968.220,327.76,3.11,54,123,565
04/17/2017 10:00:06,185,10.8,1970.540,327.57,3.11,54,117,565
04/17/2017 10:00:16,211,10.8,1972.890,327.92,3.11,52,117,565
04/17/2017 10:00:26,211,10.8,1975.350,328.10,3.11,52,117,565
04/17/2017 10:00:36,186,10.9,1977.650,327.97,3.11,52,119,565
04/17/2017 10:00:46,219,10.8,1979.970,327.74,3.09,53,118,565
04/17/2017 10:00:56,215,10.8,1982.410,328.51,3.08,52,120,565
04/17/2017 10:01:06,169,10.8,1984.740,329.14,3.07,53,121,565
04/17/2017 10:01:16,197,10.8,1987.020,328.90,3.07,53,122,565
04/17/2017 10:01:26,220,10.9,1989.370,327.87,3.07,52,119,565
04/17/2017 10:01:36,176,10.8,1991.690,328.73,3.07,51,120,565
04/17/2017 10:01:46,220,10.8,1994.150,328.93,3.07,52,124,565
04/17/2017 10:01:56,198,10.8,1996.400,329.17,3.07,53,123,565
04/17/2017 10:02:06,217,10.8,1998.740,328.95,3.06,53,122,565
04/17/2017 10:02:16,202,10.8,2001.250,329.28,3.05,53,120,565
04/17/2017 10:02:26,203,10.8,2003.650,329.17,3.04,52,124,565
04/17/2017 10:02:36,222,10.8,2006.040,330.44,3.03,54,123,565
04/17/2017 10:02:46,208,10.8,2008.410,330.85,3.02,53,124,565
04/17/2017 10:02:56,225,10.8,2010.930,331.09,3.02,53,124,565
04/17/2017 10:03:06,202,10.8,2013.270,330.60,3.03,52,123,565
04/17/2017 10:03:16,188,10.8,2015.660,330.53,3.03,53,123,565
04/17/2017 10:03:26,224,10.8,2018.150,329.49,3.03,53,123,565
04/17/2017 10:03:36,201,10.8,2020.420,330.60,3.03,53,129,565
04/17/2017 10:03:46,221,10.8,2022.870,329.95,3.03,53,129,565
04/17/2017 10:03:56,211,10.8,2025.340,329.61,3.03,53,122,565
04/17/2017 10:04:06,245,10.8,2027.800,328.91,3.03,52,119,565
04/17/2017 10:04:16,208,10.8,2030.190,328.81,3.02,53,124,565
04/17/2017 10:04:26,229,10.8,2032.570,329.41,3.02,53,123,565
04/17/2017 10:04:36,179,10.8,2035.020,328.98,3.02,52,120,565
04/17/2017 10:04:46,200,10.9,2037.360,328.49,3.02,53,120,565
04/17/2017 10:04:56,235,10.9,2039.730,328.47,3.02,54,119,565
04/17/2017 10:05:06,188,10.8,2042.140,328.25,3.02,53,119,565
04/17/2017 10:05:16,234,10.8,2044.390,327.37,3.02,52,115,565
04/17/2017 10:05:26,191,10.9,2046.680,327.11,3.02,52,116,565
04/17/2017 10:05:36,217,10.8,2049.290,326.18,3.02,53,114,565
04/17/2017 10:05:46,230,10.8,2051.520,326.85,3.02,54,114,565
04/17/2017 10:05:56,219,10.8,2054.120,326.67,3.02,54,118,565
04/17/2017 10:06:06,217,10.8,2056.440,325.85,3.02,53,113,565
04/17/2017 10:06:16,210,10.8,2058.940,326.17,3.02,53,125,565
04/17/2017 10:06:26,206,10.8,2061.280,326.30,3.02,53,114,565
04/17/2017 10:06:36,213,10.8,2063.610,326.67,3.02,53,116,565
04/17/2017 10:06:46,203,10.8,2065.980,325.34,3.02,53,115,565
04/17/2017 10:06:56,222,10.8,2068.420,325.96,3.02,53,113,565
04/17/2017 10:07:06,222,10.8,2070.690,325.56,3.01,53,125,565
04/17/2017 10:07:16,206,10.9,2072.830,326.24,3.01,52,117,565
04/17/2017 10:07:26,226,10.8,2075.210,325.32,3.01,53,114,565
04/17/2017 10:07:36,209,10.8,2077.510,325.89,3.01,53,118,565
04/17/2017 10:07:46,204,10.8,2079.890,325.26,3.01,52,116,565
04/17/2017 10:07:56,205,10.8,2082.420,325.54,3.00,53,116,565
04/17/2017 10:08:06,246,10.8,2084.840,325.83,3.01,54,114,565
04/17/2017 10:08:16,209,10.9,2087.190,325.91,3.01,53,116,565
04/17/2017 10:08:26,189,10.8,2089.420,325.64,3.01,54,115,565
04/17/2017 10:08:36,180,10.8,2091.840,325.48,3.01,53,113,565
04/17/2017 10:08:46,204,10.8,2094.200,325.62,3.01,53,118,565
04/17/2017 10:08:56,212,10.8,2096.730,325.78,3.00,52,115,565
04/17/2017 10:09:06,225,10.8,2099.240,325.96,3.00,54,116,565
04/17/2017 10:09:16,216,10.8,2101.710,325.20,3.00,53,113,565
04/17/2017 10:09:26,180,10.9,2104.240,325.47,3.00,54,115,565
04/17/2017 10:09:36,214,10.8,2106.520,325.30,3.00,54,115,565
04/17/2017 10:09:46,208,10.8,2109.070,325.88,3.00,53,114,565
04/17/2017 10:09:56,220,10.8,2111.600,325.25,2.99,53,120,565
04/17/2017 10:10:06,231,10.8,2114.010,326.00,2.98,54,119,565
04/17/2017 10:10:16,220,10.8,2116.440,325.86,2.97,52,115,565
04/17/2017 10:10:26,223,10.8,2119.020,326.66,2.97,54,122,565
04/17/2017 10:10:36,237,10.9,2121.300,326.21,2.97,53,114,565
04/17/2017 10:10:46,210,10.8,2123.590,326.36,2.96,54,116,565
04/17/2017 10:10:56,211,10.8,2126.050,325.92,2.96,53,113,565
04/17/2017 10:11:06,201,10.8,2128.560,325.85,2.95,53,118,565
04/17/2017 10:11:16,209,10.8,2130.980,328.21,2.93,55,120,565
04/17/2017 10:11:26,224,10.8,2133.270,328.11,2.91,54,125,565
04/17/2017 10:11:36,236,10.8,2135.750,328.48,2.92,55,120,566
04/17/2017 10:11:46,217,10.8,2138.260,328.47,2.92,54,116,565
04/17/2017 10:11:56,203,10.8,2140.530,327.32,2.91,53,119,565
04/17/2017 10:12:06,221,10.9,2142.900,328.59,2.91,54,119,565
04/17/2017 10:12:16,215,10.8,2145.450,328.52,2.92,52,117,565
04/17/2017 10:12:26,222,10.8,2147.740,328.60,2.92,53,119,565
04/17/2017 10:12:36,204,10.8,2150.270,326.90,2.93,53,117,566
04/17/2017 10:12:46,228,10.9,2152.520,326.78,2.94,53,115,565
04/17/2017 10:12:56,197,10.8,2155.110,326.29,2.94,52,115,565
04/17/2017 10:13:06,246,10.8,2157.390,326.45,2.94,53,114,565
04/17/2017 10:13:16,206,10.9,2159.710,325.68,2.93,53,115,566
04/17/2017 10:13:26,189,10.9,2162.170,326.06,2.93,53,114,565
04/17/2017 10:13:36,162,10.9,2164.340,326.67,2.93,54,115,565
04/17/2017 10:13:46,216,10.8,2166.430,325.87,2.92,53,117,565
04/17/2017 10:13:56,216,10.8,2168.840,326.36,2.92,53,118,565
04/17/2017 10:14:06,220,10.9,2171.110,326.33,2.92,52,116,565
04/17/2017 10:14:16,209,10.8,2173.470,326.69,2.92,53,116,565
04/17/2017 10:14:26,250,10.8,2175.930,325.74,2.91,53,115,565
04/17/2017 10:14:36,224,10.8,2178.330,325.25,2.91,53,117,565
04/17/2017 10:14:46,207,10.8,2180.600,326.04,2.91,53,114,565
04/17/2017 10:14:56,236,10.8,2183.190,326.48,2.91,55,115,565
04/17/2017 10:15:06,215,10.8,2185.490,325.88,2.91,52,113,565
04/17/2017 10:15:16,213,10.8,2187.860,325.30,2.91,53,116,566
04/17/2017 10:15:26,218,10.8,2190.440,326.14,2.90,54,116,565
04/17/2017 10:15:36,219,10.8,2192.710,325.68,2.90,53,114,565
04/17/2017 10:15:46,212,10.9,2195.230,325.36,2.90,52,121,566
04/17/2017 10:15:56,216,10.8,2197.580,326.12,2.89,52,117,566
04/17/2017 10:16:06,226,10.8,2200.020,326.47,2.88,53,117,566
04/17/2017 10:16:16,221,10.9,2202.210,327.72,2.88,53,124,565
04/17/2017 10:16:26,210,10.8,2204.570,327.22,2.88,54,117,565
04/17/2017 10:16:36,240,10.8,2207.040,327.42,2.88,53,117,565
04/17/2017 10:16:46,213,10.8,2209.370,328.13,2.87,53,117,565
04/17/2017 10:16:56,231,10.8,2211.650,327.96,2.85,53,129,566
04/17/2017 10:17:06,231,10.9,2214.140,328.10,2.84,53,119,565
04/17/2017 10:17:16,203,10.8,2216.500,329.44,2.83,52,121,566
04/17/2017 10:17:26,220,10.9,2218.850,329.36,2.83,52,121,566
04/17/2017 10:17:36,229,10.8,2221.240,329.55,2.83,55,119,566
04/17/2017 10:17:46,202,10.8,2223.580,329.69,2.82,53,123,565
04/17/2017 10:17:56,210,10.8,2225.830,330.34,2.81,53,123,565
04/17/2017 10:18:06,234,10.8,2228.150,330.16,2.80,54,125,565
04/17/2017 10:18:16,183,10.8,2230.680,331.07,2.79,53,125,566
04/17/2017 10:18:26,230,10.8,2233.040,331.69,2.78,54,126,566
04/17/2017 10:18:36,228,10.8,2235.280,332.17,2.76,53,129,565
04/17/2017 10:18:46,232,10.8,2237.740,332.92,2.75,53,133,566
04/17/2017 10:18:56,214,10.8,2240.110,333.76,2.73,53,128,566
04/17/2017 10:19:06,226,10.8,2242.390,334.01,2.72,54,129,566
04/17/2017 10:19:16,216,10.8,2244.800,335.02,2.71,53,127,566
04/17/2017 10:19:26,146,10.9,2247.210,334.62,2.71,53,130,566
04/17/2017 10:19:36,217,10.9,2249.350,334.58,2.71,53,131,566
04/17/2017 10:19:46,210,10.8,2251.790,334.11,2.73,53,128,566
04/17/2017 10:19:56,209,10.8,2254.100,333.48,2.73,52,124,566
04/17/2017 10:20:06,221,10.8,2256.660,334.11,2.73,53,124,565
04/17/2017 10:20:16,217,10.8,2258.980,333.20,2.72,52,126,566
04/17/2017 10:20:26,234,10.8,2261.320,333.65,2.71,53,128,566
04/17/2017 10:20:36,213,10.8,2263.760,334.13,2.71,52,128,566
04/17/2017 10:20:46,210,10.8,2266.070,332.74,2.70,54,126,566
04/17/2017 10:20:56,209,10.8,2268.520,333.38,2.70,52,135,566
04/17/2017 10:21:06,205,10.8,2270.890,333.46,2.69,54,129,566
04/17/2017 10:21:16,217,10.8,2273.250,334.16,2.69,53,127,566
04/17/2017 10:21:26,226,10.9,2275.560,333.65,2.69,51,127,566
04/17/2017 10:21:36,239,10.8,2277.920,333.34,2.69,54,128,566
04/17/2017 10:21:46,203,10.9,2280.220,333.32,2.70,51,128,565
04/17/2017 10:21:56,200,10.9,2282.220,332.90,2.70,53,126,566
04/17/2017 10:22:06,207,10.8,2284.400,332.41,2.69,53,125,566
04/17/2017 10:22:16,229,10.8,2286.680,332.95,2.69,52,123,566
04/17/2017 10:22:26,211,10.9,2289.040,333.00,2.69,53,125,566
04/17/2017 10:22:36,237,10.9,2291.480,333.15,2.69,53,123,566
04/17/2017 10:22:46,206,10.8,2293.860,333.53,2.69,53,128,566
04/17/2017 10:22:56,204,10.8,2296.150,331.97,2.68,53,123,566
04/17/2017 10:23:06,207,10.8,2298.590,333.42,2.68,54,126,566
04/17/2017 10:23:16,208,10.8,2301.020,332.96,2.68,53,128,565
04/17/2017 10:23:26,231,10.8,2303.280,332.82,2.68,53,126,566
04/17/2017 10:23:36,228,10.8,2305.670,333.25,2.67,52,122,566
04/17/2017 10:23:46,183,10.8,2308.010,332.71,2.67,53,124,566
04/17/2017 10:23:56,203,10.9,2310.400,332.27,2.66,55,124,566
04/17/2017 10:24:06,177,10.8,2312.650,332.93,2.66,54,126,566
04/17/2017 10:24:16,211,10.9,2315.240,333.94,2.66,52,124,566
04/17/2017 10:24:26,214,10.8,2317.470,333.14,2.65,52,122,566
04/17/2017 10:24:36,233,10.8,2319.750,333.05,2.65,52,125,566
04/17/2017 10:24:46,221,10.8,2322.270,333.18,2.64,53,124,565
04/17/2017 10:24:56,217,10.8,2324.670,333.55,2.63,54,125,566
04/17/2017 10:25:06,235,10.8,2326.900,333.24,2.63,52,126,566
04/17/2017 10:25:16,232,10.8,2329.310,333.19,2.63,53,124,566
04/17/2017 10:25:26,164,10.9,2331.520,333.21,2.62,53,125,566
04/17/2017 10:25:36,239,10.8,2333.820,333.23,2.61,52,124,566
04/17/2017 10:25:46,228,10.8,2336.200,333.41,2.60,53,123,566
04/17/2017 10:25:56,224,10.8,2338.560,332.78,2.60,53,125,566
04/17/2017 10:26:06,213,10.8,2340.860,333.32,2.60,54,131,566
04/17/2017 10:26:16,199,10.8,2343.270,333.93,2.60,53,123,566
04/17/2017 10:26:26,236,10.8,2345.670,333.86,2.59,53,124,566
04/17/2017 10:26:36,198,10.9,2347.960,333.84,2.59,54,129,566
04/17/2017 10:26:46,223,10.8,2350.170,333.93,2.58,53,126,566
04/17/2017 10:26:56,241,10.8,2352.670,334.28,2.57,53,124,566
04/17/2017 10:27:06,191,10.8,2354.780,333.97,2.57,53,126,566
04/17/2017 10:27:16,224,10.8,2357.010,334.66,2.58,53,126,566
04/17/2017 10:27:26,252,10.8,2359.520,334.04,2.58,52,126,566
04/17/2017 10:27:36,206,10.8,2361.770,333.24,2.58,54,124,566
04/17/2017 10:27:46,181,10.8,2363.780,332.93,2.57,53,128,566
04/17/2017 10:27:56,211,10.8,2366.000,333.30,2.57,53,127,566
04/17/2017 10:28:06,196,10.8,2368.280,333.46,2.57,53,124,566
04/17/2017 10:28:16,248,10.8,2370.550,332.75,2.57,53,124,566
04/17/2017 10:28:26,232,10.8,2372.890,333.04,2.57,52,120,566
04/17/2017 10:28:36,199,10.8,2375.220,332.99,2.57,52,123,566
04/17/2017 10:28:46,233,10.8,2377.430,333.71,2.57,54,122,566
04/17/2017 10:28:56,221,10.8,2379.840,332.44,2.56,53,121,566
04/17/2017 10:29:06,216,10.8,2382.050,332.06,2.56,53,121,566
04/17/2017 10:29:16,212,10.8,2384.370,332.38,2.55,54,132,566
04/17/2017 10:29:26,215,10.8,2386.750,331.91,2.54,55,123,566
04/17/2017 10:29:36,229,10.8,2389.140,332.21,2.53,52,124,566
04/17/2017 10:29:46,233,10.8,2391.410,331.98,2.53,53,124,566
04/17/2017 10:29:56,211,10.9,2393.750,332.51,2.52,54,121,566
04/17/2017 10:30:06,231,10.8,2396.030,333.23,2.49,52,124,566
04/17/2017 10:30:16,192,10.8,2398.300,333.60,2.48,53,122,566
04/17/2017 10:30:26,227,10.8,2400.590,333.95,2.48,53,120,566
04/17/2017 10:30:36,226,10.8,2403.030,333.14,2.47,52,125,566
04/17/2017 10:30:46,251,10.8,2405.420,333.50,2.47,53,122,566
04/17/2017 10:30:56,234,10.9,2407.590,332.81,2.47,53,123,566
04/17/2017 10:31:06,202,10.8,2409.820,332.29,2.47,53,120,566
04/17/2017 10:31:16,224,10.8,2412.080,332.10,2.47,55,123,566
04/17/2017 10:31:26,246,10.8,2414.470,332.69,2.47,55,122,566
04/17/2017 10:31:36,227,10.8,2416.650,331.46,2.47,52,119,566
04/17/2017 10:31:46,214,10.8,2419.080,331.35,2.47,53,118,566
04/17/2017 10:31:56,220,10.8,2421.150,332.35,2.47,52,123,566
04/17/2017 10:32:06,259,10.8,2423.610,331.32,2.47,53,118,566
04/17/2017 10:32:16,212,10.8,2425.960,331.08,2.47,54,118,566
04/17/2017 10:32:26,201,10.9,2428.230,330.19,2.46,54,116,566
04/17/2017 10:32:36,211,10.8,2430.580,330.79,2.46,53,118,566
04/17/2017 10:32:46,240,10.8,2432.850,330.67,2.45,54,116,566
04/17/2017 10:32:56,196,10.9,2435.100,330.08,2.44,54,117,566
04/17/2017 10:33:06,237,10.8,2437.420,330.76,2.44,53,120,566
04/17/2017 10:33:16,241,10.8,2439.770,330.78,2.43,53,118,566
04/17/2017 10:33:26,229,10.8,2442.210,331.47,2.42,53,123,566
04/17/2017 10:33:36,225,10.8,2444.380,332.02,2.40,53,122,566
04/17/2017 10:33:46,225,10.8,2446.740,332.71,2.39,53,118,566
04/17/2017 10:33:56,234,10.8,2449.110,333.03,2.38,53,123,566
04/17/2017 10:34:06,196,10.8,2451.330,333.25,2.38,51,123,566
04/17/2017 10:34:16,225,10.8,2453.580,333.28,2.38,53,121,566
04/17/2017 10:34:26,210,10.8,2455.840,334.03,2.37,54,123,566
04/17/2017 10:34:36,211,10.8,2458.080,333.70,2.35,54,121,566
04/17/2017 10:34:46,228,10.8,2460.380,334.98,2.35,53,123,566
04/17/2017 10:34:56,207,10.8,2462.460,335.42,2.33,54,125,566
04/17/2017 10:35:06,228,10.8,2464.600,335.91,2.31,54,126,566
04/17/2017 10:35:16,219,10.8,2466.800,336.70,2.30,55,127,566
04/17/2017 10:35:26,233,10.9,2468.980,337.21,2.27,53,129,566
04/17/2017 10:35:36,217,10.8,2471.090,337.57,2.27,52,128,566
04/17/2017 10:35:46,202,10.8,2473.390,338.56,2.27,53,127,566
04/17/2017 10:35:56,215,10.8,2475.580,338.25,2.27,53,124,566
04/17/2017 10:36:06,228,10.8,2477.660,337.73,2.26,51,130,566
04/17/2017 10:36:16,189,10.8,2479.660,338.45,2.24,54,129,566
04/17/2017 10:36:26,186,10.8,2481.770,338.63,2.23,55,130,566
04/17/2017 10:36:36,217,10.9,2483.780,339.37,2.22,53,131,566
04/17/2017 10:36:46,239,10.8,2485.820,339.32,2.21,53,128,566
04/17/2017 10:36:56,189,10.8,2487.820,339.80,2.20,54,134,566
04/17/2017 10:37:06,196,10.8,2490.020,339.51,2.19,53,129,566
04/17/2017 10:37:16,220,10.8,2492.020,340.43,2.19,52,131,566
04/17/2017 10:37:26,228,10.8,2494.120,340.28,2.18,54,130,566
04/17/2017 10:37:36,212,10.8,2496.320,340.15,2.17,52,132,566
04/17/2017 10:37:46,207,10.8,2498.280,341.61,2.12,51,137,566
04/17/2017 10:37:56,206,10.8,2500.250,342.35,2.10,54,137,566
04/17/2017 10:38:06,227,10.8,2502.400,342.86,2.08,55,137,566
04/17/2017 10:38:16,233,10.9,2504.390,342.72,2.07,54,141,566
04/17/2017 10:38:26,210,10.8,2506.570,343.24,2.06,53,162,566
04/17/2017 10:38:36,223,10.9,2508.630,343.85,2.06,53,141,566
04/17/2017 10:38:46,227,10.8,2510.700,343.51,2.06,51,139,566
04/17/2017 10:38:56,209,10.8,2512.790,343.20,2.06,53,139,566
04/17/2017 10:39:06,200,10.8,2514.740,344.04,2.06,53,143,566
04/17/2017 10:39:16,219,10.8,2516.680,343.94,2.06,54,144,566
04/17/2017 10:39:26,199,10.8,2518.530,343.92,2.06,53,146,567
04/17/2017 10:39:36,214,10.8,2520.320,343.45,2.06,53,145,567
04/17/2017 10:39:46,203,10.8,2522.210,343.46,2.05,53,163,566
04/17/2017 10:39:56,210,10.8,2524.090,343.58,2.06,54,142,566
04/17/2017 10:40:06,221,10.8,2525.860,343.90,2.06,53,142,566
04/17/2017 10:40:16,213,10.8,2527.570,343.16,2.06,54,147,566

 Ramp exit:    SMOOTH RUNNING
 Profile exit: BOTTOM PRESSURE

 Vehicle motion stopped at 04/17/2017 10:40:20
 Sensor logging stopped at 04/17/2017 10:42:28
