
 Profile 327

 Sensors were turned on at  04/09/2017 20:00:02
 Vehicle began profiling at 04/09/2017 20:02:04

Date,[mA],[V],[dbar],Oxygen[uM],Optode Temp[C],Chl,NTU,Therm
04/09/2017 20:02:04,0,11.0,0.000,0.00,0.00,54,115,569
04/09/2017 20:02:14,187,10.8,0.000,0.00,0.00,53,115,569
04/09/2017 20:02:24,134,10.9,0.000,0.00,0.00,54,114,569
04/09/2017 20:02:37,202,10.8,2518.370,324.05,2.58,54,114,569
04/09/2017 20:02:47,103,10.9,2515.270,323.82,2.59,54,114,569
04/09/2017 20:02:57,97,10.9,2512.430,323.94,2.60,54,126,568
04/09/2017 20:03:07,112,10.9,2509.730,323.00,2.60,53,115,568
04/09/2017 20:03:17,108,11.0,2506.910,323.74,2.62,54,114,568
04/09/2017 20:03:27,102,10.9,2504.160,323.76,2.62,53,114,568
04/09/2017 20:03:37,103,10.9,2501.350,323.40,2.63,52,113,568
04/09/2017 20:03:47,108,10.9,2498.640,322.89,2.63,54,114,568
04/09/2017 20:03:57,108,10.9,2495.880,322.82,2.64,53,113,568
04/09/2017 20:04:07,109,10.9,2493.120,322.26,2.64,54,113,568
04/09/2017 20:04:17,108,10.9,2490.380,322.61,2.65,53,112,568
04/09/2017 20:04:27,105,10.9,2487.480,322.36,2.65,53,114,568
04/09/2017 20:04:37,106,10.9,2484.690,322.03,2.66,54,113,568
04/09/2017 20:04:47,103,10.9,2481.970,322.46,2.66,53,116,568
04/09/2017 20:04:57,102,10.9,2479.160,322.62,2.66,53,113,568
04/09/2017 20:05:07,106,10.9,2476.500,322.52,2.67,53,113,568
04/09/2017 20:05:17,93,10.9,2473.740,321.30,2.67,54,114,568
04/09/2017 20:05:27,109,10.9,2470.880,321.77,2.67,52,112,568
04/09/2017 20:05:37,101,10.9,2468.170,321.97,2.68,52,114,567
04/09/2017 20:05:47,119,10.8,2465.360,321.52,2.68,54,114,567
04/09/2017 20:05:57,104,10.9,2462.680,321.58,2.68,53,113,567
04/09/2017 20:06:07,102,10.9,2459.960,321.68,2.69,54,229,567
04/09/2017 20:06:17,100,10.8,2457.160,322.15,2.69,53,113,567
04/09/2017 20:06:27,103,10.9,2454.460,322.13,2.69,53,114,567
04/09/2017 20:06:37,105,10.9,2451.730,321.83,2.69,54,112,567
04/09/2017 20:06:47,97,10.8,2448.890,321.46,2.69,53,112,567
04/09/2017 20:06:57,101,10.8,2446.100,321.94,2.70,53,114,567
04/09/2017 20:07:07,107,10.8,2443.370,321.38,2.71,52,113,567
04/09/2017 20:07:17,109,10.9,2440.530,321.10,2.71,53,111,567
04/09/2017 20:07:27,106,10.8,2437.840,321.40,2.71,54,113,567
04/09/2017 20:07:37,108,10.8,2435.100,320.98,2.72,53,112,567
04/09/2017 20:07:47,113,10.8,2432.410,321.09,2.72,53,110,567
04/09/2017 20:07:57,99,10.8,2429.670,320.74,2.72,54,113,567
04/09/2017 20:08:07,110,10.8,2427.010,320.98,2.72,54,112,567
04/09/2017 20:08:17,104,10.8,2424.220,321.18,2.73,53,139,567
04/09/2017 20:08:27,118,10.8,2421.350,320.99,2.73,54,112,567
04/09/2017 20:08:37,109,10.8,2418.670,320.47,2.73,53,121,567
04/09/2017 20:08:47,123,10.8,2416.010,321.01,2.74,54,111,567
04/09/2017 20:08:57,91,10.8,2413.270,320.12,2.74,53,112,567
04/09/2017 20:09:07,102,10.8,2410.480,320.31,2.74,53,114,567
04/09/2017 20:09:17,99,10.8,2407.710,321.32,2.74,54,111,567
04/09/2017 20:09:27,114,10.8,2405.020,321.21,2.75,55,113,567
04/09/2017 20:09:37,116,10.8,2402.180,321.25,2.75,52,113,567
04/09/2017 20:09:47,116,10.8,2399.460,321.17,2.75,54,113,567
04/09/2017 20:09:57,97,10.8,2396.770,320.58,2.76,54,113,567
04/09/2017 20:10:07,107,10.8,2394.000,320.64,2.76,52,111,567
04/09/2017 20:10:17,99,10.8,2391.240,320.82,2.76,52,111,567
04/09/2017 20:10:27,101,10.8,2388.370,320.69,2.77,52,112,567
04/09/2017 20:10:37,101,10.8,2385.710,321.13,2.77,54,111,567
04/09/2017 20:10:47,99,10.8,2382.990,321.31,2.77,53,112,567
04/09/2017 20:10:57,125,10.8,2380.200,320.94,2.77,52,110,567
04/09/2017 20:11:07,105,10.8,2377.510,320.64,2.78,53,111,566
04/09/2017 20:11:17,120,10.8,2374.760,320.48,2.78,54,112,567
04/09/2017 20:11:27,109,10.8,2372.030,320.18,2.78,54,112,567
04/09/2017 20:11:37,115,10.9,2369.180,320.38,2.78,54,110,567
04/09/2017 20:11:47,121,10.8,2366.660,320.34,2.79,53,112,566
04/09/2017 20:11:57,118,10.8,2363.820,320.76,2.79,52,110,567
04/09/2017 20:12:07,94,10.8,2361.110,320.34,2.79,52,113,566
04/09/2017 20:12:17,93,10.9,2358.240,320.54,2.80,55,111,567
04/09/2017 20:12:27,117,10.8,2355.500,320.38,2.80,54,114,567
04/09/2017 20:12:37,113,10.8,2352.890,321.28,2.80,52,111,566
04/09/2017 20:12:47,97,10.8,2349.980,320.22,2.81,52,112,567
04/09/2017 20:12:57,109,10.8,2347.440,320.66,2.81,54,112,567
04/09/2017 20:13:07,98,10.9,2344.540,321.24,2.81,53,109,566
04/09/2017 20:13:17,99,10.8,2341.840,320.32,2.82,52,111,566
04/09/2017 20:13:27,91,10.9,2339.140,320.62,2.82,52,116,566
04/09/2017 20:13:37,112,10.8,2336.340,319.73,2.82,52,110,566
04/09/2017 20:13:47,119,10.9,2333.670,320.19,2.83,52,110,567
04/09/2017 20:13:57,103,10.8,2330.850,319.34,2.84,53,110,566
04/09/2017 20:14:07,107,10.9,2328.180,320.31,2.84,54,110,566
04/09/2017 20:14:17,100,10.8,2325.370,319.96,2.85,53,109,566
04/09/2017 20:14:27,107,10.8,2322.650,319.21,2.85,54,110,566
04/09/2017 20:14:37,107,10.8,2319.960,319.72,2.85,54,111,566
04/09/2017 20:14:47,115,10.8,2317.160,319.45,2.85,53,110,566
04/09/2017 20:14:57,117,10.8,2314.350,319.88,2.86,53,116,566
04/09/2017 20:15:07,110,10.8,2311.560,319.53,2.86,53,111,566
04/09/2017 20:15:17,106,10.8,2308.970,319.28,2.86,53,110,566
04/09/2017 20:15:27,101,10.8,2306.200,319.44,2.87,53,109,566
04/09/2017 20:15:37,103,10.8,2303.400,319.75,2.87,53,113,566
04/09/2017 20:15:47,105,10.8,2300.630,319.89,2.87,53,112,566
04/09/2017 20:15:57,114,10.9,2297.870,319.62,2.87,52,113,566
04/09/2017 20:16:07,121,10.9,2295.250,319.64,2.87,53,115,566
04/09/2017 20:16:17,112,10.9,2292.470,319.46,2.87,54,113,566
04/09/2017 20:16:27,111,10.9,2289.690,319.40,2.87,53,110,566
04/09/2017 20:16:37,98,10.8,2286.930,320.04,2.87,52,111,566
04/09/2017 20:16:47,124,10.8,2284.200,319.77,2.88,53,117,566
04/09/2017 20:16:57,119,10.8,2281.450,320.25,2.88,52,110,566
04/09/2017 20:17:07,113,10.8,2278.740,319.88,2.88,52,110,566
04/09/2017 20:17:17,101,10.8,2275.980,319.56,2.89,54,111,566
04/09/2017 20:17:27,116,10.8,2273.210,319.83,2.89,53,110,566
04/09/2017 20:17:37,117,10.8,2270.480,319.77,2.89,55,110,566
04/09/2017 20:17:47,121,10.8,2267.690,320.26,2.90,53,112,566
04/09/2017 20:17:57,108,10.9,2265.030,319.79,2.90,53,110,566
04/09/2017 20:18:07,111,10.8,2262.340,319.46,2.90,54,110,566
04/09/2017 20:18:17,127,10.9,2259.560,320.16,2.90,52,110,566
04/09/2017 20:18:27,127,10.8,2256.780,320.41,2.91,54,109,566
04/09/2017 20:18:37,110,10.8,2254.120,319.76,2.91,54,111,566
04/09/2017 20:18:47,112,10.8,2251.350,320.33,2.91,52,115,566
04/09/2017 20:18:57,107,10.8,2248.710,320.07,2.92,54,110,566
04/09/2017 20:19:07,115,10.8,2245.880,320.23,2.92,54,110,566
04/09/2017 20:19:17,118,10.8,2243.270,320.12,2.93,54,111,566
04/09/2017 20:19:27,114,10.8,2240.470,320.02,2.94,54,110,566
04/09/2017 20:19:37,119,10.8,2237.630,319.55,2.94,53,110,566
04/09/2017 20:19:47,116,10.8,2234.840,319.18,2.94,53,115,566
04/09/2017 20:19:57,120,10.8,2232.210,319.48,2.94,54,110,566
04/09/2017 20:20:07,102,10.9,2229.410,319.71,2.94,54,109,566
04/09/2017 20:20:17,113,10.8,2226.680,319.27,2.94,52,112,566
04/09/2017 20:20:27,116,10.9,2224.010,319.39,2.94,53,110,566
04/09/2017 20:20:37,108,10.9,2221.180,320.17,2.94,54,111,566
04/09/2017 20:20:47,120,10.9,2218.530,319.38,2.94,53,109,566
04/09/2017 20:20:57,97,10.9,2215.680,319.78,2.94,55,111,566
04/09/2017 20:21:07,104,10.8,2212.920,319.91,2.95,52,111,566
04/09/2017 20:21:17,107,10.9,2210.260,319.41,2.95,53,110,566
04/09/2017 20:21:27,109,10.9,2207.600,320.00,2.95,53,113,566
04/09/2017 20:21:37,116,10.8,2204.730,320.63,2.95,53,111,566
04/09/2017 20:21:47,126,10.8,2202.120,319.84,2.95,53,111,566
04/09/2017 20:21:57,128,10.9,2199.350,320.36,2.95,53,110,566
04/09/2017 20:22:07,118,10.9,2196.550,319.77,2.96,53,111,566
04/09/2017 20:22:17,117,10.8,2193.820,319.77,2.96,54,112,566
04/09/2017 20:22:27,100,10.9,2191.190,319.93,2.97,51,111,566
04/09/2017 20:22:37,125,10.8,2188.400,319.93,2.97,53,113,566
04/09/2017 20:22:47,104,10.9,2185.620,319.77,2.97,52,112,566
04/09/2017 20:22:57,109,10.9,2182.870,319.55,2.97,53,111,566
04/09/2017 20:23:07,119,10.9,2180.170,319.96,2.98,53,111,566
04/09/2017 20:23:17,119,10.8,2177.500,319.79,2.98,54,112,566
04/09/2017 20:23:27,112,10.8,2174.650,319.64,2.98,53,111,566
04/09/2017 20:23:37,121,10.9,2171.980,319.51,2.98,51,112,566
04/09/2017 20:23:47,120,10.9,2169.260,320.13,2.98,52,113,566
04/09/2017 20:23:57,109,10.9,2166.500,320.12,2.98,54,111,566
04/09/2017 20:24:07,121,10.8,2163.670,319.65,2.98,52,111,566
04/09/2017 20:24:17,94,10.9,2160.910,320.09,2.98,54,112,566
04/09/2017 20:24:27,91,10.9,2158.300,320.48,2.99,54,112,566
04/09/2017 20:24:37,112,10.9,2155.590,319.92,2.99,53,110,566
04/09/2017 20:24:47,108,10.9,2152.790,319.52,2.99,53,110,566
04/09/2017 20:24:57,113,10.9,2149.970,319.86,3.00,53,111,566
04/09/2017 20:25:07,104,10.9,2147.300,319.56,3.00,53,111,566
04/09/2017 20:25:17,120,10.9,2144.680,319.97,3.00,53,109,566
04/09/2017 20:25:27,122,10.9,2141.940,320.60,3.00,53,110,566
04/09/2017 20:25:37,116,10.9,2139.200,319.72,3.00,52,110,566
04/09/2017 20:25:47,114,10.9,2136.470,320.13,3.00,52,109,566
04/09/2017 20:25:57,127,10.9,2133.680,319.70,3.00,52,110,566
04/09/2017 20:26:07,117,10.9,2130.860,320.21,3.01,52,110,566
04/09/2017 20:26:17,103,10.9,2128.190,320.15,3.01,53,111,566
04/09/2017 20:26:27,109,10.9,2125.510,320.61,3.01,54,111,566
04/09/2017 20:26:37,122,10.8,2122.810,320.28,3.01,53,109,566
04/09/2017 20:26:47,129,10.9,2120.060,320.26,3.02,52,111,566
04/09/2017 20:26:57,102,10.9,2117.400,320.47,3.02,52,111,566
04/09/2017 20:27:07,111,10.9,2114.720,320.14,3.02,52,110,566
04/09/2017 20:27:17,119,10.9,2111.880,320.40,3.02,51,110,566
04/09/2017 20:27:27,105,10.9,2109.210,320.13,3.02,53,110,566
04/09/2017 20:27:37,118,10.9,2106.480,320.25,3.03,54,111,566
04/09/2017 20:27:47,123,10.9,2103.830,320.25,3.03,54,109,566
04/09/2017 20:27:57,105,10.9,2101.070,321.07,3.03,54,109,566
04/09/2017 20:28:07,109,10.8,2098.250,320.73,3.04,53,110,566
04/09/2017 20:28:17,124,10.9,2095.590,320.43,3.04,54,110,566
04/09/2017 20:28:27,129,10.9,2092.970,320.34,3.05,53,110,566
04/09/2017 20:28:37,114,10.9,2090.180,321.31,3.05,52,111,566
04/09/2017 20:28:47,119,10.9,2087.390,319.97,3.05,52,108,566
04/09/2017 20:28:57,112,10.9,2084.750,320.70,3.05,53,110,565
04/09/2017 20:29:07,112,10.9,2082.150,320.42,3.05,53,115,566
04/09/2017 20:29:17,113,10.9,2079.270,320.38,3.05,53,110,566
04/09/2017 20:29:27,115,10.9,2076.660,321.08,3.05,52,109,566
04/09/2017 20:29:37,104,10.9,2073.850,320.64,3.06,53,111,566
04/09/2017 20:29:47,96,10.9,2071.220,319.98,3.06,53,110,566
04/09/2017 20:29:57,106,10.9,2068.400,320.83,3.06,53,109,566
04/09/2017 20:30:07,100,10.9,2065.730,320.70,3.06,53,110,566
04/09/2017 20:30:17,108,10.9,2062.940,321.75,3.06,54,110,566
04/09/2017 20:30:27,106,10.9,2060.200,321.09,3.06,53,112,566
04/09/2017 20:30:37,111,10.9,2057.540,320.89,3.06,54,111,566
04/09/2017 20:30:47,107,10.9,2054.730,320.86,3.06,54,110,566
04/09/2017 20:30:57,116,10.9,2052.110,321.08,3.07,54,110,566
04/09/2017 20:31:07,124,10.9,2049.250,320.74,3.07,53,111,566
04/09/2017 20:31:17,117,10.8,2046.550,320.89,3.07,52,112,566
04/09/2017 20:31:27,97,10.9,2043.800,320.57,3.07,54,110,566
04/09/2017 20:31:37,121,10.9,2041.170,321.18,3.08,53,110,566
04/09/2017 20:31:47,105,10.9,2038.280,321.05,3.08,55,111,565
04/09/2017 20:31:57,114,10.9,2035.680,321.09,3.09,53,110,566
04/09/2017 20:32:07,107,10.9,2032.880,320.79,3.09,53,112,566
04/09/2017 20:32:17,114,10.9,2030.050,320.92,3.09,53,112,566
04/09/2017 20:32:27,102,10.9,2027.410,320.76,3.09,53,109,565
04/09/2017 20:32:37,113,10.9,2024.750,320.94,3.09,52,111,566
04/09/2017 20:32:47,121,10.9,2021.870,321.32,3.09,52,110,566
04/09/2017 20:32:57,101,10.9,2019.290,321.39,3.09,52,110,566
04/09/2017 20:33:07,105,10.9,2016.440,320.48,3.10,53,110,566
04/09/2017 20:33:17,109,10.9,2013.610,320.99,3.11,55,110,566
04/09/2017 20:33:27,116,10.9,2010.940,320.92,3.11,53,111,566
04/09/2017 20:33:37,125,10.9,2008.270,320.88,3.11,54,110,566
04/09/2017 20:33:47,119,10.9,2005.580,321.52,3.11,54,111,566
04/09/2017 20:33:57,111,10.9,2002.680,320.77,3.11,52,111,566
04/09/2017 20:34:07,109,10.9,1999.970,321.88,3.11,53,112,565
04/09/2017 20:34:17,121,10.8,1997.230,321.29,3.11,53,110,565
04/09/2017 20:34:27,102,10.9,1994.470,321.25,3.11,52,110,565
04/09/2017 20:34:37,95,10.9,1991.790,321.02,3.11,52,110,566
04/09/2017 20:34:47,105,10.9,1989.120,321.11,3.12,53,111,566
04/09/2017 20:34:57,114,10.9,1986.240,321.70,3.12,53,110,566
04/09/2017 20:35:07,122,10.9,1983.610,321.93,3.12,54,110,565
04/09/2017 20:35:17,108,10.9,1980.800,322.09,3.12,52,111,565
04/09/2017 20:35:27,127,10.9,1978.190,321.92,3.12,53,110,566
04/09/2017 20:35:37,106,10.9,1975.420,321.39,3.12,52,109,565
04/09/2017 20:35:47,112,10.9,1972.700,321.90,3.12,54,110,566
04/09/2017 20:35:57,123,10.9,1969.870,321.29,3.13,54,109,565
04/09/2017 20:36:07,109,10.9,1967.120,322.08,3.13,52,110,565
04/09/2017 20:36:17,98,10.9,1964.440,322.45,3.13,53,110,566
04/09/2017 20:36:27,102,10.9,1961.760,322.15,3.13,53,109,566
04/09/2017 20:36:37,105,10.9,1958.980,321.67,3.13,52,110,565
04/09/2017 20:36:47,99,10.9,1956.180,322.68,3.13,53,108,565
04/09/2017 20:36:57,88,10.9,1953.600,321.97,3.14,53,110,565
04/09/2017 20:37:07,107,10.9,1950.760,322.08,3.14,52,111,566
04/09/2017 20:37:17,112,10.9,1948.020,321.65,3.14,54,110,566
04/09/2017 20:37:27,122,10.8,1945.350,321.23,3.15,51,110,565
04/09/2017 20:37:37,89,10.9,1942.560,322.10,3.15,53,110,565
04/09/2017 20:37:47,113,10.9,1939.970,322.52,3.15,53,110,566
04/09/2017 20:37:57,120,10.8,1937.230,322.94,3.15,52,109,565
04/09/2017 20:38:07,113,10.9,1934.500,321.59,3.16,53,110,566
04/09/2017 20:38:17,101,10.9,1931.730,322.78,3.16,54,110,565
04/09/2017 20:38:27,101,10.9,1928.910,322.00,3.16,52,120,565
04/09/2017 20:38:37,84,10.9,1926.310,322.25,3.16,53,112,566
04/09/2017 20:38:47,133,10.9,1923.640,322.08,3.16,54,110,565
04/09/2017 20:38:57,112,10.9,1920.820,321.96,3.17,53,110,565
04/09/2017 20:39:07,114,10.9,1918.100,322.17,3.17,53,110,565
04/09/2017 20:39:17,120,10.9,1915.400,322.31,3.17,54,111,566
04/09/2017 20:39:27,119,10.9,1912.830,322.52,3.18,53,109,565
04/09/2017 20:39:37,104,10.9,1910.050,322.71,3.18,53,110,565
04/09/2017 20:39:47,103,10.9,1907.280,322.47,3.18,52,113,565
04/09/2017 20:39:57,114,10.9,1904.560,322.29,3.18,53,110,565
04/09/2017 20:40:07,111,10.9,1901.750,322.72,3.18,54,111,565
04/09/2017 20:40:17,118,10.9,1899.020,322.05,3.19,53,113,565
04/09/2017 20:40:27,110,10.9,1896.310,321.53,3.19,52,110,565
04/09/2017 20:40:37,112,10.9,1893.560,322.47,3.19,54,109,565
04/09/2017 20:40:47,117,10.8,1890.940,322.35,3.19,53,111,565
04/09/2017 20:40:57,100,10.9,1888.190,322.31,3.20,53,109,565
04/09/2017 20:41:07,126,10.9,1885.430,322.32,3.20,54,111,565
04/09/2017 20:41:17,121,10.9,1882.670,323.03,3.21,53,112,566
04/09/2017 20:41:27,121,10.9,1880.010,322.12,3.21,53,111,565
04/09/2017 20:41:37,116,10.9,1877.280,322.23,3.21,53,110,565
04/09/2017 20:41:47,111,10.9,1874.540,322.05,3.21,53,110,565
04/09/2017 20:41:57,110,10.9,1871.780,322.58,3.22,52,109,565
04/09/2017 20:42:07,126,10.8,1869.160,321.26,3.24,52,109,565
04/09/2017 20:42:17,119,10.9,1866.360,320.93,3.24,54,109,565
04/09/2017 20:42:27,114,10.9,1863.670,321.78,3.25,53,110,565
04/09/2017 20:42:37,119,10.9,1861.010,322.52,3.25,54,111,565
04/09/2017 20:42:47,128,10.9,1858.210,321.50,3.26,53,110,565
04/09/2017 20:42:57,118,10.9,1855.410,322.01,3.25,53,112,565
04/09/2017 20:43:07,120,10.9,1852.790,322.26,3.25,53,110,565
04/09/2017 20:43:17,120,10.9,1849.960,322.90,3.25,53,111,565
04/09/2017 20:43:27,115,10.9,1847.340,322.47,3.26,51,108,565
04/09/2017 20:43:37,121,10.9,1844.550,322.16,3.26,53,112,565
04/09/2017 20:43:47,113,10.9,1841.880,321.39,3.27,53,110,565
04/09/2017 20:43:57,121,10.9,1839.160,321.67,3.27,54,112,565
04/09/2017 20:44:07,121,10.9,1836.400,322.10,3.27,53,111,565
04/09/2017 20:44:17,125,10.9,1833.700,321.95,3.27,53,111,565
04/09/2017 20:44:27,129,10.9,1831.040,321.79,3.27,52,111,565
04/09/2017 20:44:37,119,10.9,1828.300,322.38,3.28,53,111,565
04/09/2017 20:44:47,130,10.9,1825.470,321.14,3.28,53,110,565
04/09/2017 20:44:57,117,10.9,1822.710,321.75,3.28,52,110,565
04/09/2017 20:45:07,131,10.9,1820.040,321.89,3.28,53,111,565
04/09/2017 20:45:17,121,10.9,1817.400,321.73,3.29,53,111,565
04/09/2017 20:45:27,126,10.9,1814.730,321.58,3.29,53,110,565
04/09/2017 20:45:37,122,10.9,1812.040,322.60,3.29,53,110,565
04/09/2017 20:45:47,155,10.9,1809.400,322.13,3.29,53,111,565
04/09/2017 20:45:57,98,10.9,1806.630,321.44,3.30,52,111,565
04/09/2017 20:46:07,119,10.9,1803.960,322.22,3.30,52,109,565
04/09/2017 20:46:17,123,10.9,1801.110,322.56,3.30,52,111,565
04/09/2017 20:46:27,107,10.9,1798.430,322.31,3.31,52,109,565
04/09/2017 20:46:37,103,10.9,1795.660,322.05,3.31,53,111,565
04/09/2017 20:46:47,96,10.9,1793.060,322.78,3.30,54,112,565
04/09/2017 20:46:57,107,10.9,1790.330,322.63,3.30,53,109,565
04/09/2017 20:47:07,119,10.9,1787.540,322.46,3.30,52,110,565
04/09/2017 20:47:17,109,10.9,1784.810,322.97,3.31,53,112,565
04/09/2017 20:47:27,121,10.9,1782.110,321.81,3.30,52,111,565
04/09/2017 20:47:37,115,10.9,1779.420,322.26,3.30,55,110,565
04/09/2017 20:47:47,119,10.8,1776.660,322.87,3.29,53,111,565
04/09/2017 20:47:57,113,10.8,1773.930,323.79,3.29,53,110,565
04/09/2017 20:48:07,122,10.9,1771.110,323.29,3.30,52,111,565
04/09/2017 20:48:17,109,10.9,1768.510,323.70,3.30,53,112,565
04/09/2017 20:48:27,102,10.9,1765.660,323.06,3.30,54,114,565
04/09/2017 20:48:37,107,10.9,1763.010,323.70,3.30,53,110,565
04/09/2017 20:48:47,108,10.9,1760.200,323.43,3.30,53,111,565
04/09/2017 20:48:57,123,10.9,1757.560,323.11,3.30,51,110,565
04/09/2017 20:49:07,109,10.9,1754.790,323.56,3.30,52,111,565
04/09/2017 20:49:17,139,10.9,1752.040,323.10,3.31,52,111,565
04/09/2017 20:49:27,117,10.9,1749.440,322.76,3.31,53,111,565
04/09/2017 20:49:37,126,10.9,1746.620,323.80,3.32,53,111,565
04/09/2017 20:49:47,129,10.9,1744.040,322.92,3.32,53,112,565
04/09/2017 20:49:57,110,10.9,1741.300,323.64,3.33,52,110,565
04/09/2017 20:50:07,112,10.9,1738.530,323.08,3.33,54,111,565
04/09/2017 20:50:17,122,10.9,1735.700,323.26,3.34,55,113,565
04/09/2017 20:50:27,124,10.9,1733.170,323.23,3.34,55,112,565
04/09/2017 20:50:37,117,10.9,1730.400,323.62,3.34,53,114,565
04/09/2017 20:50:47,140,10.9,1727.720,322.52,3.34,52,112,565
04/09/2017 20:50:57,117,10.9,1724.890,323.17,3.34,53,113,565
04/09/2017 20:51:07,114,10.9,1722.280,323.14,3.35,54,110,565
04/09/2017 20:51:17,129,10.8,1719.570,323.10,3.35,53,113,565
04/09/2017 20:51:27,115,10.8,1716.790,323.49,3.35,53,111,565
04/09/2017 20:51:37,102,10.9,1714.170,322.80,3.35,53,111,565
04/09/2017 20:51:47,131,10.8,1711.400,323.87,3.36,52,113,565
04/09/2017 20:51:57,108,10.9,1708.680,323.69,3.36,52,112,565
04/09/2017 20:52:07,135,10.9,1705.870,323.02,3.36,55,111,565
04/09/2017 20:52:17,133,10.9,1703.200,323.14,3.36,52,111,565
04/09/2017 20:52:27,120,10.9,1700.430,323.53,3.37,53,113,565
04/09/2017 20:52:37,106,10.9,1697.720,323.52,3.37,54,112,565
04/09/2017 20:52:47,120,10.9,1695.060,323.17,3.37,52,110,565
04/09/2017 20:52:57,130,10.9,1692.310,322.83,3.37,53,112,565
04/09/2017 20:53:07,131,10.9,1689.590,323.78,3.37,54,111,565
04/09/2017 20:53:17,121,10.9,1686.840,324.07,3.37,53,112,565
04/09/2017 20:53:27,128,10.9,1684.210,322.91,3.37,54,122,565
04/09/2017 20:53:37,116,10.9,1681.550,323.33,3.37,54,112,565
04/09/2017 20:53:47,114,10.9,1678.890,323.75,3.37,53,110,565
04/09/2017 20:53:57,117,10.9,1676.030,324.01,3.37,53,112,565
04/09/2017 20:54:07,127,10.9,1673.460,323.47,3.38,53,111,565
04/09/2017 20:54:17,97,10.9,1670.780,323.79,3.38,51,111,565
04/09/2017 20:54:27,92,10.9,1668.130,323.18,3.38,54,111,565
04/09/2017 20:54:37,103,10.9,1665.570,323.93,3.38,52,113,565
04/09/2017 20:54:47,95,10.9,1662.850,323.82,3.39,55,112,565
04/09/2017 20:54:57,123,10.9,1660.170,323.53,3.39,53,113,565
04/09/2017 20:55:07,118,10.9,1657.620,323.91,3.40,53,112,565
04/09/2017 20:55:17,106,10.9,1654.920,323.44,3.40,54,113,565
04/09/2017 20:55:27,99,10.9,1652.320,323.07,3.41,53,112,565
04/09/2017 20:55:37,118,10.9,1649.740,323.92,3.42,52,110,565
04/09/2017 20:55:47,116,10.9,1647.120,323.60,3.42,54,113,565
04/09/2017 20:55:57,121,10.9,1644.400,324.59,3.42,53,113,565
04/09/2017 20:56:07,116,10.9,1641.820,323.64,3.42,54,112,565
04/09/2017 20:56:17,106,10.9,1639.260,323.02,3.42,51,115,565
04/09/2017 20:56:27,137,10.9,1636.590,323.62,3.42,53,111,565
04/09/2017 20:56:37,100,10.9,1633.860,323.73,3.43,53,112,565
04/09/2017 20:56:47,90,10.9,1631.270,322.52,3.43,53,112,565
04/09/2017 20:56:57,112,10.9,1628.530,323.72,3.43,52,111,565
04/09/2017 20:57:07,109,10.9,1626.070,324.14,3.43,53,113,565
04/09/2017 20:57:17,116,10.9,1623.370,323.11,3.44,53,112,565
04/09/2017 20:57:27,124,10.9,1620.640,323.27,3.44,53,110,565
04/09/2017 20:57:37,139,10.9,1617.980,323.65,3.44,53,112,565
04/09/2017 20:57:47,126,10.9,1615.340,323.66,3.44,53,113,565
04/09/2017 20:57:57,128,10.9,1612.770,323.87,3.44,53,112,565
04/09/2017 20:58:07,119,10.9,1610.150,323.81,3.44,53,111,565
04/09/2017 20:58:17,106,10.9,1607.470,323.96,3.44,54,112,565
04/09/2017 20:58:27,136,10.8,1604.910,324.06,3.44,53,112,565
04/09/2017 20:58:37,134,10.9,1602.020,323.90,3.45,53,112,565
04/09/2017 20:58:47,119,10.9,1599.370,324.55,3.45,53,111,565
04/09/2017 20:58:57,152,10.8,1596.750,323.60,3.46,53,113,565
04/09/2017 20:59:07,129,10.9,1594.150,323.89,3.46,54,112,565
04/09/2017 20:59:17,132,10.9,1591.400,323.72,3.46,53,111,565
04/09/2017 20:59:27,115,10.9,1588.670,323.84,3.46,53,111,565
04/09/2017 20:59:37,110,10.8,1586.040,323.45,3.46,54,117,565
04/09/2017 20:59:47,99,10.9,1583.410,323.58,3.46,53,112,565
04/09/2017 20:59:57,105,10.9,1580.940,323.66,3.45,54,113,565
04/09/2017 21:00:07,111,10.9,1578.490,323.87,3.44,53,113,565
04/09/2017 21:00:17,143,10.8,1575.850,324.34,3.44,53,114,565
04/09/2017 21:00:27,116,10.9,1573.230,325.05,3.45,54,114,565
04/09/2017 21:00:37,120,10.9,1570.690,324.68,3.45,54,114,565
04/09/2017 21:00:47,119,10.9,1568.070,324.60,3.45,53,112,565
04/09/2017 21:00:57,121,10.9,1565.380,324.43,3.45,53,116,565
04/09/2017 21:01:07,122,10.9,1562.870,324.74,3.46,52,115,565
04/09/2017 21:01:17,128,10.9,1560.110,324.18,3.46,52,114,565
04/09/2017 21:01:27,99,10.9,1557.570,324.48,3.46,54,115,565
04/09/2017 21:01:37,108,10.8,1555.080,324.81,3.47,54,113,565
04/09/2017 21:01:47,109,10.9,1552.590,324.67,3.48,53,113,565
04/09/2017 21:01:57,140,10.9,1549.970,325.03,3.48,53,112,565
04/09/2017 21:02:07,109,10.9,1547.230,324.97,3.48,52,114,565
04/09/2017 21:02:17,126,10.9,1544.560,325.18,3.49,54,114,565
04/09/2017 21:02:27,137,10.9,1541.940,324.92,3.49,53,114,565
04/09/2017 21:02:37,121,10.9,1539.340,324.98,3.49,53,113,565
04/09/2017 21:02:47,103,10.9,1536.720,325.19,3.50,53,112,565
04/09/2017 21:02:57,149,10.9,1534.020,324.94,3.50,54,113,565
04/09/2017 21:03:07,141,10.9,1531.500,325.25,3.51,53,116,565
04/09/2017 21:03:17,105,10.9,1528.870,325.01,3.51,53,115,565
04/09/2017 21:03:27,132,10.9,1526.070,324.95,3.51,54,113,565
04/09/2017 21:03:37,168,10.9,1523.480,325.32,3.51,52,114,565
04/09/2017 21:03:47,121,10.9,1520.880,324.94,3.51,53,115,565
04/09/2017 21:03:57,112,10.9,1518.200,325.00,3.52,53,114,565
04/09/2017 21:04:07,155,10.8,1515.510,325.46,3.52,53,114,565
04/09/2017 21:04:17,151,10.9,1512.800,325.30,3.52,53,113,565
04/09/2017 21:04:27,127,10.8,1510.240,325.05,3.52,53,112,565
04/09/2017 21:04:37,124,10.9,1507.630,325.67,3.52,54,113,565
04/09/2017 21:04:47,158,10.9,1504.960,325.26,3.53,51,113,565
04/09/2017 21:04:57,141,10.9,1502.270,324.80,3.53,52,114,565
04/09/2017 21:05:07,133,10.9,1499.490,325.25,3.53,53,114,565
04/09/2017 21:05:17,117,10.9,1496.830,325.36,3.54,52,113,565
04/09/2017 21:05:27,109,10.9,1494.160,325.82,3.54,51,113,565
04/09/2017 21:05:37,121,10.9,1491.440,325.73,3.54,53,113,565
04/09/2017 21:05:47,149,10.9,1488.850,324.78,3.54,53,112,565
04/09/2017 21:05:57,110,10.9,1486.230,325.39,3.55,52,113,565
04/09/2017 21:06:07,103,10.9,1483.320,325.26,3.55,53,113,565
04/09/2017 21:06:17,126,10.9,1480.780,325.21,3.55,53,113,565
04/09/2017 21:06:27,138,10.9,1478.140,325.11,3.55,53,113,565
04/09/2017 21:06:37,130,10.9,1475.340,325.69,3.55,53,114,565
04/09/2017 21:06:47,142,10.9,1472.660,325.21,3.55,53,113,565
04/09/2017 21:06:57,123,10.9,1470.010,325.56,3.55,53,113,565
04/09/2017 21:07:07,116,10.9,1467.340,326.10,3.56,53,114,565
04/09/2017 21:07:17,138,10.9,1464.590,325.99,3.56,53,113,565
04/09/2017 21:07:27,117,10.9,1461.890,326.46,3.56,53,114,565
04/09/2017 21:07:37,119,10.9,1459.280,325.82,3.56,52,115,565
04/09/2017 21:07:47,143,10.9,1456.510,327.22,3.56,53,114,565
04/09/2017 21:07:57,122,10.9,1453.890,327.01,3.56,52,114,565
04/09/2017 21:08:07,140,10.9,1451.200,326.53,3.56,53,114,565
04/09/2017 21:08:17,125,10.9,1448.540,327.11,3.56,53,116,565
04/09/2017 21:08:27,122,10.9,1445.750,327.26,3.56,53,116,565
04/09/2017 21:08:37,128,10.9,1442.990,326.77,3.56,52,116,565
04/09/2017 21:08:47,131,10.9,1440.440,326.96,3.56,53,120,565
04/09/2017 21:08:57,127,10.9,1437.630,327.88,3.56,54,114,565
04/09/2017 21:09:07,120,10.9,1435.040,328.08,3.56,52,115,565
04/09/2017 21:09:17,129,10.8,1432.390,327.91,3.56,52,113,565
04/09/2017 21:09:27,121,10.9,1429.530,327.88,3.56,53,115,565
04/09/2017 21:09:37,127,10.9,1426.970,328.08,3.56,54,115,565
04/09/2017 21:09:47,135,10.9,1424.200,328.79,3.56,53,113,565
04/09/2017 21:09:57,113,10.9,1421.630,328.72,3.56,53,116,565
04/09/2017 21:10:07,125,10.9,1418.770,328.93,3.56,53,113,565
04/09/2017 21:10:17,119,10.9,1416.200,328.36,3.56,53,114,565
04/09/2017 21:10:27,117,10.9,1413.430,328.83,3.56,52,113,565
04/09/2017 21:10:37,149,10.8,1410.670,329.87,3.56,52,113,565
04/09/2017 21:10:47,125,10.9,1408.110,328.76,3.56,51,114,565
04/09/2017 21:10:57,125,10.9,1405.320,328.82,3.56,53,113,565
04/09/2017 21:11:07,150,10.9,1402.680,329.25,3.57,53,113,565
04/09/2017 21:11:17,136,10.9,1399.980,330.57,3.57,53,114,565
04/09/2017 21:11:27,129,10.9,1397.330,329.45,3.57,52,115,565
04/09/2017 21:11:37,118,10.9,1394.610,329.05,3.58,53,112,565
04/09/2017 21:11:47,159,10.9,1391.880,329.59,3.57,53,114,565
04/09/2017 21:11:57,133,10.9,1389.180,329.79,3.57,53,113,565
04/09/2017 21:12:07,123,10.9,1386.630,330.37,3.57,52,113,565
04/09/2017 21:12:17,137,10.9,1383.920,330.04,3.57,53,114,565
04/09/2017 21:12:27,129,10.9,1381.200,330.46,3.57,53,113,565
04/09/2017 21:12:37,137,10.9,1378.480,330.34,3.57,52,114,565
04/09/2017 21:12:47,122,10.9,1375.830,330.49,3.57,53,114,565
04/09/2017 21:12:57,139,10.9,1373.010,331.00,3.57,53,113,565
04/09/2017 21:13:07,118,10.9,1370.420,332.07,3.57,52,114,565
04/09/2017 21:13:17,151,10.9,1367.760,332.58,3.56,52,113,565
04/09/2017 21:13:27,141,10.9,1365.090,332.56,3.56,52,114,565
04/09/2017 21:13:37,114,10.9,1362.370,332.15,3.56,53,112,565
04/09/2017 21:13:47,107,10.9,1359.560,332.87,3.56,53,112,565
04/09/2017 21:13:57,139,10.9,1356.940,333.43,3.56,52,114,565
04/09/2017 21:14:07,126,10.9,1354.330,333.77,3.56,52,114,565
04/09/2017 21:14:17,105,10.9,1351.560,333.71,3.55,53,114,565
04/09/2017 21:14:27,125,10.9,1348.830,334.94,3.55,52,112,565
04/09/2017 21:14:37,143,10.9,1346.070,334.73,3.55,53,114,565
04/09/2017 21:14:47,126,10.9,1343.390,335.17,3.54,53,113,565
04/09/2017 21:14:57,110,10.9,1340.710,335.92,3.54,53,112,565
04/09/2017 21:15:07,136,10.9,1338.010,335.27,3.54,53,112,565
04/09/2017 21:15:17,121,10.9,1335.370,335.95,3.53,51,113,565
04/09/2017 21:15:27,124,10.9,1332.670,336.00,3.53,52,113,565
04/09/2017 21:15:37,130,10.9,1329.980,336.56,3.53,52,118,565
04/09/2017 21:15:47,110,10.9,1327.290,336.68,3.54,53,112,565
04/09/2017 21:15:57,125,10.9,1324.650,336.67,3.54,54,115,565
04/09/2017 21:16:07,131,10.9,1321.960,336.56,3.54,52,114,565
04/09/2017 21:16:17,114,10.9,1319.100,336.57,3.54,51,113,565
04/09/2017 21:16:27,136,10.9,1316.500,337.24,3.53,52,112,565
04/09/2017 21:16:37,118,10.9,1313.790,336.65,3.53,52,112,565
04/09/2017 21:16:47,123,10.9,1311.150,337.84,3.53,51,112,565
04/09/2017 21:16:57,98,10.9,1308.410,338.80,3.51,52,112,565
04/09/2017 21:17:07,127,10.9,1305.780,339.41,3.51,54,112,565
04/09/2017 21:17:17,132,10.9,1303.110,339.61,3.51,52,113,565
04/09/2017 21:17:27,121,10.9,1300.450,339.85,3.50,52,112,565
04/09/2017 21:17:37,139,10.9,1297.700,340.33,3.50,53,112,565
04/09/2017 21:17:47,119,10.9,1295.010,340.62,3.49,52,113,565
04/09/2017 21:17:57,110,10.9,1292.340,341.01,3.48,52,114,565
04/09/2017 21:18:07,121,10.9,1289.750,342.38,3.48,53,114,565
04/09/2017 21:18:17,108,10.9,1287.030,342.88,3.47,52,112,565
04/09/2017 21:18:27,131,10.8,1284.300,343.84,3.46,53,113,565
04/09/2017 21:18:37,117,10.9,1281.640,343.47,3.46,52,112,565
04/09/2017 21:18:47,115,10.9,1278.840,344.25,3.46,53,111,565
04/09/2017 21:18:57,142,10.9,1276.170,344.46,3.45,53,113,565
04/09/2017 21:19:07,137,10.9,1273.520,344.62,3.44,54,115,565
04/09/2017 21:19:17,116,10.9,1270.880,345.63,3.43,52,114,565
04/09/2017 21:19:27,134,10.9,1268.160,346.49,3.43,53,111,565
04/09/2017 21:19:37,143,10.8,1265.400,347.08,3.43,50,113,565
04/09/2017 21:19:47,139,10.8,1262.850,346.56,3.42,53,114,565
04/09/2017 21:19:57,119,10.9,1260.210,346.92,3.43,51,113,565
04/09/2017 21:20:07,126,10.9,1257.480,347.15,3.42,52,111,565
04/09/2017 21:20:17,126,10.9,1254.800,348.28,3.42,53,113,565
04/09/2017 21:20:27,145,10.9,1252.030,348.30,3.42,50,113,565
04/09/2017 21:20:37,123,10.9,1249.350,348.75,3.42,51,114,565
04/09/2017 21:20:47,130,10.9,1246.730,348.74,3.41,53,112,565
04/09/2017 21:20:57,160,10.9,1244.130,348.62,3.41,53,115,565
04/09/2017 21:21:07,196,10.8,1241.480,349.11,3.40,52,112,565
04/09/2017 21:21:17,142,10.9,1238.850,349.15,3.40,52,113,565
04/09/2017 21:21:27,118,10.9,1236.120,350.03,3.40,52,112,565
04/09/2017 21:21:37,125,10.9,1233.410,350.12,3.39,53,114,565
04/09/2017 21:21:47,124,10.9,1230.860,350.36,3.39,53,112,565
04/09/2017 21:21:57,115,10.9,1228.160,349.41,3.39,51,113,565
04/09/2017 21:22:07,139,10.9,1225.390,350.88,3.38,52,113,565
04/09/2017 21:22:17,128,10.9,1222.630,351.15,3.38,52,112,565
04/09/2017 21:22:27,133,10.9,1219.950,351.39,3.38,52,114,565
04/09/2017 21:22:37,119,10.9,1217.300,352.28,3.38,53,112,565
04/09/2017 21:22:47,130,10.9,1214.670,350.65,3.38,52,114,565
04/09/2017 21:22:57,119,10.9,1211.990,351.74,3.38,52,112,564
04/09/2017 21:23:07,132,10.9,1209.290,352.42,3.37,52,113,565
04/09/2017 21:23:17,145,10.9,1206.500,351.86,3.37,52,113,565
04/09/2017 21:23:27,136,10.9,1203.860,352.99,3.37,52,114,565
04/09/2017 21:23:37,142,10.9,1201.100,353.24,3.37,52,114,565
04/09/2017 21:23:47,136,10.9,1198.470,352.24,3.37,53,113,565
04/09/2017 21:23:57,128,10.9,1195.790,353.51,3.36,51,113,565
04/09/2017 21:24:07,116,10.9,1193.010,354.18,3.35,53,115,565
04/09/2017 21:24:17,133,10.9,1190.470,353.91,3.35,52,115,565
04/09/2017 21:24:27,108,10.9,1187.590,353.58,3.35,53,114,565
04/09/2017 21:24:37,122,10.9,1184.960,353.77,3.35,52,113,565
04/09/2017 21:24:47,133,10.9,1182.310,354.28,3.35,52,114,565
04/09/2017 21:24:57,147,10.9,1179.610,354.44,3.36,51,114,565
04/09/2017 21:25:07,121,10.9,1176.890,353.59,3.36,51,113,565
04/09/2017 21:25:17,108,10.9,1174.330,354.42,3.36,52,115,565
04/09/2017 21:25:27,128,10.9,1171.590,354.17,3.37,53,114,565
04/09/2017 21:25:37,140,10.9,1168.910,353.29,3.37,52,114,565
04/09/2017 21:25:47,128,10.9,1166.290,353.12,3.37,52,112,565
04/09/2017 21:25:57,110,10.9,1163.550,353.22,3.38,54,112,565
04/09/2017 21:26:07,128,10.9,1160.870,354.63,3.38,53,113,565
04/09/2017 21:26:17,115,10.9,1158.090,353.69,3.38,51,112,565
04/09/2017 21:26:27,103,10.9,1155.490,354.30,3.38,50,112,565
04/09/2017 21:26:37,121,10.9,1152.740,352.95,3.37,53,111,565
04/09/2017 21:26:47,121,10.9,1150.110,353.69,3.37,51,115,565
04/09/2017 21:26:57,130,10.9,1147.500,355.37,3.37,52,114,565
04/09/2017 21:27:07,140,10.9,1144.840,354.67,3.37,52,113,565
04/09/2017 21:27:17,130,10.9,1142.120,353.92,3.37,53,113,565
04/09/2017 21:27:27,122,10.9,1139.380,354.68,3.37,50,113,565
04/09/2017 21:27:37,130,10.9,1136.700,354.55,3.37,53,113,565
04/09/2017 21:27:47,124,10.9,1134.120,354.39,3.37,52,113,565
04/09/2017 21:27:57,133,10.9,1131.420,355.15,3.37,51,113,565
04/09/2017 21:28:07,112,10.9,1128.820,354.94,3.37,51,113,565
04/09/2017 21:28:17,149,10.9,1126.060,354.94,3.37,53,113,565
04/09/2017 21:28:27,136,10.9,1123.400,354.90,3.37,52,112,565
04/09/2017 21:28:37,137,10.9,1120.610,354.25,3.37,50,113,565
04/09/2017 21:28:47,128,10.9,1117.960,354.81,3.37,52,114,565
04/09/2017 21:28:57,115,10.9,1115.430,354.91,3.37,53,113,565
04/09/2017 21:29:07,123,10.9,1112.660,355.51,3.37,52,114,565
04/09/2017 21:29:17,141,10.9,1110.010,354.98,3.37,51,114,565
04/09/2017 21:29:27,109,10.9,1107.390,354.50,3.37,53,113,565
04/09/2017 21:29:37,126,10.9,1104.770,355.77,3.37,53,113,565
04/09/2017 21:29:47,118,10.9,1102.060,355.95,3.36,52,113,565
04/09/2017 21:29:57,123,10.9,1099.320,355.34,3.36,53,115,565
04/09/2017 21:30:07,159,10.9,1096.650,356.11,3.36,51,114,565
04/09/2017 21:30:17,105,10.9,1094.050,356.16,3.36,52,112,565
04/09/2017 21:30:27,109,10.9,1091.310,355.30,3.36,53,114,565
04/09/2017 21:30:37,147,10.9,1088.560,356.21,3.36,52,114,565
04/09/2017 21:30:47,132,10.9,1086.050,356.47,3.36,52,114,565
04/09/2017 21:30:57,128,10.9,1083.380,355.79,3.36,51,113,565
04/09/2017 21:31:07,117,10.9,1080.750,356.12,3.37,51,114,565
04/09/2017 21:31:17,130,10.9,1077.990,356.32,3.37,53,114,565
04/09/2017 21:31:27,130,10.9,1075.370,356.18,3.37,55,113,565
04/09/2017 21:31:37,141,10.8,1072.670,356.00,3.37,51,112,565
04/09/2017 21:31:47,144,10.9,1070.040,356.27,3.37,53,113,565
04/09/2017 21:31:57,147,10.9,1067.170,356.07,3.37,52,115,565
04/09/2017 21:32:07,127,10.9,1064.640,355.72,3.38,51,113,565
04/09/2017 21:32:17,125,10.9,1061.910,355.65,3.38,52,113,565
04/09/2017 21:32:27,129,10.9,1059.280,355.74,3.38,52,114,565
04/09/2017 21:32:37,130,10.9,1056.480,356.08,3.38,53,114,565
04/09/2017 21:32:47,131,10.9,1053.950,355.69,3.38,53,113,565
04/09/2017 21:32:57,123,10.9,1051.170,356.22,3.38,53,114,565
04/09/2017 21:33:07,124,10.9,1048.470,356.15,3.38,52,114,565
04/09/2017 21:33:17,145,10.9,1045.770,356.68,3.39,50,113,565
04/09/2017 21:33:27,130,10.9,1043.220,356.19,3.39,52,114,565
04/09/2017 21:33:37,115,10.9,1040.510,356.68,3.38,52,114,565
04/09/2017 21:33:47,125,10.9,1037.830,356.21,3.38,52,113,565
04/09/2017 21:33:57,125,10.9,1035.130,355.64,3.38,52,114,565
04/09/2017 21:34:07,135,10.9,1032.410,355.70,3.38,50,112,565
04/09/2017 21:34:17,128,10.9,1029.850,356.68,3.39,51,115,565
04/09/2017 21:34:27,122,10.9,1027.190,356.14,3.38,52,120,565
04/09/2017 21:34:37,150,10.8,1024.500,356.85,3.38,51,113,565
04/09/2017 21:34:47,142,10.9,1021.770,356.80,3.38,53,114,565
04/09/2017 21:34:57,122,10.9,1019.150,356.75,3.39,51,114,565
04/09/2017 21:35:07,116,10.9,1016.470,356.68,3.39,51,115,565
04/09/2017 21:35:17,143,10.9,1013.780,356.81,3.39,50,113,565
04/09/2017 21:35:27,135,10.9,1011.180,357.18,3.39,51,112,565
04/09/2017 21:35:37,150,10.8,1008.510,357.38,3.38,51,114,565
04/09/2017 21:35:47,125,10.9,1005.800,357.04,3.38,53,113,565
04/09/2017 21:35:57,125,10.9,1003.150,357.23,3.37,51,114,565
04/09/2017 21:36:07,125,10.9,1000.430,356.62,3.37,51,113,565
04/09/2017 21:36:17,122,10.9,997.790,356.82,3.38,52,114,565
04/09/2017 21:36:27,120,10.9,995.070,357.29,3.37,53,115,565
04/09/2017 21:36:37,124,10.9,992.360,357.39,3.37,53,114,565
04/09/2017 21:36:47,132,10.9,989.800,357.16,3.37,53,115,565
04/09/2017 21:36:57,126,10.9,987.120,357.20,3.37,54,121,565
04/09/2017 21:37:07,120,10.9,984.410,358.80,3.37,51,114,565
04/09/2017 21:37:17,127,10.9,981.710,357.46,3.37,52,115,565
04/09/2017 21:37:27,115,10.9,979.080,358.04,3.38,53,114,565
04/09/2017 21:37:37,123,10.9,976.470,357.91,3.38,51,113,565
04/09/2017 21:37:47,136,10.9,973.710,357.11,3.38,53,113,565
04/09/2017 21:37:57,131,10.9,971.150,357.85,3.39,51,113,565
04/09/2017 21:38:07,138,10.9,968.430,357.22,3.39,52,114,565
04/09/2017 21:38:17,127,10.9,965.720,357.63,3.39,51,115,565
04/09/2017 21:38:27,133,10.9,963.030,357.96,3.39,54,115,565
04/09/2017 21:38:37,133,10.9,960.350,357.48,3.39,51,113,565
04/09/2017 21:38:47,135,10.9,957.640,357.37,3.39,51,115,565
04/09/2017 21:38:57,135,10.9,955.060,357.35,3.39,53,114,565
04/09/2017 21:39:07,126,10.9,952.500,357.63,3.39,52,115,565
04/09/2017 21:39:17,137,10.9,949.820,357.91,3.39,52,116,565
04/09/2017 21:39:27,140,10.9,947.050,357.66,3.39,51,114,565
04/09/2017 21:39:37,147,10.8,944.420,357.61,3.39,53,115,565
04/09/2017 21:39:47,137,10.9,941.700,357.49,3.39,52,114,565
04/09/2017 21:39:57,113,10.9,939.070,357.74,3.39,54,115,565
04/09/2017 21:40:07,150,10.9,936.460,357.29,3.39,52,114,565
04/09/2017 21:40:17,130,10.9,933.780,358.33,3.39,52,114,565
04/09/2017 21:40:27,124,10.9,931.100,357.84,3.39,52,117,565
04/09/2017 21:40:37,127,10.9,928.360,357.53,3.39,51,115,565
04/09/2017 21:40:47,141,10.9,925.760,358.08,3.39,53,122,565
04/09/2017 21:40:57,132,10.9,923.140,359.04,3.39,53,116,565
04/09/2017 21:41:07,134,10.9,920.350,358.73,3.38,51,115,565
04/09/2017 21:41:17,133,10.9,917.690,358.42,3.38,52,114,565
04/09/2017 21:41:27,134,10.9,915.130,359.56,3.38,53,115,565
04/09/2017 21:41:37,130,10.9,912.500,358.76,3.38,52,113,565
04/09/2017 21:41:47,124,10.9,909.720,359.16,3.38,52,115,565
04/09/2017 21:41:57,146,10.9,907.090,359.10,3.38,52,114,565
04/09/2017 21:42:07,138,10.9,904.340,359.08,3.38,52,115,565
04/09/2017 21:42:17,133,10.9,901.710,359.25,3.38,52,116,565
04/09/2017 21:42:27,118,10.9,899.060,359.41,3.38,53,117,565
04/09/2017 21:42:37,123,10.9,896.400,360.12,3.38,53,117,565
04/09/2017 21:42:47,147,10.9,893.870,358.22,3.38,52,116,565
04/09/2017 21:42:57,137,10.9,891.150,359.26,3.38,54,115,565
04/09/2017 21:43:07,124,10.9,888.360,359.06,3.39,53,115,565
04/09/2017 21:43:17,135,10.9,885.820,359.53,3.39,53,115,565
04/09/2017 21:43:27,137,10.9,883.230,359.34,3.39,52,117,565
04/09/2017 21:43:37,136,10.9,880.490,359.24,3.39,53,116,565
04/09/2017 21:43:47,131,10.9,877.720,359.79,3.39,53,115,565
04/09/2017 21:43:57,133,10.9,875.040,359.26,3.39,51,116,565
04/09/2017 21:44:07,141,10.9,872.450,359.28,3.40,53,116,565
04/09/2017 21:44:17,155,10.9,869.770,359.06,3.40,53,115,565
04/09/2017 21:44:27,143,10.9,867.180,358.56,3.41,55,115,565
04/09/2017 21:44:37,119,10.9,864.450,359.14,3.40,52,117,565
04/09/2017 21:44:47,141,10.9,861.780,358.32,3.41,51,115,565
04/09/2017 21:44:57,146,10.9,859.160,358.93,3.41,53,115,565
04/09/2017 21:45:07,147,10.9,856.400,359.53,3.41,52,114,565
04/09/2017 21:45:17,136,10.9,853.850,359.34,3.41,51,115,565
04/09/2017 21:45:27,133,10.9,851.220,359.36,3.40,52,116,565
04/09/2017 21:45:37,120,10.9,848.560,359.35,3.41,52,115,565
04/09/2017 21:45:47,148,10.9,845.890,359.06,3.41,53,114,565
04/09/2017 21:45:57,145,10.9,843.160,360.04,3.41,52,115,565
04/09/2017 21:46:07,143,10.9,840.560,359.27,3.41,53,116,565
04/09/2017 21:46:17,129,10.9,837.970,359.64,3.41,53,115,565
04/09/2017 21:46:27,117,10.9,835.310,360.06,3.40,52,117,565
04/09/2017 21:46:37,125,10.9,832.630,361.32,3.38,54,117,565
04/09/2017 21:46:47,135,10.9,829.860,363.76,3.38,52,120,565
04/09/2017 21:46:57,140,10.9,827.270,362.60,3.38,53,118,565
04/09/2017 21:47:07,158,10.9,824.580,364.22,3.37,54,121,565
04/09/2017 21:47:17,139,10.9,821.970,363.10,3.37,53,137,565
04/09/2017 21:47:27,151,10.9,819.310,364.43,3.37,53,116,565
04/09/2017 21:47:37,123,10.9,816.660,363.94,3.37,54,117,565
04/09/2017 21:47:47,140,10.9,813.900,364.07,3.37,54,120,565
04/09/2017 21:47:57,124,10.9,811.350,364.20,3.37,54,121,565
04/09/2017 21:48:07,164,10.8,808.600,364.33,3.37,54,117,565
04/09/2017 21:48:17,145,10.9,806.080,364.45,3.38,53,118,565
04/09/2017 21:48:27,134,10.9,803.320,364.16,3.39,54,116,565
04/09/2017 21:48:37,136,10.9,800.730,363.37,3.40,53,116,565
04/09/2017 21:48:47,153,10.9,798.100,363.16,3.40,55,117,565
04/09/2017 21:48:57,143,10.8,795.310,362.86,3.41,53,116,565
04/09/2017 21:49:07,140,10.9,792.600,362.76,3.41,55,117,565
04/09/2017 21:49:17,146,10.9,789.960,362.47,3.41,53,116,565
04/09/2017 21:49:27,143,10.9,787.380,362.47,3.41,52,117,565
04/09/2017 21:49:37,150,10.9,784.690,362.26,3.43,52,115,565
04/09/2017 21:49:47,145,10.9,782.070,360.61,3.43,53,116,565
04/09/2017 21:49:57,145,10.9,779.480,361.17,3.44,54,115,565
04/09/2017 21:50:07,145,10.9,776.810,360.34,3.44,52,116,565
04/09/2017 21:50:17,137,10.8,774.140,360.86,3.44,54,115,565
04/09/2017 21:50:27,143,10.9,771.380,360.80,3.45,55,117,565
04/09/2017 21:50:37,134,10.9,768.720,360.78,3.45,55,119,565
04/09/2017 21:50:47,148,10.8,766.070,361.34,3.45,52,116,565
04/09/2017 21:50:57,155,10.8,763.430,361.15,3.45,53,117,565
04/09/2017 21:51:07,151,10.8,760.790,360.92,3.46,54,117,565
04/09/2017 21:51:17,149,10.8,758.220,361.04,3.46,54,119,565
04/09/2017 21:51:27,149,10.9,755.490,362.60,3.46,53,116,565
04/09/2017 21:51:37,137,10.9,752.920,361.87,3.47,55,116,565
04/09/2017 21:51:47,148,10.9,750.130,362.10,3.47,56,118,565
04/09/2017 21:51:57,156,10.9,747.590,363.15,3.48,57,116,565
04/09/2017 21:52:07,133,10.9,744.900,362.45,3.48,58,118,565
04/09/2017 21:52:17,165,10.9,742.230,363.30,3.48,57,117,565
04/09/2017 21:52:27,153,10.8,739.510,364.23,3.48,56,116,565
04/09/2017 21:52:37,128,10.9,736.950,363.89,3.49,59,120,565
04/09/2017 21:52:47,152,10.9,734.190,364.44,3.49,58,118,565
04/09/2017 21:52:57,151,10.9,731.720,365.10,3.50,60,122,565
04/09/2017 21:53:07,157,10.9,728.960,365.38,3.49,61,117,565
04/09/2017 21:53:17,161,10.9,726.260,366.07,3.49,61,119,565
04/09/2017 21:53:27,150,10.9,723.760,366.65,3.49,60,118,565
04/09/2017 21:53:37,143,10.9,721.080,367.44,3.49,61,118,565
04/09/2017 21:53:47,147,10.9,718.410,367.90,3.49,60,119,565
04/09/2017 21:53:57,164,10.9,715.830,367.21,3.49,60,121,565
04/09/2017 21:54:07,138,10.9,713.000,368.00,3.49,62,119,565
04/09/2017 21:54:17,168,10.9,710.430,368.17,3.49,59,121,565
04/09/2017 21:54:27,147,10.9,707.720,367.26,3.49,59,120,565
04/09/2017 21:54:37,150,10.9,705.150,367.74,3.49,62,118,565
04/09/2017 21:54:47,152,10.9,702.550,367.96,3.49,60,122,565
04/09/2017 21:54:57,155,10.9,699.760,368.10,3.49,60,121,565
04/09/2017 21:55:07,149,10.9,697.270,368.50,3.49,62,120,565
04/09/2017 21:55:17,155,10.9,694.480,368.24,3.49,61,132,565
04/09/2017 21:55:27,157,10.9,691.980,369.14,3.49,62,121,565
04/09/2017 21:55:37,151,10.9,689.320,369.26,3.49,61,120,565
04/09/2017 21:55:47,147,10.9,686.740,369.20,3.49,61,120,565
04/09/2017 21:55:57,156,10.9,683.960,369.26,3.49,62,121,565
04/09/2017 21:56:07,147,10.9,681.280,369.72,3.48,67,122,565
04/09/2017 21:56:17,162,10.9,678.720,370.76,3.49,68,123,565
04/09/2017 21:56:27,153,10.9,676.040,372.14,3.47,63,122,565
04/09/2017 21:56:37,158,10.9,673.500,371.28,3.48,70,122,565
04/09/2017 21:56:47,155,10.9,670.820,372.71,3.47,69,123,565
04/09/2017 21:56:57,154,10.8,668.110,373.27,3.47,68,126,565
04/09/2017 21:57:07,148,10.9,665.460,373.99,3.47,68,133,565
04/09/2017 21:57:17,155,10.9,662.890,374.75,3.47,68,145,565
04/09/2017 21:57:27,150,10.9,660.190,373.54,3.47,68,127,565
04/09/2017 21:57:37,145,10.9,657.480,375.26,3.47,70,123,565
04/09/2017 21:57:47,170,10.8,654.870,374.51,3.47,68,124,565
04/09/2017 21:57:57,186,10.8,652.290,374.57,3.47,69,121,565
04/09/2017 21:58:07,150,10.9,649.660,374.87,3.47,68,123,565
04/09/2017 21:58:17,142,10.9,647.020,375.27,3.47,69,124,565
04/09/2017 21:58:27,170,10.8,644.380,375.42,3.47,69,124,565
04/09/2017 21:58:37,149,10.8,641.710,374.63,3.47,71,123,565
04/09/2017 21:58:47,161,10.9,639.010,374.46,3.47,69,126,565
04/09/2017 21:58:57,152,10.9,636.350,375.26,3.47,67,124,565
04/09/2017 21:59:07,148,10.9,633.820,374.33,3.47,69,125,565
04/09/2017 21:59:17,160,10.9,631.100,375.04,3.47,69,123,565
04/09/2017 21:59:27,149,10.8,628.420,375.03,3.47,69,125,565
04/09/2017 21:59:37,147,10.9,625.910,374.52,3.47,71,123,565
04/09/2017 21:59:47,163,10.9,623.220,374.96,3.47,69,123,565
04/09/2017 21:59:57,173,10.9,620.510,375.05,3.47,68,130,565
04/09/2017 22:00:07,162,10.9,617.970,375.19,3.47,70,125,565
04/09/2017 22:00:17,161,10.9,615.320,375.40,3.47,69,122,565
04/09/2017 22:00:27,165,10.9,612.710,374.90,3.47,67,122,565
04/09/2017 22:00:37,145,10.9,610.050,374.90,3.50,67,122,565
04/09/2017 22:00:47,146,10.9,607.400,373.39,3.52,65,119,565
04/09/2017 22:00:57,159,10.9,604.690,372.98,3.52,65,122,565
04/09/2017 22:01:07,154,10.9,602.050,373.17,3.53,64,122,565
04/09/2017 22:01:17,166,10.8,599.460,372.04,3.54,66,121,565
04/09/2017 22:01:27,174,10.8,596.840,371.97,3.55,64,121,565
04/09/2017 22:01:37,161,10.8,594.230,372.26,3.54,63,121,565
04/09/2017 22:01:47,182,10.8,591.590,371.81,3.54,66,122,565
04/09/2017 22:01:57,164,10.8,588.870,372.60,3.55,65,120,565
04/09/2017 22:02:07,161,10.9,586.170,372.16,3.52,65,122,565
04/09/2017 22:02:17,145,10.9,583.570,371.49,3.51,65,122,565
04/09/2017 22:02:27,153,10.9,581.000,371.82,3.51,65,120,565
04/09/2017 22:02:37,152,10.8,578.320,371.88,3.54,65,121,565
04/09/2017 22:02:47,161,10.9,575.770,373.41,3.55,67,121,565
04/09/2017 22:02:57,156,10.9,573.110,372.15,3.56,67,123,565
04/09/2017 22:03:07,141,10.9,570.490,372.85,3.58,68,124,565
04/09/2017 22:03:17,155,10.9,567.790,372.94,3.58,68,122,565
04/09/2017 22:03:27,156,10.8,565.190,374.47,3.58,68,122,565
04/09/2017 22:03:37,170,10.9,562.490,374.04,3.58,68,121,565
04/09/2017 22:03:47,157,10.8,559.890,372.88,3.58,69,123,565
04/09/2017 22:03:57,149,10.9,557.320,373.56,3.58,67,122,565
04/09/2017 22:04:07,162,10.9,554.660,373.55,3.58,67,122,565
04/09/2017 22:04:17,161,10.8,552.070,374.63,3.58,68,121,565
04/09/2017 22:04:27,163,10.8,549.280,373.37,3.58,68,121,565
04/09/2017 22:04:37,179,10.8,546.830,373.81,3.57,67,121,565
04/09/2017 22:04:47,150,10.9,544.130,373.34,3.57,69,123,565
04/09/2017 22:04:57,138,10.9,541.490,373.93,3.57,69,121,565
04/09/2017 22:05:07,172,10.8,538.790,374.86,3.57,69,123,565
04/09/2017 22:05:17,159,10.9,536.160,373.44,3.57,70,124,565
04/09/2017 22:05:27,182,10.8,533.600,375.21,3.57,69,122,565
04/09/2017 22:05:37,167,10.8,530.940,375.01,3.57,68,123,565
04/09/2017 22:05:47,161,10.9,528.310,374.04,3.57,67,121,565
04/09/2017 22:05:57,160,10.8,525.680,374.14,3.57,68,121,565
04/09/2017 22:06:07,178,10.8,522.920,374.18,3.57,69,121,565
04/09/2017 22:06:17,186,10.9,520.290,375.13,3.57,69,123,565
04/09/2017 22:06:27,157,10.9,517.730,374.74,3.57,70,122,565
04/09/2017 22:06:37,169,10.8,515.130,375.30,3.56,69,123,565
04/09/2017 22:06:47,167,10.8,512.450,374.92,3.56,69,121,565
04/09/2017 22:06:57,155,10.9,509.780,374.61,3.55,69,122,565
04/09/2017 22:07:07,137,10.9,507.220,374.41,3.55,68,123,565
04/09/2017 22:07:17,158,10.9,504.580,375.61,3.56,68,122,565
04/09/2017 22:07:27,151,10.9,502.000,374.92,3.57,69,121,565
04/09/2017 22:07:37,163,10.9,499.340,375.10,3.57,69,125,565
04/09/2017 22:07:47,167,10.8,496.700,374.16,3.57,68,122,565
04/09/2017 22:07:57,154,10.9,494.020,374.45,3.57,70,122,565
04/09/2017 22:08:07,151,10.9,491.350,375.31,3.57,69,124,565
04/09/2017 22:08:17,157,10.9,488.700,375.51,3.57,69,124,565
04/09/2017 22:08:27,149,10.9,486.120,375.01,3.57,69,122,565
04/09/2017 22:08:37,161,10.9,483.550,375.01,3.57,69,123,565
04/09/2017 22:08:47,151,10.9,480.890,374.14,3.57,69,123,565
04/09/2017 22:08:57,152,10.9,478.180,375.03,3.57,69,124,565
04/09/2017 22:09:07,164,10.9,475.550,376.66,3.57,68,121,565
04/09/2017 22:09:17,157,10.8,472.940,375.53,3.58,68,121,565
04/09/2017 22:09:27,150,10.9,470.300,375.73,3.58,70,122,565
04/09/2017 22:09:37,170,10.9,467.750,375.14,3.58,70,122,565
04/09/2017 22:09:47,161,10.9,465.150,375.74,3.58,69,123,565
04/09/2017 22:09:57,153,10.9,462.500,375.23,3.58,69,122,565
04/09/2017 22:10:07,146,10.9,459.870,376.10,3.58,69,123,565
04/09/2017 22:10:17,152,10.9,457.190,375.27,3.58,70,122,565
04/09/2017 22:10:27,141,10.9,454.480,375.78,3.57,70,123,565
04/09/2017 22:10:37,154,10.9,451.920,375.67,3.56,68,124,565
04/09/2017 22:10:47,153,10.9,449.310,376.37,3.56,70,123,565
04/09/2017 22:10:57,166,10.9,446.550,376.07,3.56,69,124,565
04/09/2017 22:11:07,166,10.8,443.950,375.63,3.55,68,123,565
04/09/2017 22:11:17,160,10.9,441.300,376.45,3.54,68,123,565
04/09/2017 22:11:27,174,10.8,438.700,375.96,3.53,67,124,565
04/09/2017 22:11:37,155,10.8,436.130,376.31,3.53,68,122,565
04/09/2017 22:11:47,158,10.8,433.390,377.70,3.52,69,123,565
04/09/2017 22:11:57,158,10.9,430.900,376.76,3.52,68,122,565
04/09/2017 22:12:07,176,10.9,428.240,376.98,3.51,69,125,565
04/09/2017 22:12:17,176,10.8,425.570,377.01,3.51,69,127,565
04/09/2017 22:12:27,159,10.9,422.940,376.57,3.51,68,123,565
04/09/2017 22:12:37,156,10.8,420.240,377.29,3.51,69,124,565
04/09/2017 22:12:47,159,10.9,417.620,376.46,3.51,69,125,565
04/09/2017 22:12:57,153,10.9,415.030,376.99,3.51,68,125,565
04/09/2017 22:13:07,164,10.9,412.350,378.12,3.50,70,123,565
04/09/2017 22:13:17,170,10.9,409.770,377.32,3.51,68,124,565
04/09/2017 22:13:27,163,10.9,407.120,378.14,3.50,69,123,565
04/09/2017 22:13:37,156,10.9,404.560,377.18,3.50,67,123,565
04/09/2017 22:13:47,180,10.8,401.790,377.74,3.50,68,123,565
04/09/2017 22:13:57,174,10.8,399.200,377.62,3.50,68,123,565
04/09/2017 22:14:07,150,10.9,396.590,378.06,3.50,70,123,565
04/09/2017 22:14:17,148,10.9,393.900,378.31,3.49,68,124,565
04/09/2017 22:14:27,160,10.9,391.240,378.69,3.50,70,123,565
04/09/2017 22:14:37,158,10.9,388.610,378.82,3.50,71,124,565
04/09/2017 22:14:47,144,10.9,386.070,378.43,3.50,69,124,565
04/09/2017 22:14:57,158,10.9,383.440,378.80,3.50,72,124,565
04/09/2017 22:15:07,153,10.9,380.820,378.88,3.50,71,125,565
04/09/2017 22:15:17,184,10.8,378.250,378.68,3.50,71,125,565
04/09/2017 22:15:27,174,10.8,375.530,379.38,3.50,71,124,565
04/09/2017 22:15:37,145,10.9,372.850,380.15,3.50,71,125,565
04/09/2017 22:15:47,181,10.8,370.220,378.54,3.50,71,125,565
04/09/2017 22:15:57,166,10.8,367.740,379.70,3.50,70,124,565
04/09/2017 22:16:07,154,10.9,364.960,379.93,3.50,71,123,565
04/09/2017 22:16:17,152,10.9,362.420,379.10,3.51,72,123,565
04/09/2017 22:16:27,163,10.9,359.800,378.66,3.51,72,125,565
04/09/2017 22:16:37,165,10.9,357.070,379.74,3.51,73,125,565
04/09/2017 22:16:47,168,10.9,354.520,379.23,3.51,71,124,565
04/09/2017 22:16:57,157,10.8,351.970,379.53,3.51,72,124,565
04/09/2017 22:17:07,160,10.8,349.290,380.01,3.51,71,125,564
04/09/2017 22:17:17,151,10.9,346.690,380.09,3.51,74,124,565
04/09/2017 22:17:27,170,10.9,344.040,379.81,3.51,72,124,565
04/09/2017 22:17:37,155,10.9,341.470,379.77,3.51,72,124,565
04/09/2017 22:17:47,156,10.9,338.800,379.54,3.51,72,123,565
04/09/2017 22:17:57,175,10.9,336.020,380.23,3.52,74,123,565
04/09/2017 22:18:07,171,10.8,333.560,379.29,3.52,73,149,565
04/09/2017 22:18:17,174,10.9,330.980,379.82,3.52,74,123,565
04/09/2017 22:18:27,163,10.9,328.250,380.35,3.52,74,126,565
04/09/2017 22:18:37,153,10.9,325.710,379.49,3.52,75,126,565
04/09/2017 22:18:47,170,10.9,322.940,380.01,3.53,76,124,565
04/09/2017 22:18:57,166,10.9,320.440,380.72,3.53,76,127,565
04/09/2017 22:19:07,170,10.9,317.760,380.23,3.53,76,125,565
04/09/2017 22:19:17,166,10.9,315.170,379.80,3.53,76,124,565
04/09/2017 22:19:27,162,10.8,312.510,380.01,3.54,77,127,565
04/09/2017 22:19:37,142,10.9,310.000,380.92,3.54,80,126,565
04/09/2017 22:19:47,168,10.9,307.330,380.11,3.54,80,127,565
04/09/2017 22:19:57,158,10.8,304.570,379.99,3.54,79,124,565
04/09/2017 22:20:07,162,10.8,302.060,380.93,3.54,79,125,565
04/09/2017 22:20:17,182,10.8,299.360,380.53,3.54,80,132,565
04/09/2017 22:20:27,171,10.9,296.730,380.29,3.54,80,127,565
04/09/2017 22:20:37,158,10.9,294.120,380.44,3.54,79,126,565
04/09/2017 22:20:47,157,10.8,291.490,381.32,3.54,79,125,565
04/09/2017 22:20:57,176,10.9,288.990,381.17,3.54,80,125,565
04/09/2017 22:21:07,189,10.8,286.250,380.75,3.54,79,124,565
04/09/2017 22:21:17,158,10.9,283.740,381.32,3.54,81,124,565
04/09/2017 22:21:27,153,10.9,281.130,380.78,3.55,79,126,565
04/09/2017 22:21:37,155,10.9,278.460,380.58,3.55,79,125,565
04/09/2017 22:21:47,163,10.8,275.890,381.08,3.55,79,125,565
04/09/2017 22:21:57,165,10.9,273.290,380.64,3.55,81,127,565
04/09/2017 22:22:07,163,10.8,270.640,381.21,3.55,80,127,565
04/09/2017 22:22:17,185,10.8,267.940,381.26,3.55,81,125,565
04/09/2017 22:22:27,177,10.8,265.250,381.54,3.55,83,125,565
04/09/2017 22:22:37,164,10.9,262.690,380.91,3.55,81,128,565
04/09/2017 22:22:47,166,10.9,260.030,381.24,3.55,81,124,565
04/09/2017 22:22:57,165,10.8,257.450,381.83,3.55,82,125,564
04/09/2017 22:23:07,145,10.9,254.930,381.67,3.55,82,127,565
04/09/2017 22:23:17,161,10.8,252.200,381.79,3.55,81,124,565
04/09/2017 22:23:27,189,10.8,249.550,381.54,3.55,80,126,565
04/09/2017 22:23:37,173,10.8,247.070,380.70,3.55,82,127,565
04/09/2017 22:23:47,172,10.8,244.330,381.78,3.55,81,125,565
04/09/2017 22:23:57,185,10.8,241.830,381.92,3.55,82,126,565
04/09/2017 22:24:07,156,10.9,239.230,381.08,3.55,82,126,565
04/09/2017 22:24:17,153,10.9,236.510,381.65,3.56,82,127,565
04/09/2017 22:24:27,168,10.8,233.980,381.00,3.56,83,126,565
04/09/2017 22:24:37,194,10.8,231.220,382.71,3.56,81,123,565
04/09/2017 22:24:47,167,10.9,228.740,382.15,3.56,83,124,564
04/09/2017 22:24:57,154,10.9,226.040,381.61,3.56,82,125,565
04/09/2017 22:25:07,179,10.8,223.440,382.06,3.56,81,126,565
04/09/2017 22:25:17,170,10.9,220.930,382.05,3.56,83,126,565
04/09/2017 22:25:27,165,10.8,218.180,382.76,3.56,86,128,565
04/09/2017 22:25:37,163,10.9,215.540,381.99,3.57,84,126,565
04/09/2017 22:25:47,175,10.8,212.980,381.19,3.57,86,126,565
04/09/2017 22:25:57,160,10.9,210.380,382.12,3.57,86,126,565
04/09/2017 22:26:07,176,10.9,207.640,381.89,3.56,84,127,565
04/09/2017 22:26:17,157,10.9,205.160,382.64,3.57,83,126,565
04/09/2017 22:26:27,139,10.9,202.630,382.33,3.57,84,125,565
04/09/2017 22:26:37,152,10.9,199.890,382.65,3.57,87,129,565
04/09/2017 22:26:47,177,10.8,197.340,382.67,3.57,84,127,565
04/09/2017 22:26:57,171,10.9,194.600,381.84,3.57,84,126,564
04/09/2017 22:27:07,167,10.9,192.050,381.67,3.57,85,128,565
04/09/2017 22:27:17,177,10.8,189.410,382.55,3.56,83,129,565
04/09/2017 22:27:27,164,10.9,186.780,382.78,3.56,81,125,565
04/09/2017 22:27:37,157,10.8,184.220,381.77,3.56,83,126,565
04/09/2017 22:27:47,173,10.8,181.520,382.53,3.56,85,126,565
04/09/2017 22:27:57,182,10.8,178.990,382.69,3.56,85,126,565
04/09/2017 22:28:07,462,10.6,178.010,382.96,3.56,94,128,565
04/09/2017 22:28:17,422,10.7,178.000,382.51,3.56,94,127,565
04/09/2017 22:28:27,398,10.6,177.890,383.09,3.57,90,127,565
04/09/2017 22:28:37,414,10.5,177.950,383.48,3.57,96,126,565
04/09/2017 22:28:47,406,10.6,177.880,382.75,3.56,92,128,565
04/09/2017 22:28:57,375,10.7,177.860,382.52,3.56,95,125,565
04/09/2017 22:29:07,391,10.5,177.860,383.25,3.56,94,130,565

 Ramp exit:    SMOOTH RUNNING
 Profile exit: TOP PRESSURE

 Vehicle motion stopped at 04/09/2017 22:29:11
 Sensor logging stopped at 04/09/2017 22:31:19
