
 Profile 342

 Sensors were turned on at  04/22/2017 08:00:02
 Vehicle began profiling at 04/22/2017 08:02:04

Date,[mA],[V],[dbar],Oxygen[uM],Optode Temp[C],Chl,NTU,Therm
04/22/2017 08:02:04,0,11.1,0.000,0.00,0.00,127,143,567
04/22/2017 08:02:14,211,10.7,0.000,0.00,0.00,123,154,566
04/22/2017 08:02:24,177,10.9,0.000,0.00,0.00,118,143,566
04/22/2017 08:02:37,264,10.7,181.910,380.45,4.22,118,147,566
04/22/2017 08:02:47,131,11.0,184.580,380.66,4.22,113,144,566
04/22/2017 08:02:57,143,10.9,187.220,380.34,4.20,107,142,566
04/22/2017 08:03:07,142,10.9,189.900,379.25,4.19,108,140,566
04/22/2017 08:03:17,146,10.9,192.580,379.79,4.19,106,142,566
04/22/2017 08:03:27,147,10.9,195.350,379.56,4.19,105,141,566
04/22/2017 08:03:37,141,10.9,197.960,379.40,4.18,105,149,566
04/22/2017 08:03:47,137,10.9,200.660,379.27,4.18,106,140,565
04/22/2017 08:03:57,147,10.9,203.340,379.23,4.18,105,140,565
04/22/2017 08:04:07,157,10.9,206.000,378.20,4.17,103,140,565
04/22/2017 08:04:17,139,10.9,208.670,378.76,4.17,101,142,565
04/22/2017 08:04:27,148,10.9,211.460,378.29,4.15,99,138,565
04/22/2017 08:04:37,153,10.9,214.090,378.58,4.14,99,139,565
04/22/2017 08:04:47,134,10.9,216.770,377.92,4.14,99,138,565
04/22/2017 08:04:57,143,10.9,219.480,377.45,4.13,98,147,565
04/22/2017 08:05:07,141,10.9,222.160,377.71,4.12,94,137,565
04/22/2017 08:05:17,150,10.9,224.760,377.45,4.11,93,136,565
04/22/2017 08:05:27,146,10.9,227.540,378.20,4.10,90,140,565
04/22/2017 08:05:37,136,10.9,230.220,376.78,4.09,91,134,565
04/22/2017 08:05:47,149,10.9,232.890,377.39,4.09,90,134,565
04/22/2017 08:05:57,133,10.9,235.590,376.29,4.09,89,133,565
04/22/2017 08:06:07,127,10.9,238.160,377.52,4.08,89,132,565
04/22/2017 08:06:17,131,10.9,240.850,376.81,4.08,85,131,565
04/22/2017 08:06:27,131,10.9,243.490,375.47,4.06,85,128,565
04/22/2017 08:06:37,136,10.9,246.190,376.33,4.06,85,130,565
04/22/2017 08:06:47,119,10.9,248.860,376.46,4.06,83,131,565
04/22/2017 08:06:57,136,10.8,251.700,375.17,4.04,85,133,565
04/22/2017 08:07:07,145,10.8,254.280,375.60,4.03,82,129,565
04/22/2017 08:07:17,126,10.9,256.920,375.55,4.03,80,132,565
04/22/2017 08:07:27,128,10.8,259.720,374.56,4.02,78,129,565
04/22/2017 08:07:37,142,10.9,262.390,375.42,4.01,78,128,565
04/22/2017 08:07:47,132,10.9,264.990,374.79,4.01,77,127,565
04/22/2017 08:07:57,133,10.9,267.660,373.92,4.00,75,126,565
04/22/2017 08:08:07,132,10.8,270.340,374.81,3.99,74,127,565
04/22/2017 08:08:17,132,10.8,273.040,373.73,3.99,73,127,565
04/22/2017 08:08:27,130,10.8,275.830,373.06,3.99,72,125,564
04/22/2017 08:08:37,138,10.8,278.450,374.37,3.98,72,127,565
04/22/2017 08:08:47,136,10.8,281.080,372.75,3.98,71,124,564
04/22/2017 08:08:57,137,10.8,283.760,373.47,3.98,70,125,564
04/22/2017 08:09:07,137,10.8,286.450,373.19,3.97,71,125,564
04/22/2017 08:09:17,134,10.8,289.250,373.07,3.97,69,126,564
04/22/2017 08:09:27,135,10.8,291.780,372.81,3.97,71,126,564
04/22/2017 08:09:37,128,10.8,294.540,373.32,3.97,69,130,564
04/22/2017 08:09:47,143,10.8,297.280,373.07,3.96,69,123,564
04/22/2017 08:09:57,141,10.8,299.800,372.68,3.96,69,124,564
04/22/2017 08:10:07,142,10.8,302.480,373.77,3.96,67,123,564
04/22/2017 08:10:17,130,10.9,305.150,372.97,3.95,65,125,564
04/22/2017 08:10:27,141,10.8,307.880,373.36,3.95,67,125,564
04/22/2017 08:10:37,144,10.8,310.610,372.97,3.95,65,124,564
04/22/2017 08:10:47,150,10.8,313.280,372.69,3.94,67,124,564
04/22/2017 08:10:57,131,10.8,315.900,371.81,3.94,66,123,564
04/22/2017 08:11:07,142,10.8,318.550,371.52,3.94,64,124,564
04/22/2017 08:11:17,137,10.8,321.170,372.43,3.94,66,123,564
04/22/2017 08:11:27,148,10.8,323.980,371.43,3.94,67,130,564
04/22/2017 08:11:37,137,10.8,326.650,371.45,3.94,66,124,564
04/22/2017 08:11:47,136,10.8,329.370,372.24,3.94,66,124,564
04/22/2017 08:11:57,126,10.8,332.070,372.33,3.94,66,124,564
04/22/2017 08:12:07,126,10.8,334.740,372.35,3.93,68,123,564
04/22/2017 08:12:17,128,10.8,337.450,372.25,3.92,68,125,564
04/22/2017 08:12:27,140,10.8,340.170,372.49,3.92,66,123,564
04/22/2017 08:12:37,133,10.8,342.750,373.48,3.92,68,124,564
04/22/2017 08:12:47,145,10.8,345.310,374.48,3.92,67,125,564
04/22/2017 08:12:57,131,10.8,348.080,374.26,3.92,66,124,564
04/22/2017 08:13:07,120,10.8,350.750,373.54,3.92,66,123,564
04/22/2017 08:13:17,148,10.8,353.430,373.52,3.91,66,124,564
04/22/2017 08:13:27,127,10.8,356.110,373.37,3.90,64,122,564
04/22/2017 08:13:37,135,10.8,358.780,373.05,3.89,64,123,564
04/22/2017 08:13:47,124,10.8,361.460,373.13,3.88,65,123,564
04/22/2017 08:13:57,127,10.9,364.220,373.44,3.88,64,120,564
04/22/2017 08:14:07,127,10.9,366.860,371.96,3.88,65,124,564
04/22/2017 08:14:17,138,10.8,369.540,372.93,3.87,63,120,564
04/22/2017 08:14:27,131,10.9,372.150,372.86,3.87,64,122,564
04/22/2017 08:14:37,132,10.8,374.940,373.12,3.87,64,122,564
04/22/2017 08:14:47,136,10.8,377.630,372.02,3.86,63,120,564
04/22/2017 08:14:57,131,10.8,380.210,372.41,3.86,65,122,564
04/22/2017 08:15:07,128,10.8,382.880,372.22,3.86,63,121,564
04/22/2017 08:15:17,138,10.8,385.580,371.88,3.85,63,121,564
04/22/2017 08:15:27,129,10.9,388.240,372.05,3.85,63,122,564
04/22/2017 08:15:37,124,10.9,390.930,371.99,3.85,63,128,564
04/22/2017 08:15:47,131,10.9,393.650,371.46,3.85,63,122,564
04/22/2017 08:15:57,137,10.8,396.260,371.35,3.85,63,120,564
04/22/2017 08:16:07,139,10.9,398.960,371.54,3.85,62,122,564
04/22/2017 08:16:17,123,10.8,401.620,372.06,3.85,62,121,564
04/22/2017 08:16:27,132,10.9,404.370,372.70,3.85,64,120,564
04/22/2017 08:16:37,134,10.8,407.120,371.02,3.84,64,118,564
04/22/2017 08:16:47,133,10.8,409.690,372.54,3.84,63,123,564
04/22/2017 08:16:57,132,10.8,412.430,371.24,3.84,62,120,564
04/22/2017 08:17:07,134,10.8,415.090,370.84,3.84,62,120,564
04/22/2017 08:17:17,130,10.9,417.800,371.58,3.83,63,121,564
04/22/2017 08:17:27,134,10.8,420.500,370.98,3.83,63,125,564
04/22/2017 08:17:37,128,10.9,423.170,370.93,3.83,62,121,564
04/22/2017 08:17:47,124,10.9,425.780,371.50,3.82,64,120,564
04/22/2017 08:17:57,128,10.9,428.520,371.52,3.81,63,123,564
04/22/2017 08:18:07,128,10.9,431.120,371.16,3.81,64,119,564
04/22/2017 08:18:17,133,10.8,433.910,370.99,3.81,61,122,564
04/22/2017 08:18:27,130,10.9,436.630,370.40,3.81,63,120,564
04/22/2017 08:18:37,125,10.9,439.300,370.40,3.80,62,119,564
04/22/2017 08:18:47,140,10.9,441.810,371.25,3.80,63,122,564
04/22/2017 08:18:57,131,10.9,444.640,370.88,3.79,62,121,564
04/22/2017 08:19:07,137,10.9,447.170,370.94,3.79,62,118,564
04/22/2017 08:19:17,135,10.8,450.040,370.74,3.79,63,120,564
04/22/2017 08:19:27,135,10.9,452.710,371.51,3.79,62,122,564
04/22/2017 08:19:37,127,10.9,455.370,371.31,3.78,61,119,564
04/22/2017 08:19:47,136,10.9,457.980,371.26,3.78,64,120,564
04/22/2017 08:19:57,144,10.8,460.620,371.32,3.78,62,124,564
04/22/2017 08:20:07,135,10.8,463.310,371.99,3.78,62,121,564
04/22/2017 08:20:17,129,10.9,465.960,371.63,3.78,61,121,564
04/22/2017 08:20:27,137,10.9,468.680,371.18,3.78,63,120,564
04/22/2017 08:20:37,134,10.9,471.210,370.47,3.78,62,120,564
04/22/2017 08:20:47,144,10.8,473.960,370.54,3.77,61,120,564
04/22/2017 08:20:57,137,10.9,476.790,371.28,3.77,62,119,564
04/22/2017 08:21:07,128,10.9,479.380,370.71,3.76,61,119,564
04/22/2017 08:21:17,134,10.9,482.030,371.22,3.76,61,121,564
04/22/2017 08:21:27,144,10.9,484.830,370.23,3.75,60,119,564
04/22/2017 08:21:37,137,10.8,487.410,370.54,3.75,61,119,564
04/22/2017 08:21:47,136,10.9,489.980,370.21,3.75,60,121,564
04/22/2017 08:21:57,129,10.9,492.690,369.68,3.76,61,121,564
04/22/2017 08:22:07,136,10.9,495.470,370.43,3.75,60,119,564
04/22/2017 08:22:17,135,10.9,498.120,371.55,3.75,60,118,564
04/22/2017 08:22:27,132,10.9,500.850,370.30,3.75,61,120,564
04/22/2017 08:22:37,144,10.9,503.490,370.33,3.74,59,118,564
04/22/2017 08:22:47,125,10.9,506.200,370.94,3.74,59,117,564
04/22/2017 08:22:57,125,10.9,508.820,370.54,3.73,59,118,564
04/22/2017 08:23:07,131,10.9,511.440,370.59,3.73,60,119,564
04/22/2017 08:23:17,139,10.9,514.170,371.11,3.73,59,119,564
04/22/2017 08:23:27,143,10.9,516.860,370.19,3.73,58,119,564
04/22/2017 08:23:37,138,10.9,519.610,370.46,3.72,57,121,564
04/22/2017 08:23:47,130,10.9,522.150,370.02,3.72,58,117,564
04/22/2017 08:23:57,137,10.9,524.730,370.70,3.72,60,118,564
04/22/2017 08:24:07,140,10.8,527.600,370.71,3.72,58,119,564
04/22/2017 08:24:17,147,10.9,530.160,370.67,3.71,58,117,564
04/22/2017 08:24:27,132,10.9,532.770,370.44,3.71,58,117,564
04/22/2017 08:24:37,130,10.9,535.500,370.48,3.71,59,124,564
04/22/2017 08:24:47,139,10.9,538.210,370.58,3.71,60,120,564
04/22/2017 08:24:57,133,10.9,540.940,371.43,3.71,57,119,564
04/22/2017 08:25:07,143,10.9,543.570,370.27,3.71,58,117,564
04/22/2017 08:25:17,143,10.9,546.160,369.94,3.71,57,119,564
04/22/2017 08:25:27,136,10.9,548.890,369.67,3.70,58,119,564
04/22/2017 08:25:37,147,10.9,551.560,370.28,3.70,58,118,564
04/22/2017 08:25:47,128,10.9,554.260,369.87,3.70,58,118,564
04/22/2017 08:25:57,147,10.9,556.950,371.15,3.70,58,118,564
04/22/2017 08:26:07,119,10.9,559.530,369.55,3.70,60,119,564
04/22/2017 08:26:17,134,10.9,562.160,369.76,3.70,59,118,564
04/22/2017 08:26:27,141,10.8,564.920,369.75,3.70,59,118,564
04/22/2017 08:26:37,152,10.9,567.580,368.94,3.70,58,118,564
04/22/2017 08:26:47,146,10.9,570.150,370.39,3.70,60,118,564
04/22/2017 08:26:57,138,10.9,572.750,369.58,3.69,59,119,564
04/22/2017 08:27:07,142,10.9,575.530,370.71,3.69,59,119,564
04/22/2017 08:27:17,136,10.9,578.160,369.93,3.69,59,117,564
04/22/2017 08:27:27,133,10.9,580.800,369.75,3.69,60,120,564
04/22/2017 08:27:37,151,10.9,583.500,370.89,3.69,59,117,564
04/22/2017 08:27:47,143,10.9,586.100,369.91,3.69,60,119,564
04/22/2017 08:27:57,161,10.9,588.790,370.12,3.69,58,117,564
04/22/2017 08:28:07,146,10.9,591.470,368.86,3.69,58,118,564
04/22/2017 08:28:17,149,10.9,594.150,369.85,3.68,57,116,564
04/22/2017 08:28:27,137,10.9,596.690,370.01,3.68,57,118,564
04/22/2017 08:28:37,138,10.9,599.380,368.69,3.68,58,118,564
04/22/2017 08:28:47,148,10.9,602.060,367.62,3.68,57,116,564
04/22/2017 08:28:57,149,10.9,604.720,367.12,3.68,58,118,564
04/22/2017 08:29:07,147,10.9,607.430,367.86,3.68,57,118,564
04/22/2017 08:29:17,151,10.9,609.960,368.39,3.68,56,119,564
04/22/2017 08:29:27,137,10.9,612.740,368.44,3.68,57,119,564
04/22/2017 08:29:37,138,10.9,615.390,367.96,3.67,57,117,564
04/22/2017 08:29:47,141,10.9,618.060,368.90,3.67,58,119,564
04/22/2017 08:29:57,139,10.9,620.650,368.00,3.67,58,116,564
04/22/2017 08:30:07,144,10.9,623.340,368.59,3.66,56,118,564
04/22/2017 08:30:17,141,10.9,626.020,368.36,3.66,59,118,564
04/22/2017 08:30:27,149,10.9,628.550,369.45,3.65,58,117,564
04/22/2017 08:30:37,146,10.9,631.300,368.86,3.65,58,117,564
04/22/2017 08:30:47,151,10.9,633.940,369.88,3.64,58,117,564
04/22/2017 08:30:57,143,10.9,636.590,369.03,3.64,59,118,564
04/22/2017 08:31:07,141,10.9,639.200,369.41,3.64,58,118,564
04/22/2017 08:31:17,144,10.9,641.910,369.66,3.64,59,116,564
04/22/2017 08:31:27,162,10.8,644.510,369.77,3.64,59,117,564
04/22/2017 08:31:37,141,10.9,647.120,369.25,3.64,60,120,564
04/22/2017 08:31:47,147,10.9,649.800,369.77,3.63,57,117,564
04/22/2017 08:31:57,134,10.9,652.470,369.77,3.63,58,118,564
04/22/2017 08:32:07,138,10.9,655.190,369.60,3.63,57,118,564
04/22/2017 08:32:17,150,10.9,657.840,370.16,3.63,58,117,564
04/22/2017 08:32:27,144,10.9,660.350,370.55,3.63,57,117,564
04/22/2017 08:32:37,143,10.9,663.110,369.84,3.62,58,117,564
04/22/2017 08:32:47,154,10.8,665.770,370.32,3.62,57,118,564
04/22/2017 08:32:57,141,10.9,668.310,370.62,3.62,58,127,564
04/22/2017 08:33:07,151,10.8,671.070,370.62,3.62,57,117,564
04/22/2017 08:33:17,144,10.9,673.610,371.61,3.62,60,121,564
04/22/2017 08:33:27,137,10.9,676.330,369.53,3.62,58,118,564
04/22/2017 08:33:37,141,10.9,678.880,370.80,3.62,59,118,564
04/22/2017 08:33:47,148,10.9,681.520,369.93,3.62,58,119,564
04/22/2017 08:33:57,150,10.9,684.180,370.04,3.62,58,118,564
04/22/2017 08:34:07,137,10.9,686.860,371.71,3.62,57,117,564
04/22/2017 08:34:17,141,10.9,689.510,371.39,3.62,59,117,564
04/22/2017 08:34:27,144,10.9,692.160,371.04,3.62,58,118,564
04/22/2017 08:34:37,143,10.9,694.870,370.89,3.62,60,119,564
04/22/2017 08:34:47,142,10.9,697.580,370.05,3.62,58,119,564
04/22/2017 08:34:57,156,10.9,700.210,369.21,3.62,57,120,564
04/22/2017 08:35:07,142,10.9,702.910,370.39,3.62,59,118,564
04/22/2017 08:35:17,157,10.8,705.500,369.82,3.62,58,118,564
04/22/2017 08:35:27,154,10.9,708.110,370.25,3.62,60,117,564
04/22/2017 08:35:37,151,10.9,710.700,371.11,3.62,59,119,564
04/22/2017 08:35:47,152,10.9,713.450,370.47,3.62,57,119,564
04/22/2017 08:35:57,147,10.9,716.080,370.47,3.62,59,119,564
04/22/2017 08:36:07,143,10.9,718.660,371.02,3.62,60,118,564
04/22/2017 08:36:17,147,10.8,721.240,369.61,3.62,60,119,564
04/22/2017 08:36:27,136,10.9,723.960,370.39,3.62,59,120,564
04/22/2017 08:36:37,140,10.9,726.640,371.63,3.61,59,117,564
04/22/2017 08:36:47,166,10.8,729.210,370.09,3.61,58,116,564
04/22/2017 08:36:57,147,10.9,731.780,370.81,3.61,59,126,564
04/22/2017 08:37:07,166,10.8,734.420,370.47,3.61,59,120,565
04/22/2017 08:37:17,152,10.9,737.140,370.52,3.61,59,139,564
04/22/2017 08:37:27,161,10.8,739.610,370.34,3.61,58,118,564
04/22/2017 08:37:37,158,10.9,742.350,370.65,3.61,58,119,564
04/22/2017 08:37:47,164,10.9,745.020,371.02,3.61,58,118,565
04/22/2017 08:37:57,154,10.9,747.610,370.97,3.60,60,119,564
04/22/2017 08:38:07,149,10.9,750.330,371.36,3.60,59,120,565
04/22/2017 08:38:17,151,10.8,752.830,372.26,3.60,58,119,564
04/22/2017 08:38:27,146,10.8,755.470,372.00,3.60,60,120,564
04/22/2017 08:38:37,155,10.9,758.170,371.34,3.60,86,188,564
04/22/2017 08:38:47,162,10.9,760.830,372.26,3.59,60,142,564
04/22/2017 08:38:57,152,10.9,763.410,371.20,3.59,60,120,564
04/22/2017 08:39:07,162,10.8,766.130,371.93,3.59,59,120,564
04/22/2017 08:39:17,162,10.9,768.720,372.10,3.59,59,120,564
04/22/2017 08:39:27,154,10.9,771.360,371.85,3.59,60,120,564
04/22/2017 08:39:37,153,10.9,774.040,371.82,3.60,59,120,564
04/22/2017 08:39:47,155,10.8,776.620,372.16,3.59,60,121,564
04/22/2017 08:39:57,161,10.8,779.300,371.87,3.59,58,119,564
04/22/2017 08:40:07,154,10.8,781.870,371.92,3.59,60,120,564
04/22/2017 08:40:17,149,10.9,784.530,371.88,3.59,59,118,564
04/22/2017 08:40:27,144,10.9,787.080,372.84,3.59,60,121,564
04/22/2017 08:40:37,157,10.8,789.710,372.14,3.59,59,123,564
04/22/2017 08:40:47,168,10.8,792.360,372.00,3.59,60,119,565
04/22/2017 08:40:57,158,10.8,795.000,372.35,3.60,59,118,565
04/22/2017 08:41:07,152,10.9,797.690,371.87,3.60,59,122,564
04/22/2017 08:41:17,155,10.8,800.320,370.84,3.60,60,120,564
04/22/2017 08:41:27,145,10.9,802.970,372.49,3.60,60,121,564
04/22/2017 08:41:37,164,10.9,805.480,371.19,3.60,59,119,564
04/22/2017 08:41:47,166,10.9,808.210,372.05,3.60,60,120,564
04/22/2017 08:41:57,162,10.9,810.750,371.46,3.60,60,120,564
04/22/2017 08:42:07,159,10.9,813.460,371.89,3.60,60,123,564
04/22/2017 08:42:17,157,10.8,816.030,371.23,3.60,61,120,564
04/22/2017 08:42:27,148,10.9,818.770,371.48,3.60,59,119,564
04/22/2017 08:42:37,153,10.8,821.250,370.09,3.60,58,121,564
04/22/2017 08:42:47,153,10.9,824.020,371.99,3.60,59,121,564
04/22/2017 08:42:57,156,10.9,826.500,370.56,3.60,59,119,564
04/22/2017 08:43:07,141,10.9,829.140,370.83,3.60,59,119,564
04/22/2017 08:43:17,160,10.9,831.770,371.15,3.60,61,119,564
04/22/2017 08:43:27,151,10.9,834.400,370.66,3.60,60,118,565
04/22/2017 08:43:37,158,10.9,837.030,371.00,3.60,58,118,564
04/22/2017 08:43:47,163,10.9,839.750,371.00,3.60,58,118,565
04/22/2017 08:43:57,156,10.8,842.420,370.30,3.59,58,117,565
04/22/2017 08:44:07,157,10.9,844.960,370.44,3.59,58,119,564
04/22/2017 08:44:17,153,10.9,847.610,369.53,3.59,57,118,564
04/22/2017 08:44:27,159,10.9,850.300,370.10,3.59,58,118,565
04/22/2017 08:44:37,155,10.9,852.900,369.65,3.59,57,121,564
04/22/2017 08:44:47,150,10.9,855.510,368.75,3.59,58,120,565
04/22/2017 08:44:57,149,10.9,858.140,369.11,3.59,57,117,564
04/22/2017 08:45:07,175,10.8,860.720,368.70,3.59,56,119,564
04/22/2017 08:45:17,151,10.9,863.290,368.35,3.59,57,122,564
04/22/2017 08:45:27,165,10.8,866.000,368.53,3.59,56,116,564
04/22/2017 08:45:37,161,10.8,868.640,367.61,3.58,56,118,565
04/22/2017 08:45:47,162,10.8,871.290,367.14,3.58,56,117,564
04/22/2017 08:45:57,161,10.9,873.790,366.43,3.58,57,116,565
04/22/2017 08:46:07,150,10.9,876.560,367.31,3.58,57,117,564
04/22/2017 08:46:17,157,10.9,879.150,367.01,3.58,56,117,564
04/22/2017 08:46:27,116,10.9,881.750,365.63,3.58,57,118,565
04/22/2017 08:46:37,163,10.9,884.370,366.93,3.58,55,116,564
04/22/2017 08:46:47,144,10.9,887.030,366.08,3.58,55,116,564
04/22/2017 08:46:57,143,10.9,889.580,365.90,3.58,56,117,565
04/22/2017 08:47:07,161,10.9,892.170,364.52,3.58,55,114,564
04/22/2017 08:47:17,162,10.9,894.950,364.22,3.57,55,126,564
04/22/2017 08:47:27,156,10.9,897.380,364.75,3.57,55,114,564
04/22/2017 08:47:37,139,10.9,900.120,364.14,3.57,55,115,564
04/22/2017 08:47:47,145,10.9,902.810,364.64,3.57,55,114,565
04/22/2017 08:47:57,160,10.9,905.300,364.26,3.57,54,115,564
04/22/2017 08:48:07,115,10.9,907.930,363.17,3.57,55,115,564
04/22/2017 08:48:17,148,10.9,910.560,362.60,3.57,55,116,564
04/22/2017 08:48:27,157,10.9,913.270,363.27,3.57,55,115,564
04/22/2017 08:48:37,159,10.9,915.730,362.40,3.57,53,115,565
04/22/2017 08:48:47,151,10.9,918.540,363.68,3.57,53,113,565
04/22/2017 08:48:57,160,10.9,921.100,362.58,3.56,55,114,564
04/22/2017 08:49:07,149,10.9,923.810,362.45,3.56,53,113,565
04/22/2017 08:49:17,150,10.9,926.480,362.94,3.56,54,113,564
04/22/2017 08:49:27,148,10.9,929.020,362.56,3.56,53,117,565
04/22/2017 08:49:37,147,10.9,931.680,362.52,3.56,53,114,564
04/22/2017 08:49:47,150,10.9,934.390,361.61,3.56,52,125,565
04/22/2017 08:49:57,155,10.9,936.950,360.78,3.56,54,113,565
04/22/2017 08:50:07,156,10.9,939.550,361.67,3.55,53,115,565
04/22/2017 08:50:17,162,10.9,942.220,360.69,3.55,55,112,565
04/22/2017 08:50:27,150,10.9,944.830,362.01,3.55,53,111,564
04/22/2017 08:50:37,156,10.9,947.520,360.34,3.55,52,113,565
04/22/2017 08:50:47,148,10.9,950.170,360.71,3.55,52,113,564
04/22/2017 08:50:57,151,10.9,952.700,360.30,3.55,52,112,565
04/22/2017 08:51:07,162,10.9,955.430,360.29,3.54,53,112,565
04/22/2017 08:51:17,165,10.9,958.010,360.72,3.54,52,112,565
04/22/2017 08:51:27,140,10.8,960.600,359.88,3.54,52,112,565
04/22/2017 08:51:37,146,10.9,963.260,359.16,3.54,54,112,565
04/22/2017 08:51:47,157,10.8,965.930,360.09,3.54,54,110,565
04/22/2017 08:51:57,156,10.9,968.530,360.32,3.54,53,112,564
04/22/2017 08:52:07,157,10.8,971.050,359.68,3.53,52,112,565
04/22/2017 08:52:17,173,10.9,973.650,359.54,3.53,52,112,565
04/22/2017 08:52:27,147,10.9,976.420,359.23,3.53,52,113,565
04/22/2017 08:52:37,161,10.9,979.070,360.43,3.52,52,112,564
04/22/2017 08:52:47,162,10.8,981.530,359.23,3.52,53,114,565
04/22/2017 08:52:57,160,10.9,984.290,358.75,3.52,52,112,565
04/22/2017 08:53:07,162,10.8,986.840,359.00,3.52,54,111,564
04/22/2017 08:53:17,175,10.8,989.540,359.37,3.52,52,113,565
04/22/2017 08:53:27,160,10.9,992.030,359.05,3.51,53,111,565
04/22/2017 08:53:37,130,10.9,994.800,358.68,3.50,52,115,565
04/22/2017 08:53:47,161,10.9,997.390,358.37,3.50,52,112,565
04/22/2017 08:53:57,165,10.8,999.940,358.84,3.50,52,111,565
04/22/2017 08:54:07,142,10.9,1002.660,357.94,3.49,52,112,565
04/22/2017 08:54:17,148,10.9,1005.150,358.52,3.49,51,113,565
04/22/2017 08:54:27,163,10.9,1007.890,358.65,3.49,53,111,565
04/22/2017 08:54:37,155,10.9,1010.380,357.30,3.49,51,112,565
04/22/2017 08:54:47,150,10.9,1013.100,359.02,3.49,52,114,565
04/22/2017 08:54:57,154,10.9,1015.710,358.42,3.49,52,113,565
04/22/2017 08:55:07,155,10.9,1018.300,358.77,3.49,53,113,565
04/22/2017 08:55:17,161,10.8,1020.970,358.17,3.49,51,117,565
04/22/2017 08:55:27,159,10.9,1023.560,358.41,3.49,50,113,565
04/22/2017 08:55:37,159,10.8,1026.190,357.89,3.49,53,111,565
04/22/2017 08:55:47,159,10.9,1028.820,358.12,3.49,52,113,565
04/22/2017 08:55:57,152,10.9,1031.440,358.37,3.49,51,112,565
04/22/2017 08:56:07,153,10.9,1034.130,358.09,3.49,52,113,565
04/22/2017 08:56:17,148,10.9,1036.760,358.38,3.49,51,112,564
04/22/2017 08:56:27,131,10.9,1039.240,358.09,3.49,52,113,565
04/22/2017 08:56:37,159,10.9,1042.010,358.05,3.48,53,111,565
04/22/2017 08:56:47,174,10.8,1044.550,357.81,3.48,51,111,565
04/22/2017 08:56:57,154,10.9,1047.310,357.92,3.48,53,111,565
04/22/2017 08:57:07,159,10.9,1049.940,358.30,3.48,53,113,565
04/22/2017 08:57:17,163,10.9,1052.340,358.26,3.48,53,113,565
04/22/2017 08:57:27,152,10.8,1054.970,358.14,3.48,52,113,565
04/22/2017 08:57:37,156,10.9,1057.750,357.17,3.48,54,112,565
04/22/2017 08:57:47,165,10.8,1060.330,356.61,3.47,51,112,565
04/22/2017 08:57:57,153,10.8,1062.890,357.93,3.47,53,112,565
04/22/2017 08:58:07,152,10.8,1065.460,356.99,3.47,50,113,565
04/22/2017 08:58:17,160,10.9,1068.140,357.75,3.47,54,111,565
04/22/2017 08:58:27,163,10.9,1070.840,358.10,3.47,52,112,564
04/22/2017 08:58:37,142,10.9,1073.310,357.61,3.47,53,112,565
04/22/2017 08:58:47,173,10.8,1076.010,357.18,3.47,51,112,565
04/22/2017 08:58:57,167,10.9,1078.600,357.26,3.47,52,112,565
04/22/2017 08:59:07,158,10.8,1081.200,357.16,3.47,51,113,564
04/22/2017 08:59:17,171,10.9,1083.820,356.72,3.47,52,113,565
04/22/2017 08:59:27,167,10.9,1086.410,357.08,3.47,51,113,565
04/22/2017 08:59:37,170,10.8,1089.060,356.83,3.47,52,112,565
04/22/2017 08:59:47,166,10.8,1091.670,357.45,3.47,53,112,565
04/22/2017 08:59:57,169,10.9,1094.250,357.15,3.47,53,113,565
04/22/2017 09:00:07,160,10.9,1096.820,356.87,3.47,52,114,565
04/22/2017 09:00:17,163,10.9,1099.340,358.16,3.47,52,112,564
04/22/2017 09:00:27,154,10.8,1101.920,356.47,3.47,52,112,565
04/22/2017 09:00:37,156,10.9,1104.560,356.20,3.47,51,112,565
04/22/2017 09:00:47,146,10.9,1107.130,356.72,3.47,52,113,565
04/22/2017 09:00:57,162,10.9,1109.830,357.01,3.47,53,113,565
04/22/2017 09:01:07,167,10.9,1112.440,356.93,3.46,52,112,565
04/22/2017 09:01:17,147,10.9,1115.040,356.88,3.46,52,112,565
04/22/2017 09:01:27,167,10.9,1117.590,356.68,3.46,53,111,564
04/22/2017 09:01:37,170,10.8,1120.260,357.70,3.46,52,113,565
04/22/2017 09:01:47,147,10.9,1122.730,356.78,3.47,53,112,565
04/22/2017 09:01:57,178,10.8,1125.280,355.89,3.47,51,112,565
04/22/2017 09:02:07,170,10.8,1127.970,355.92,3.47,52,113,565
04/22/2017 09:02:17,161,10.9,1130.590,355.56,3.47,52,111,565
04/22/2017 09:02:27,151,10.9,1133.150,354.98,3.47,52,111,565
04/22/2017 09:02:37,161,10.8,1135.770,355.73,3.47,52,110,565
04/22/2017 09:02:47,151,10.9,1138.290,355.93,3.47,52,113,565
04/22/2017 09:02:57,165,10.9,1140.890,355.52,3.47,53,111,565
04/22/2017 09:03:07,161,10.8,1143.470,355.66,3.47,52,112,564
04/22/2017 09:03:17,159,10.9,1146.060,355.89,3.47,51,113,565
04/22/2017 09:03:27,159,10.9,1148.700,356.00,3.47,52,112,565
04/22/2017 09:03:37,161,10.9,1151.270,356.13,3.47,52,112,565
04/22/2017 09:03:47,176,10.8,1153.960,355.26,3.47,53,112,565
04/22/2017 09:03:57,145,10.9,1156.430,354.81,3.47,52,111,565
04/22/2017 09:04:07,159,10.8,1159.080,354.79,3.47,51,112,565
04/22/2017 09:04:17,166,10.8,1161.720,355.33,3.46,52,113,565
04/22/2017 09:04:27,157,10.9,1164.290,355.44,3.46,52,112,565
04/22/2017 09:04:37,155,10.9,1166.840,354.65,3.46,51,110,565
04/22/2017 09:04:47,170,10.8,1169.410,355.28,3.46,52,111,565
04/22/2017 09:04:57,162,10.9,1172.130,354.00,3.46,51,112,565
04/22/2017 09:05:07,157,10.9,1174.590,355.26,3.46,54,110,565
04/22/2017 09:05:17,156,10.8,1177.280,355.68,3.46,52,112,565
04/22/2017 09:05:27,170,10.9,1179.790,354.73,3.46,51,112,565
04/22/2017 09:05:37,160,10.8,1182.460,354.70,3.46,54,112,565
04/22/2017 09:05:47,150,10.9,1185.130,355.23,3.45,53,110,564
04/22/2017 09:05:57,153,10.9,1187.690,354.83,3.45,52,112,565
04/22/2017 09:06:07,165,10.8,1190.290,354.14,3.45,52,111,565
04/22/2017 09:06:17,164,10.9,1192.870,354.76,3.45,53,113,565
04/22/2017 09:06:27,117,10.9,1195.420,354.09,3.45,52,111,565
04/22/2017 09:06:37,167,10.9,1198.000,354.72,3.45,53,111,565
04/22/2017 09:06:47,163,10.9,1200.620,354.33,3.45,52,111,565
04/22/2017 09:06:57,160,10.9,1203.200,353.12,3.45,52,112,565
04/22/2017 09:07:07,160,10.9,1205.740,354.16,3.45,53,112,565
04/22/2017 09:07:17,159,10.9,1208.290,353.72,3.45,50,113,565
04/22/2017 09:07:27,165,10.9,1210.860,353.69,3.45,53,111,565
04/22/2017 09:07:37,175,10.8,1213.460,354.53,3.45,52,112,565
04/22/2017 09:07:47,165,10.9,1216.110,353.68,3.45,52,112,565
04/22/2017 09:07:57,154,10.9,1218.820,353.57,3.45,52,111,565
04/22/2017 09:08:07,176,10.8,1221.380,353.52,3.44,52,112,565
04/22/2017 09:08:17,170,10.9,1223.930,353.35,3.44,54,111,565
04/22/2017 09:08:27,157,10.9,1226.470,353.52,3.44,53,111,565
04/22/2017 09:08:37,152,10.9,1229.090,353.33,3.44,52,112,565
04/22/2017 09:08:47,161,10.9,1231.750,354.75,3.43,52,111,565
04/22/2017 09:08:57,188,10.9,1234.320,354.47,3.43,53,111,565
04/22/2017 09:09:07,167,10.9,1236.790,353.72,3.43,52,111,565
04/22/2017 09:09:17,155,10.9,1239.420,354.04,3.43,52,113,565
04/22/2017 09:09:27,158,10.8,1242.000,353.26,3.43,52,113,565
04/22/2017 09:09:37,153,10.8,1244.560,353.02,3.43,52,116,565
04/22/2017 09:09:47,154,10.8,1247.120,354.19,3.42,53,112,565
04/22/2017 09:09:57,162,10.8,1249.740,353.80,3.42,53,113,565
04/22/2017 09:10:07,166,10.9,1252.340,353.94,3.42,52,111,565
04/22/2017 09:10:17,166,10.8,1254.880,353.83,3.42,53,111,565
04/22/2017 09:10:27,168,10.9,1257.370,353.78,3.42,52,112,565
04/22/2017 09:10:37,166,10.8,1259.960,353.97,3.42,53,111,565
04/22/2017 09:10:47,157,10.8,1262.550,353.93,3.41,52,112,565
04/22/2017 09:10:57,161,10.9,1265.160,353.58,3.41,52,111,565
04/22/2017 09:11:07,167,10.8,1267.690,354.09,3.41,52,112,565
04/22/2017 09:11:17,164,10.8,1270.390,353.47,3.41,52,112,565
04/22/2017 09:11:27,176,10.8,1272.940,353.34,3.41,53,111,565
04/22/2017 09:11:37,189,10.8,1275.480,354.08,3.41,52,111,565
04/22/2017 09:11:47,167,10.8,1277.960,353.15,3.41,51,113,565
04/22/2017 09:11:57,159,10.9,1280.570,353.08,3.41,53,112,565
04/22/2017 09:12:07,164,10.8,1283.330,353.17,3.41,52,113,565
04/22/2017 09:12:17,186,10.8,1285.760,353.23,3.40,52,113,565
04/22/2017 09:12:27,168,10.8,1288.420,353.64,3.40,52,112,565
04/22/2017 09:12:37,168,10.9,1290.980,353.36,3.40,52,112,565
04/22/2017 09:12:47,182,10.8,1293.550,353.91,3.40,52,112,565
04/22/2017 09:12:57,162,10.8,1296.100,353.40,3.39,52,113,565
04/22/2017 09:13:07,180,10.8,1298.660,352.82,3.39,53,112,565
04/22/2017 09:13:17,178,10.8,1301.300,353.45,3.40,54,112,565
04/22/2017 09:13:27,175,10.8,1303.880,352.84,3.41,52,112,565
04/22/2017 09:13:37,152,10.9,1306.310,351.99,3.41,52,112,565
04/22/2017 09:13:47,180,10.8,1308.990,352.75,3.41,52,114,565
04/22/2017 09:13:57,177,10.8,1311.500,352.03,3.40,53,112,565
04/22/2017 09:14:07,178,10.8,1314.120,351.98,3.41,52,113,565
04/22/2017 09:14:17,173,10.8,1316.740,351.74,3.41,53,112,565
04/22/2017 09:14:27,166,10.8,1319.300,351.24,3.41,53,112,565
04/22/2017 09:14:37,177,10.8,1321.890,352.06,3.41,52,112,565
04/22/2017 09:14:47,172,10.8,1324.520,352.05,3.41,52,113,565
04/22/2017 09:14:57,164,10.8,1327.080,352.30,3.41,53,111,565
04/22/2017 09:15:07,166,10.8,1329.670,351.38,3.41,52,113,565
04/22/2017 09:15:17,174,10.8,1332.230,351.81,3.41,52,112,565
04/22/2017 09:15:27,172,10.9,1334.840,351.35,3.41,53,113,565
04/22/2017 09:15:37,166,10.8,1337.220,351.64,3.41,52,112,565
04/22/2017 09:15:47,167,10.8,1339.930,351.18,3.41,51,110,565
04/22/2017 09:15:57,168,10.9,1342.410,351.08,3.42,51,111,565
04/22/2017 09:16:07,163,10.8,1344.980,350.69,3.42,53,111,565
04/22/2017 09:16:17,164,10.9,1347.670,350.61,3.42,51,112,565
04/22/2017 09:16:27,189,10.8,1350.200,350.66,3.42,52,112,565
04/22/2017 09:16:37,172,10.9,1352.650,350.82,3.42,53,112,565
04/22/2017 09:16:47,174,10.8,1355.300,350.44,3.42,53,112,565
04/22/2017 09:16:57,173,10.9,1357.820,350.19,3.42,52,113,565
04/22/2017 09:17:07,164,10.8,1360.440,350.96,3.42,52,111,565
04/22/2017 09:17:17,162,10.8,1363.100,350.83,3.43,53,111,565
04/22/2017 09:17:27,165,10.9,1365.580,350.00,3.43,52,113,565
04/22/2017 09:17:37,174,10.8,1368.170,349.88,3.43,54,112,565
04/22/2017 09:17:47,185,10.8,1370.700,349.74,3.45,53,111,565
04/22/2017 09:17:57,170,10.9,1373.440,348.58,3.45,53,111,565
04/22/2017 09:18:07,177,10.8,1375.880,348.83,3.45,51,113,565
04/22/2017 09:18:17,168,10.8,1378.370,348.24,3.45,53,113,565
04/22/2017 09:18:27,170,10.8,1380.930,348.07,3.45,52,112,565
04/22/2017 09:18:37,175,10.8,1383.600,347.54,3.45,54,113,565
04/22/2017 09:18:47,162,10.9,1386.100,347.06,3.45,53,112,565
04/22/2017 09:18:57,173,10.8,1388.740,346.20,3.45,53,114,565
04/22/2017 09:19:07,177,10.8,1391.330,347.60,3.46,53,113,565
04/22/2017 09:19:17,193,10.8,1393.980,346.97,3.46,51,113,565
04/22/2017 09:19:27,172,10.8,1396.460,346.57,3.47,54,113,565
04/22/2017 09:19:37,182,10.8,1399.030,346.09,3.49,51,111,565
04/22/2017 09:19:47,180,10.8,1401.530,345.52,3.49,52,112,565
04/22/2017 09:19:57,189,10.8,1404.200,344.86,3.49,52,112,565
04/22/2017 09:20:07,189,10.8,1406.660,343.13,3.50,53,111,565
04/22/2017 09:20:17,181,10.8,1409.180,343.00,3.52,54,112,565
04/22/2017 09:20:27,180,10.8,1411.840,342.68,3.52,52,112,565
04/22/2017 09:20:37,170,10.8,1414.460,341.63,3.52,54,112,565
04/22/2017 09:20:47,164,10.8,1416.980,340.81,3.51,52,111,565
04/22/2017 09:20:57,169,10.8,1419.590,340.98,3.52,52,111,565
04/22/2017 09:21:07,177,10.8,1422.190,342.23,3.52,53,113,565
04/22/2017 09:21:17,180,10.8,1424.580,340.67,3.52,52,112,565
04/22/2017 09:21:27,141,10.9,1427.310,341.09,3.52,53,112,565
04/22/2017 09:21:37,190,10.8,1429.840,339.93,3.53,52,112,565
04/22/2017 09:21:47,167,10.8,1432.350,339.58,3.54,53,116,565
04/22/2017 09:21:57,183,10.9,1434.860,338.92,3.54,52,112,565
04/22/2017 09:22:07,185,10.8,1437.460,338.57,3.54,51,112,565
04/22/2017 09:22:17,187,10.8,1440.010,338.24,3.54,52,114,565
04/22/2017 09:22:27,178,10.8,1442.590,338.29,3.54,52,112,565
04/22/2017 09:22:37,189,10.9,1445.140,337.66,3.54,52,112,565
04/22/2017 09:22:47,165,10.8,1447.740,337.84,3.55,53,114,565
04/22/2017 09:22:57,165,10.8,1450.410,337.39,3.55,53,112,565
04/22/2017 09:23:07,182,10.9,1452.910,337.10,3.56,54,112,565
04/22/2017 09:23:17,134,10.9,1455.400,336.99,3.57,53,111,565
04/22/2017 09:23:27,172,10.9,1458.010,335.59,3.57,53,111,565
04/22/2017 09:23:37,174,10.8,1460.400,334.88,3.58,52,111,565
04/22/2017 09:23:47,190,10.8,1463.080,334.72,3.58,52,112,565
04/22/2017 09:23:57,174,10.8,1465.580,334.29,3.58,52,113,565
04/22/2017 09:24:07,188,10.8,1468.270,333.67,3.58,51,113,565
04/22/2017 09:24:17,160,10.8,1470.690,334.23,3.58,52,112,565
04/22/2017 09:24:27,170,10.8,1473.190,334.39,3.58,54,112,564
04/22/2017 09:24:37,181,10.8,1475.810,333.35,3.58,51,112,565
04/22/2017 09:24:47,175,10.8,1478.310,332.66,3.59,52,111,565
04/22/2017 09:24:57,182,10.8,1480.960,333.08,3.59,53,115,565
04/22/2017 09:25:07,180,10.8,1483.520,332.13,3.59,53,112,565
04/22/2017 09:25:17,182,10.8,1485.920,332.61,3.60,53,112,565
04/22/2017 09:25:27,183,10.8,1488.580,332.34,3.60,53,112,565
04/22/2017 09:25:37,177,10.8,1491.170,332.04,3.60,52,112,564
04/22/2017 09:25:47,188,10.8,1493.690,332.02,3.60,53,110,565
04/22/2017 09:25:57,176,10.8,1496.170,330.71,3.60,54,113,565
04/22/2017 09:26:07,167,10.9,1498.760,331.20,3.60,52,113,565
04/22/2017 09:26:17,184,10.8,1501.360,331.19,3.60,54,112,565
04/22/2017 09:26:27,177,10.8,1503.900,330.92,3.60,53,112,565
04/22/2017 09:26:37,187,10.8,1506.430,331.37,3.60,52,112,565
04/22/2017 09:26:47,184,10.8,1508.960,330.96,3.60,52,113,565
04/22/2017 09:26:57,196,10.8,1511.600,329.35,3.60,52,113,565
04/22/2017 09:27:07,193,10.8,1514.200,330.01,3.60,54,112,565
04/22/2017 09:27:17,169,10.8,1516.730,329.78,3.60,53,113,565
04/22/2017 09:27:27,196,10.8,1519.310,329.41,3.60,55,115,565
04/22/2017 09:27:37,183,10.8,1521.820,329.47,3.60,52,113,565
04/22/2017 09:27:47,191,10.8,1524.490,329.45,3.60,54,113,565
04/22/2017 09:27:57,211,10.8,1527.010,329.15,3.60,52,113,565
04/22/2017 09:28:07,194,10.8,1529.590,329.36,3.60,52,116,565
04/22/2017 09:28:17,188,10.8,1532.070,329.03,3.61,53,113,565
04/22/2017 09:28:27,191,10.8,1534.490,328.58,3.61,54,115,565
04/22/2017 09:28:37,202,10.8,1537.070,328.86,3.61,53,113,565
04/22/2017 09:28:47,202,10.8,1539.630,328.31,3.61,52,113,565
04/22/2017 09:28:57,195,10.8,1542.190,327.98,3.61,53,113,565
04/22/2017 09:29:07,193,10.8,1544.830,328.24,3.61,53,114,565
04/22/2017 09:29:17,187,10.8,1547.250,327.69,3.61,53,112,565
04/22/2017 09:29:27,187,10.8,1549.770,327.67,3.61,54,113,564
04/22/2017 09:29:37,215,10.8,1552.330,327.37,3.61,53,113,565
04/22/2017 09:29:47,206,10.8,1554.810,326.92,3.61,53,113,565
04/22/2017 09:29:57,204,10.8,1557.310,326.05,3.60,51,114,565
04/22/2017 09:30:07,199,10.8,1559.860,327.12,3.60,52,112,565
04/22/2017 09:30:17,180,10.8,1562.540,326.56,3.60,55,113,565
04/22/2017 09:30:27,211,10.8,1564.910,326.40,3.60,52,113,565
04/22/2017 09:30:37,202,10.8,1567.530,325.92,3.60,53,117,565
04/22/2017 09:30:47,195,10.8,1570.000,326.76,3.60,53,113,565
04/22/2017 09:30:57,199,10.8,1572.590,326.55,3.60,55,113,565
04/22/2017 09:31:07,200,10.8,1575.010,325.90,3.59,52,112,565
04/22/2017 09:31:17,197,10.8,1577.610,326.33,3.59,53,113,564
04/22/2017 09:31:27,206,10.8,1580.090,325.71,3.59,53,112,564
04/22/2017 09:31:37,186,10.8,1582.530,326.20,3.59,52,112,564
04/22/2017 09:31:47,207,10.8,1585.090,326.05,3.59,51,111,565
04/22/2017 09:31:57,194,10.8,1587.620,325.04,3.59,53,113,565
04/22/2017 09:32:07,222,10.8,1590.240,325.88,3.59,53,114,565
04/22/2017 09:32:17,186,10.8,1592.720,325.80,3.59,53,114,565
04/22/2017 09:32:27,196,10.8,1595.300,325.64,3.58,53,113,565
04/22/2017 09:32:37,203,10.8,1597.730,325.53,3.58,53,113,565
04/22/2017 09:32:47,190,10.8,1600.200,325.61,3.58,52,112,565
04/22/2017 09:32:57,191,10.8,1602.790,324.75,3.58,54,115,564
04/22/2017 09:33:07,214,10.8,1605.380,324.67,3.57,53,113,565
04/22/2017 09:33:17,179,10.8,1607.730,325.19,3.57,54,114,565
04/22/2017 09:33:27,193,10.8,1610.380,325.20,3.57,52,115,564
04/22/2017 09:33:37,209,10.8,1612.830,325.84,3.57,52,113,565
04/22/2017 09:33:47,191,10.8,1615.330,325.34,3.57,52,113,564
04/22/2017 09:33:57,191,10.8,1617.860,325.22,3.57,52,112,565
04/22/2017 09:34:07,181,10.8,1620.400,325.03,3.57,54,112,564
04/22/2017 09:34:17,188,10.8,1622.850,325.52,3.57,52,114,565
04/22/2017 09:34:27,205,10.8,1625.380,324.93,3.57,53,112,564
04/22/2017 09:34:37,172,10.8,1627.920,324.84,3.57,53,112,565
04/22/2017 09:34:47,188,10.8,1630.310,324.53,3.57,52,113,565
04/22/2017 09:34:57,200,10.8,1632.930,324.64,3.56,53,114,565
04/22/2017 09:35:07,197,10.8,1635.410,324.71,3.56,54,113,565
04/22/2017 09:35:17,175,10.8,1637.990,324.55,3.56,53,113,565
04/22/2017 09:35:27,193,10.8,1640.430,324.95,3.55,53,112,565
04/22/2017 09:35:37,183,10.8,1643.050,325.31,3.55,52,115,565
04/22/2017 09:35:47,205,10.8,1645.450,324.67,3.55,53,112,565
04/22/2017 09:35:57,190,10.8,1648.110,324.74,3.54,52,114,565
04/22/2017 09:36:07,143,10.8,1650.480,325.10,3.54,53,113,565
04/22/2017 09:36:17,194,10.8,1653.160,325.35,3.54,53,115,565
04/22/2017 09:36:27,180,10.8,1655.710,325.09,3.54,53,114,565
04/22/2017 09:36:37,197,10.8,1658.070,324.98,3.54,52,115,565
04/22/2017 09:36:47,188,10.8,1660.590,325.65,3.53,52,114,565
04/22/2017 09:36:57,180,10.8,1663.160,325.38,3.53,53,115,565
04/22/2017 09:37:07,198,10.8,1665.720,324.95,3.53,54,112,565
04/22/2017 09:37:17,200,10.8,1668.230,324.82,3.53,54,114,565
04/22/2017 09:37:27,168,10.8,1670.740,325.00,3.52,53,113,564
04/22/2017 09:37:37,181,10.8,1673.160,325.41,3.52,53,113,565
04/22/2017 09:37:47,175,10.8,1675.740,324.55,3.52,52,112,565
04/22/2017 09:37:57,176,10.8,1678.330,324.69,3.52,53,111,564
04/22/2017 09:38:07,200,10.8,1680.630,325.36,3.52,53,134,565
04/22/2017 09:38:17,190,10.8,1683.360,324.83,3.52,54,114,565
04/22/2017 09:38:27,149,10.9,1685.710,325.04,3.52,53,120,565
04/22/2017 09:38:37,192,10.8,1688.230,325.03,3.51,54,116,565
04/22/2017 09:38:47,170,10.8,1690.880,324.02,3.51,53,112,565
04/22/2017 09:38:57,194,10.8,1693.350,323.87,3.51,52,111,565
04/22/2017 09:39:07,173,10.8,1695.820,324.51,3.50,52,112,565
04/22/2017 09:39:17,186,10.8,1698.230,324.46,3.50,52,115,565
04/22/2017 09:39:27,190,10.8,1700.890,325.26,3.50,53,112,565
04/22/2017 09:39:37,192,10.8,1703.420,325.33,3.49,52,112,565
04/22/2017 09:39:47,141,10.8,1705.920,324.55,3.49,53,112,565
04/22/2017 09:39:57,229,10.8,1708.440,324.34,3.49,53,115,565
04/22/2017 09:40:07,177,10.8,1710.890,323.98,3.49,54,113,565
04/22/2017 09:40:17,190,10.8,1713.270,323.80,3.49,51,112,564
04/22/2017 09:40:27,190,10.8,1715.810,324.54,3.49,53,113,565
04/22/2017 09:40:37,160,10.9,1718.290,324.72,3.49,53,112,565
04/22/2017 09:40:47,190,10.8,1720.830,324.34,3.49,54,112,565
04/22/2017 09:40:57,132,10.8,1723.230,323.58,3.48,52,113,565
04/22/2017 09:41:07,184,10.8,1725.680,324.73,3.48,53,112,565
04/22/2017 09:41:17,181,10.8,1728.200,324.35,3.48,52,112,565
04/22/2017 09:41:27,187,10.8,1730.730,324.84,3.48,52,113,565
04/22/2017 09:41:37,176,10.8,1733.140,325.14,3.48,53,114,565
04/22/2017 09:41:47,195,10.8,1735.680,324.41,3.47,54,113,565
04/22/2017 09:41:57,161,10.8,1737.980,324.62,3.47,54,111,565
04/22/2017 09:42:07,204,10.8,1740.520,324.26,3.47,51,113,564
04/22/2017 09:42:17,187,10.8,1742.940,324.77,3.47,53,112,565
04/22/2017 09:42:27,180,10.8,1745.390,324.56,3.47,53,114,565
04/22/2017 09:42:37,203,10.8,1747.880,324.09,3.47,52,114,565
04/22/2017 09:42:47,182,10.8,1750.400,325.08,3.47,54,112,565
04/22/2017 09:42:57,184,10.8,1752.820,324.45,3.47,53,113,565
04/22/2017 09:43:07,175,10.8,1755.340,324.47,3.46,53,113,565
04/22/2017 09:43:17,185,10.8,1757.890,325.10,3.46,53,113,565
04/22/2017 09:43:27,158,10.8,1760.370,324.62,3.45,54,113,565
04/22/2017 09:43:37,200,10.8,1762.840,324.43,3.44,52,111,565
04/22/2017 09:43:47,200,10.8,1765.370,325.51,3.44,53,114,565
04/22/2017 09:43:57,189,10.8,1767.910,324.49,3.43,55,113,565
04/22/2017 09:44:07,192,10.9,1770.280,324.42,3.43,52,110,565
04/22/2017 09:44:17,170,10.8,1772.730,324.53,3.43,52,111,565
04/22/2017 09:44:27,200,10.8,1775.370,323.96,3.43,54,110,565
04/22/2017 09:44:37,188,10.8,1777.880,324.53,3.43,54,111,565
04/22/2017 09:44:47,190,10.8,1780.470,323.82,3.42,54,112,565
04/22/2017 09:44:57,190,10.8,1782.940,323.82,3.41,51,111,565
04/22/2017 09:45:07,158,10.9,1785.450,323.62,3.41,53,113,565
04/22/2017 09:45:17,176,10.8,1787.920,323.86,3.41,53,111,565
04/22/2017 09:45:27,175,10.8,1790.380,324.46,3.41,54,110,565
04/22/2017 09:45:37,186,10.8,1792.850,324.11,3.40,53,112,565
04/22/2017 09:45:47,188,10.8,1795.360,323.72,3.40,52,113,565
04/22/2017 09:45:57,216,10.9,1797.820,324.06,3.39,53,112,565
04/22/2017 09:46:07,132,10.9,1800.340,324.19,3.39,52,113,565
04/22/2017 09:46:17,202,10.8,1802.870,323.73,3.38,54,112,565
04/22/2017 09:46:27,172,10.8,1805.420,324.13,3.38,53,111,565
04/22/2017 09:46:37,194,10.8,1807.630,323.96,3.38,53,112,565
04/22/2017 09:46:47,182,10.8,1810.080,324.14,3.38,52,111,565
04/22/2017 09:46:57,153,10.8,1812.550,323.94,3.38,53,110,565
04/22/2017 09:47:07,181,10.8,1815.150,324.13,3.37,53,118,565
04/22/2017 09:47:17,157,10.8,1817.710,323.96,3.37,54,111,565
04/22/2017 09:47:27,206,10.8,1820.170,324.16,3.37,52,110,565
04/22/2017 09:47:37,184,10.8,1822.560,323.72,3.36,53,113,565
04/22/2017 09:47:47,170,10.8,1825.170,324.62,3.36,52,111,565
04/22/2017 09:47:57,186,10.8,1827.560,323.63,3.35,53,110,565
04/22/2017 09:48:07,177,10.9,1830.020,324.34,3.35,52,112,565
04/22/2017 09:48:17,177,10.8,1832.530,324.18,3.35,53,111,565
04/22/2017 09:48:27,205,10.9,1835.000,323.89,3.35,53,111,565
04/22/2017 09:48:37,184,10.8,1837.370,323.59,3.35,53,110,565
04/22/2017 09:48:47,191,10.8,1839.970,323.89,3.35,52,112,565
04/22/2017 09:48:57,200,10.8,1842.460,323.80,3.35,53,112,565
04/22/2017 09:49:07,205,10.8,1844.740,323.61,3.35,52,112,565
04/22/2017 09:49:17,193,10.8,1847.360,323.58,3.35,53,112,565
04/22/2017 09:49:27,171,10.8,1849.860,323.95,3.34,51,133,565
04/22/2017 09:49:37,188,10.8,1852.270,324.07,3.34,53,109,565
04/22/2017 09:49:47,178,10.8,1854.900,323.79,3.34,52,110,565
04/22/2017 09:49:57,184,10.8,1857.310,323.46,3.34,53,113,565
04/22/2017 09:50:07,188,10.9,1859.760,324.19,3.33,54,112,565
04/22/2017 09:50:17,146,10.8,1862.300,323.74,3.33,52,111,565
04/22/2017 09:50:27,217,10.8,1864.650,323.48,3.33,53,111,565
04/22/2017 09:50:37,190,10.8,1867.090,324.12,3.33,52,111,565
04/22/2017 09:50:47,181,10.8,1869.550,323.65,3.32,52,110,565
04/22/2017 09:50:57,167,10.8,1871.980,323.65,3.32,53,109,565
04/22/2017 09:51:07,182,10.8,1874.440,323.87,3.32,53,119,565
04/22/2017 09:51:17,183,10.8,1876.970,324.18,3.31,53,109,565
04/22/2017 09:51:27,213,10.8,1879.390,323.09,3.31,53,112,565
04/22/2017 09:51:37,181,10.8,1881.810,323.20,3.30,53,111,565
04/22/2017 09:51:47,118,10.9,1884.320,323.63,3.30,51,111,565
04/22/2017 09:51:57,178,10.9,1886.400,324.41,3.30,55,112,565
04/22/2017 09:52:07,189,10.8,1888.720,322.54,3.30,52,110,565
04/22/2017 09:52:17,176,10.8,1891.040,324.00,3.30,53,110,565
04/22/2017 09:52:27,178,10.9,1893.370,323.66,3.30,54,109,565
04/22/2017 09:52:37,178,10.8,1895.690,323.48,3.29,54,110,565
04/22/2017 09:52:47,170,10.8,1897.910,323.61,3.29,54,111,565
04/22/2017 09:52:57,181,10.9,1900.350,323.28,3.29,53,110,565
04/22/2017 09:53:07,199,10.8,1902.940,323.54,3.29,53,111,565
04/22/2017 09:53:17,177,10.9,1905.120,323.71,3.29,52,109,565
04/22/2017 09:53:27,190,10.8,1907.730,323.24,3.29,52,117,565
04/22/2017 09:53:37,185,10.8,1910.150,323.28,3.28,52,110,565
04/22/2017 09:53:47,172,10.8,1912.690,323.77,3.28,52,109,565
04/22/2017 09:53:57,219,10.8,1915.140,323.02,3.28,54,110,565
04/22/2017 09:54:07,165,10.8,1917.520,323.26,3.28,52,110,565
04/22/2017 09:54:17,219,10.8,1919.960,323.41,3.28,53,114,565
04/22/2017 09:54:27,203,10.8,1922.520,323.41,3.27,54,111,565
04/22/2017 09:54:37,162,10.8,1925.000,323.40,3.27,52,111,565
04/22/2017 09:54:47,195,10.8,1927.590,324.18,3.27,54,110,565
04/22/2017 09:54:57,166,10.9,1930.000,323.58,3.27,54,110,565
04/22/2017 09:55:07,193,10.8,1932.640,323.31,3.27,53,111,565
04/22/2017 09:55:17,204,10.8,1934.970,323.47,3.27,53,109,565
04/22/2017 09:55:27,152,10.8,1937.510,323.75,3.27,54,111,565
04/22/2017 09:55:37,208,10.8,1939.990,323.47,3.27,53,111,565
04/22/2017 09:55:47,198,10.8,1942.440,323.47,3.26,52,111,565
04/22/2017 09:55:57,185,10.8,1945.070,323.56,3.26,52,111,565
04/22/2017 09:56:07,218,10.8,1947.600,323.91,3.25,53,111,565
04/22/2017 09:56:17,196,10.8,1950.160,323.30,3.25,52,112,565
04/22/2017 09:56:27,179,10.8,1952.390,323.24,3.25,55,110,565
04/22/2017 09:56:37,202,10.8,1954.990,323.00,3.24,53,109,565
04/22/2017 09:56:47,189,10.8,1957.580,323.62,3.24,52,110,565
04/22/2017 09:56:57,198,10.8,1960.070,323.61,3.24,52,114,565
04/22/2017 09:57:07,194,10.8,1962.630,322.92,3.24,53,110,565
04/22/2017 09:57:17,165,10.8,1964.960,323.73,3.24,53,110,565
04/22/2017 09:57:27,183,10.8,1967.480,323.97,3.23,52,113,565
04/22/2017 09:57:37,177,10.8,1970.120,323.14,3.23,51,109,565
04/22/2017 09:57:47,178,10.8,1972.660,323.32,3.23,52,111,565
04/22/2017 09:57:57,178,10.8,1975.120,323.11,3.23,52,112,565
04/22/2017 09:58:07,197,10.8,1977.620,323.26,3.23,53,110,565
04/22/2017 09:58:17,177,10.8,1980.090,322.63,3.22,53,111,565
04/22/2017 09:58:27,180,10.8,1982.650,323.21,3.22,52,111,565
04/22/2017 09:58:37,183,10.8,1985.010,323.05,3.22,53,110,565
04/22/2017 09:58:47,174,10.8,1987.600,323.26,3.21,52,109,565
04/22/2017 09:58:57,166,10.9,1990.110,323.48,3.21,53,114,565
04/22/2017 09:59:07,209,10.8,1992.690,323.50,3.21,54,111,565
04/22/2017 09:59:17,191,10.8,1995.230,323.66,3.21,53,111,565
04/22/2017 09:59:27,190,10.8,1997.680,323.13,3.21,52,111,565
04/22/2017 09:59:37,184,10.8,2000.140,323.04,3.20,53,111,565
04/22/2017 09:59:47,196,10.8,2002.880,323.13,3.20,52,111,565
04/22/2017 09:59:57,196,10.8,2005.240,322.85,3.19,52,110,565
04/22/2017 10:00:07,190,10.8,2007.850,323.16,3.19,53,110,565
04/22/2017 10:00:17,201,10.8,2010.420,323.53,3.19,53,110,565
04/22/2017 10:00:27,177,10.8,2012.900,323.07,3.18,53,109,565
04/22/2017 10:00:37,186,10.8,2015.320,323.60,3.18,53,110,565
04/22/2017 10:00:47,213,10.8,2017.950,323.85,3.18,52,110,565
04/22/2017 10:00:57,194,10.8,2020.490,322.92,3.17,53,109,565
04/22/2017 10:01:07,208,10.8,2022.850,322.87,3.17,53,109,565
04/22/2017 10:01:17,206,10.8,2025.440,322.53,3.17,53,110,565
04/22/2017 10:01:27,190,10.8,2028.000,323.38,3.17,53,111,565
04/22/2017 10:01:37,186,10.8,2030.500,323.13,3.17,53,110,565
04/22/2017 10:01:47,217,10.8,2032.850,322.96,3.16,53,109,565
04/22/2017 10:01:57,219,10.8,2035.490,323.32,3.16,54,112,565
04/22/2017 10:02:07,190,10.8,2037.860,323.08,3.16,53,111,565
04/22/2017 10:02:17,204,10.8,2040.390,322.68,3.16,53,111,565
04/22/2017 10:02:27,207,10.8,2042.780,323.20,3.16,54,112,565
04/22/2017 10:02:37,196,10.8,2045.280,322.81,3.16,52,110,565
04/22/2017 10:02:47,211,10.8,2047.750,323.22,3.16,53,110,565
04/22/2017 10:02:57,169,10.8,2050.360,322.97,3.16,52,109,565
04/22/2017 10:03:07,188,10.8,2052.780,322.72,3.15,53,111,565
04/22/2017 10:03:17,188,10.8,2055.070,322.94,3.15,53,110,565
04/22/2017 10:03:27,202,10.8,2057.640,323.05,3.14,55,109,565
04/22/2017 10:03:37,200,10.8,2060.030,322.87,3.14,55,110,565
04/22/2017 10:03:47,218,10.8,2062.520,323.02,3.13,53,109,565
04/22/2017 10:03:57,201,10.8,2065.160,323.15,3.13,53,110,565
04/22/2017 10:04:07,195,10.8,2067.560,322.84,3.13,52,111,565
04/22/2017 10:04:17,208,10.8,2070.160,323.54,3.13,53,110,565
04/22/2017 10:04:27,205,10.8,2072.430,323.03,3.13,52,110,565
04/22/2017 10:04:37,202,10.8,2075.020,322.56,3.12,53,111,565
04/22/2017 10:04:47,163,10.8,2077.600,323.07,3.12,54,109,565
04/22/2017 10:04:57,191,10.8,2080.080,322.42,3.12,54,115,565
04/22/2017 10:05:07,203,10.8,2082.470,322.86,3.12,52,109,565
04/22/2017 10:05:17,197,10.8,2085.120,321.82,3.12,54,114,565
04/22/2017 10:05:27,199,10.8,2087.600,322.91,3.12,53,110,565
04/22/2017 10:05:37,191,10.8,2090.110,322.33,3.12,53,112,565
04/22/2017 10:05:47,187,10.8,2092.660,323.27,3.12,52,113,565
04/22/2017 10:05:57,205,10.8,2095.040,323.03,3.12,52,110,565
04/22/2017 10:06:07,201,10.8,2097.530,322.51,3.11,53,111,565
04/22/2017 10:06:17,209,10.8,2100.000,322.39,3.11,54,111,565
04/22/2017 10:06:27,227,10.8,2102.500,322.59,3.10,53,113,565
04/22/2017 10:06:37,196,10.8,2104.910,322.57,3.10,52,110,565
04/22/2017 10:06:47,197,10.8,2107.540,322.46,3.10,54,113,565
04/22/2017 10:06:57,202,10.8,2110.100,322.55,3.10,54,113,565
04/22/2017 10:07:07,200,10.8,2112.750,322.21,3.10,54,113,565
04/22/2017 10:07:17,208,10.8,2115.140,322.44,3.09,53,111,565
04/22/2017 10:07:27,198,10.8,2117.750,321.81,3.09,53,111,565
04/22/2017 10:07:37,207,10.8,2120.200,322.83,3.09,53,112,565
04/22/2017 10:07:47,183,10.8,2122.700,322.52,3.09,54,113,565
04/22/2017 10:07:57,212,10.8,2125.220,322.97,3.08,52,113,565
04/22/2017 10:08:07,196,10.8,2127.740,322.72,3.07,53,112,565
04/22/2017 10:08:17,164,10.8,2130.170,322.58,3.07,53,112,565
04/22/2017 10:08:27,200,10.8,2132.620,322.49,3.07,53,113,565
04/22/2017 10:08:37,183,10.8,2135.280,322.58,3.07,52,112,565
04/22/2017 10:08:47,193,10.8,2137.720,323.26,3.06,53,113,565
04/22/2017 10:08:57,188,10.8,2140.150,322.77,3.06,54,111,565
04/22/2017 10:09:07,177,10.8,2142.780,322.84,3.05,54,111,565
04/22/2017 10:09:17,152,10.9,2145.230,322.58,3.05,53,109,565
04/22/2017 10:09:27,189,10.8,2147.610,322.27,3.04,53,110,565
04/22/2017 10:09:37,200,10.8,2150.200,322.79,3.04,54,113,565
04/22/2017 10:09:47,200,10.8,2152.800,322.80,3.04,53,110,565
04/22/2017 10:09:57,188,10.8,2155.290,322.92,3.04,51,113,565
04/22/2017 10:10:07,186,10.8,2157.840,322.81,3.03,52,110,565
04/22/2017 10:10:17,193,10.8,2160.330,322.88,3.03,53,110,565
04/22/2017 10:10:27,192,10.8,2162.710,322.39,3.03,52,110,565
04/22/2017 10:10:37,180,10.9,2165.230,322.02,3.03,52,110,565
04/22/2017 10:10:47,204,10.8,2167.810,323.22,3.03,52,111,565
04/22/2017 10:10:57,191,10.8,2170.330,323.58,3.02,54,111,565
04/22/2017 10:11:07,205,10.8,2172.930,322.92,3.02,54,111,565
04/22/2017 10:11:17,205,10.8,2175.460,322.43,3.01,52,111,565
04/22/2017 10:11:27,185,10.8,2177.950,322.92,3.01,53,112,565
04/22/2017 10:11:37,192,10.8,2180.540,323.28,3.01,54,113,565
04/22/2017 10:11:47,184,10.8,2182.930,323.36,3.01,52,111,565
04/22/2017 10:11:57,191,10.8,2185.560,323.25,3.00,53,112,565
04/22/2017 10:12:07,200,10.8,2188.160,322.80,3.00,53,112,565
04/22/2017 10:12:17,204,10.8,2190.540,323.18,2.99,53,111,565
04/22/2017 10:12:27,213,10.8,2193.080,323.85,2.99,53,111,565
04/22/2017 10:12:37,204,10.8,2195.630,323.64,2.99,52,112,565
04/22/2017 10:12:47,198,10.8,2198.190,323.87,2.98,54,113,565
04/22/2017 10:12:57,207,10.8,2200.710,322.87,2.98,53,111,565
04/22/2017 10:13:07,204,10.8,2203.190,323.89,2.97,53,111,565
04/22/2017 10:13:17,186,10.8,2205.640,323.66,2.96,53,116,565
04/22/2017 10:13:27,189,10.8,2208.180,323.22,2.96,52,112,565
04/22/2017 10:13:37,208,10.8,2210.760,323.27,2.96,54,114,565
04/22/2017 10:13:47,188,10.8,2213.300,324.13,2.96,53,117,565
04/22/2017 10:13:57,177,10.8,2215.790,323.15,2.96,52,110,565
04/22/2017 10:14:07,193,10.8,2218.180,323.21,2.95,53,111,565
04/22/2017 10:14:17,206,10.8,2220.760,324.26,2.95,54,113,565
04/22/2017 10:14:27,181,10.8,2223.310,322.91,2.95,54,115,565
04/22/2017 10:14:37,197,10.8,2225.720,322.50,2.95,53,115,565
04/22/2017 10:14:47,171,10.8,2228.240,323.45,2.95,53,115,565
04/22/2017 10:14:57,192,10.8,2230.660,323.11,2.94,53,113,565
04/22/2017 10:15:07,208,10.8,2233.200,322.92,2.94,51,113,565
04/22/2017 10:15:17,189,10.8,2235.640,323.34,2.94,51,115,565
04/22/2017 10:15:27,220,10.8,2238.160,322.13,2.94,53,121,565
04/22/2017 10:15:37,188,10.8,2240.670,322.83,2.94,52,110,565
04/22/2017 10:15:47,202,10.8,2243.130,322.04,2.94,53,113,565
04/22/2017 10:15:57,209,10.8,2245.590,321.44,2.94,53,111,565
04/22/2017 10:16:07,199,10.8,2248.080,322.22,2.94,52,114,565
04/22/2017 10:16:17,207,10.8,2250.490,322.30,2.93,53,113,565
04/22/2017 10:16:27,198,10.9,2252.910,322.04,2.93,54,116,565
04/22/2017 10:16:37,207,10.8,2255.360,322.22,2.93,54,114,565
04/22/2017 10:16:47,215,10.8,2257.910,322.40,2.92,53,113,565
04/22/2017 10:16:57,201,10.8,2260.220,322.53,2.92,54,112,565
04/22/2017 10:17:07,213,10.8,2262.790,322.54,2.92,54,111,565
04/22/2017 10:17:17,199,10.8,2265.290,321.56,2.92,54,111,565
04/22/2017 10:17:27,205,10.8,2267.710,322.52,2.92,54,109,566
04/22/2017 10:17:37,199,10.8,2270.280,322.81,2.91,54,110,565
04/22/2017 10:17:47,205,10.8,2272.800,321.66,2.91,52,112,566
04/22/2017 10:17:57,202,10.8,2275.250,322.54,2.90,53,112,566
04/22/2017 10:18:07,190,10.8,2277.830,322.80,2.89,52,111,565
04/22/2017 10:18:17,202,10.8,2280.170,322.63,2.88,53,110,565
04/22/2017 10:18:27,199,10.8,2282.620,323.14,2.88,54,114,566
04/22/2017 10:18:37,207,10.8,2285.150,322.45,2.87,54,112,565
04/22/2017 10:18:47,206,10.8,2287.650,323.79,2.87,52,111,565
04/22/2017 10:18:57,187,10.8,2290.110,323.56,2.86,52,112,566
04/22/2017 10:19:07,198,10.8,2292.580,322.14,2.86,53,118,566
04/22/2017 10:19:17,214,10.8,2295.080,322.80,2.86,53,112,565
04/22/2017 10:19:27,189,10.8,2297.660,323.38,2.86,54,110,565
04/22/2017 10:19:37,211,10.8,2299.940,323.62,2.85,54,111,566
04/22/2017 10:19:47,183,10.8,2302.410,323.68,2.85,52,114,565
04/22/2017 10:19:57,196,10.8,2304.770,323.41,2.84,53,111,566
04/22/2017 10:20:07,188,10.8,2307.180,323.09,2.84,54,112,566
04/22/2017 10:20:17,197,10.8,2309.670,323.00,2.83,53,112,565
04/22/2017 10:20:27,196,10.8,2312.180,323.87,2.83,54,110,565
04/22/2017 10:20:37,194,10.8,2314.700,322.91,2.82,54,110,566
04/22/2017 10:20:47,178,10.8,2317.130,323.86,2.82,52,111,565
04/22/2017 10:20:57,231,10.8,2319.440,322.86,2.82,52,114,565
04/22/2017 10:21:07,182,10.8,2321.910,323.43,2.81,52,111,565
04/22/2017 10:21:17,186,10.8,2324.250,323.53,2.80,53,114,565
04/22/2017 10:21:27,181,10.8,2326.460,323.87,2.80,51,113,566
04/22/2017 10:21:37,201,10.8,2328.870,324.86,2.79,52,114,566
04/22/2017 10:21:47,205,10.8,2331.260,324.44,2.78,52,115,565
04/22/2017 10:21:57,201,10.8,2333.510,324.80,2.77,52,113,566
04/22/2017 10:22:07,210,10.8,2335.970,325.28,2.77,54,116,566
04/22/2017 10:22:17,201,10.8,2338.300,326.27,2.77,53,115,565
04/22/2017 10:22:27,208,10.8,2340.800,325.45,2.76,53,113,566
04/22/2017 10:22:37,213,10.8,2343.110,326.51,2.76,53,113,566
04/22/2017 10:22:47,203,10.8,2345.540,326.52,2.76,53,116,566
04/22/2017 10:22:57,199,10.8,2347.840,325.51,2.76,52,114,566
04/22/2017 10:23:07,166,10.9,2350.360,325.36,2.75,53,115,566
04/22/2017 10:23:17,218,10.8,2352.730,326.05,2.75,54,113,566
04/22/2017 10:23:27,204,10.8,2355.050,325.82,2.75,54,114,565
04/22/2017 10:23:37,210,10.8,2357.480,325.86,2.74,53,114,566
04/22/2017 10:23:47,220,10.8,2359.950,325.93,2.74,53,116,566
04/22/2017 10:23:57,202,10.8,2362.410,325.90,2.74,53,113,566
04/22/2017 10:24:07,182,10.8,2364.510,326.12,2.73,53,114,566
04/22/2017 10:24:17,180,10.8,2366.810,326.16,2.73,54,116,565
04/22/2017 10:24:27,212,10.8,2369.160,326.18,2.73,52,116,566
04/22/2017 10:24:37,250,10.8,2371.480,325.85,2.73,53,124,565
04/22/2017 10:24:47,194,10.8,2373.860,326.20,2.72,52,117,566
04/22/2017 10:24:57,192,10.8,2376.260,326.34,2.72,53,117,566
04/22/2017 10:25:07,199,10.8,2378.660,326.51,2.72,51,116,565
04/22/2017 10:25:17,218,10.8,2380.920,326.49,2.72,53,114,566
04/22/2017 10:25:27,200,10.9,2383.460,325.69,2.72,54,111,566
04/22/2017 10:25:37,186,10.8,2385.740,325.07,2.71,53,112,566
04/22/2017 10:25:47,221,10.8,2388.050,324.74,2.71,53,114,566
04/22/2017 10:25:57,204,10.8,2390.330,324.28,2.71,53,114,566
04/22/2017 10:26:07,207,10.8,2392.570,324.44,2.70,52,112,566
04/22/2017 10:26:17,214,10.8,2395.000,325.44,2.69,54,116,566
04/22/2017 10:26:27,205,10.8,2397.430,325.14,2.69,52,114,566
04/22/2017 10:26:37,234,10.8,2399.720,325.42,2.68,53,114,566
04/22/2017 10:26:47,229,10.8,2402.070,325.55,2.66,53,113,566
04/22/2017 10:26:57,233,10.8,2404.500,326.60,2.65,53,116,566
04/22/2017 10:27:07,197,10.8,2406.800,326.86,2.64,54,114,566
04/22/2017 10:27:17,175,10.8,2409.250,327.82,2.63,54,116,566
04/22/2017 10:27:27,206,10.8,2411.580,328.60,2.61,53,124,566
04/22/2017 10:27:37,180,10.8,2413.960,329.25,2.60,52,118,566
04/22/2017 10:27:47,191,10.8,2416.550,330.03,2.58,54,118,566
04/22/2017 10:27:57,193,10.8,2418.790,329.58,2.56,53,118,566
04/22/2017 10:28:07,219,10.8,2421.080,331.09,2.56,52,118,566
04/22/2017 10:28:17,213,10.8,2423.400,331.05,2.54,53,119,566
04/22/2017 10:28:27,225,10.8,2425.860,331.44,2.54,54,120,566
04/22/2017 10:28:37,189,10.8,2428.140,332.13,2.53,54,121,566
04/22/2017 10:28:47,239,10.8,2430.460,332.43,2.49,52,125,566
04/22/2017 10:28:57,239,10.8,2432.840,333.65,2.47,53,125,566
04/22/2017 10:29:07,200,10.8,2435.140,334.54,2.47,53,126,566
04/22/2017 10:29:17,199,10.8,2437.600,334.63,2.46,54,124,566
04/22/2017 10:29:27,251,10.8,2439.860,334.56,2.46,53,129,566
04/22/2017 10:29:37,234,10.8,2442.410,334.73,2.45,53,124,566
04/22/2017 10:29:47,184,10.8,2444.560,335.26,2.44,53,125,566
04/22/2017 10:29:57,207,10.8,2446.880,334.96,2.43,54,133,566
04/22/2017 10:30:07,213,10.8,2449.200,335.71,2.42,54,126,566
04/22/2017 10:30:17,205,10.8,2451.550,335.52,2.40,54,129,566
04/22/2017 10:30:27,226,10.8,2453.850,336.43,2.39,54,128,566
04/22/2017 10:30:37,207,10.8,2456.210,336.45,2.38,54,128,566
04/22/2017 10:30:47,200,10.8,2458.510,336.30,2.38,52,128,566
04/22/2017 10:30:57,220,10.8,2460.690,335.63,2.40,52,122,566
04/22/2017 10:31:07,191,10.8,2462.950,335.46,2.40,53,123,566
04/22/2017 10:31:17,198,10.8,2465.130,334.19,2.38,53,119,566
04/22/2017 10:31:27,184,10.8,2467.430,334.68,2.37,53,119,566
04/22/2017 10:31:37,197,10.8,2469.740,334.98,2.35,54,121,566
04/22/2017 10:31:47,217,10.8,2471.980,335.30,2.34,52,121,566
04/22/2017 10:31:57,204,10.8,2474.210,336.38,2.31,54,122,566
04/22/2017 10:32:07,220,10.9,2476.490,336.69,2.30,52,122,566
04/22/2017 10:32:17,188,10.8,2478.550,336.51,2.30,54,124,566
04/22/2017 10:32:27,217,10.9,2480.870,335.99,2.29,52,123,566
04/22/2017 10:32:37,201,10.8,2483.110,336.49,2.29,53,122,566
04/22/2017 10:32:47,218,10.8,2485.360,336.94,2.29,53,120,566
04/22/2017 10:32:57,200,10.8,2487.780,336.85,2.28,54,121,566
04/22/2017 10:33:07,212,10.8,2489.870,336.53,2.28,52,121,566
04/22/2017 10:33:17,196,10.8,2492.200,336.67,2.28,54,121,566
04/22/2017 10:33:27,223,10.8,2494.600,337.96,2.26,54,123,566
04/22/2017 10:33:37,188,10.8,2496.800,336.98,2.23,54,123,566
04/22/2017 10:33:47,192,10.8,2499.060,337.78,2.21,51,123,566
04/22/2017 10:33:57,216,10.8,2501.220,338.58,2.19,52,133,566
04/22/2017 10:34:07,223,10.8,2503.470,338.45,2.18,53,351,566
04/22/2017 10:34:17,195,10.9,2505.870,339.31,2.17,54,121,566
04/22/2017 10:34:27,205,10.9,2508.080,339.10,2.16,55,121,566
04/22/2017 10:34:37,216,10.8,2510.260,339.54,2.16,53,124,566
04/22/2017 10:34:47,203,10.8,2512.680,338.87,2.15,53,122,566
04/22/2017 10:34:57,193,10.8,2514.880,339.45,2.15,54,123,566
04/22/2017 10:35:07,211,10.8,2517.000,339.63,2.15,53,123,566
04/22/2017 10:35:17,172,10.8,2519.200,339.56,2.15,54,122,566
04/22/2017 10:35:27,194,10.8,2521.330,339.50,2.14,53,124,566
04/22/2017 10:35:37,185,10.8,2523.540,339.69,2.14,52,125,566
04/22/2017 10:35:47,186,10.8,2525.610,339.22,2.14,54,124,566
04/22/2017 10:35:57,212,10.8,2527.850,340.01,2.13,53,128,566

 Ramp exit:    SMOOTH RUNNING
 Profile exit: BOTTOM PRESSURE

 Vehicle motion stopped at 04/22/2017 10:36:01
 Sensor logging stopped at 04/22/2017 10:38:09
