
 Profile 348

 Sensors were turned on at  04/27/2017 08:00:02
 Vehicle began profiling at 04/27/2017 08:02:03

Date,[mA],[V],[dbar],Oxygen[uM],Optode Temp[C],Chl,NTU,Therm
04/27/2017 08:02:03,0,11.1,0.000,0.00,0.00,73,128,567
04/27/2017 08:02:13,209,10.7,0.000,0.00,0.00,72,129,567
04/27/2017 08:02:23,177,10.8,0.000,0.00,0.00,67,128,567
04/27/2017 08:02:36,336,10.6,211.170,376.59,3.93,66,126,566
04/27/2017 08:02:46,197,10.9,213.820,375.59,3.92,65,126,566
04/27/2017 08:02:56,197,10.9,216.470,375.17,3.92,64,126,566
04/27/2017 08:03:06,187,10.9,219.140,375.75,3.91,65,126,566
04/27/2017 08:03:16,186,10.9,221.860,376.00,3.89,72,130,566
04/27/2017 08:03:26,195,10.9,224.370,376.27,3.90,65,128,566
04/27/2017 08:03:36,173,10.9,227.080,376.31,3.90,63,127,566
04/27/2017 08:03:46,187,10.9,229.770,376.07,3.89,68,126,566
04/27/2017 08:03:56,190,10.8,232.280,375.88,3.88,66,129,566
04/27/2017 08:04:06,187,10.9,234.890,376.04,3.86,73,129,566
04/27/2017 08:04:16,196,10.8,237.600,376.39,3.85,72,129,566
04/27/2017 08:04:26,197,10.8,240.230,377.56,3.85,71,129,566
04/27/2017 08:04:36,174,10.8,242.760,376.08,3.85,69,131,566
04/27/2017 08:04:46,188,10.9,245.380,376.68,3.84,67,128,566
04/27/2017 08:04:56,182,10.8,248.140,375.63,3.84,70,132,566
04/27/2017 08:05:06,191,10.8,250.700,376.05,3.81,70,133,566
04/27/2017 08:05:16,187,10.8,253.280,377.28,3.79,73,133,565
04/27/2017 08:05:26,181,10.8,256.000,377.99,3.78,67,127,565
04/27/2017 08:05:36,210,10.8,258.660,376.91,3.79,66,128,565
04/27/2017 08:05:46,174,10.8,261.210,375.67,3.80,64,128,565
04/27/2017 08:05:56,191,10.8,263.780,374.51,3.80,65,163,565
04/27/2017 08:06:06,182,10.8,266.440,375.09,3.80,63,125,565
04/27/2017 08:06:16,192,10.8,269.090,374.16,3.80,59,123,565
04/27/2017 08:06:26,190,10.8,271.560,372.74,3.79,63,126,565
04/27/2017 08:06:36,193,10.8,274.250,372.77,3.77,63,126,565
04/27/2017 08:06:46,181,10.8,276.790,373.17,3.77,61,124,565
04/27/2017 08:06:56,179,10.8,279.380,372.09,3.77,58,123,565
04/27/2017 08:07:06,183,10.8,282.070,372.69,3.78,57,124,565
04/27/2017 08:07:16,189,10.8,284.600,371.44,3.78,57,126,565
04/27/2017 08:07:26,206,10.8,287.360,370.83,3.77,56,123,565
04/27/2017 08:07:36,164,10.8,289.840,371.61,3.77,56,120,565
04/27/2017 08:07:46,210,10.8,292.470,370.56,3.76,57,120,565
04/27/2017 08:07:56,186,10.8,295.130,371.29,3.76,55,120,565
04/27/2017 08:08:06,186,10.8,297.720,370.55,3.76,57,121,565
04/27/2017 08:08:16,178,10.8,300.370,372.09,3.73,62,124,565
04/27/2017 08:08:26,185,10.8,302.970,374.17,3.71,62,125,565
04/27/2017 08:08:36,169,10.8,305.540,373.81,3.70,62,132,565
04/27/2017 08:08:46,181,10.7,308.180,375.16,3.70,64,126,565
04/27/2017 08:08:56,151,10.8,310.740,376.31,3.70,64,125,565
04/27/2017 08:09:06,188,10.8,313.430,376.84,3.70,64,125,565
04/27/2017 08:09:16,150,10.8,316.070,375.97,3.70,64,126,565
04/27/2017 08:09:26,204,10.7,318.700,375.44,3.69,62,125,565
04/27/2017 08:09:36,169,10.8,321.250,375.49,3.69,62,124,565
04/27/2017 08:09:46,185,10.8,323.790,376.27,3.69,62,125,565
04/27/2017 08:09:56,187,10.7,326.420,376.08,3.69,63,123,565
04/27/2017 08:10:06,186,10.7,329.130,375.91,3.70,62,125,565
04/27/2017 08:10:16,192,10.8,331.690,374.97,3.70,60,126,565
04/27/2017 08:10:26,177,10.7,334.200,375.66,3.70,62,123,565
04/27/2017 08:10:36,169,10.7,336.840,374.64,3.70,61,122,565
04/27/2017 08:10:46,188,10.7,339.460,373.94,3.70,60,126,565
04/27/2017 08:10:56,181,10.8,342.060,375.26,3.70,61,123,565
04/27/2017 08:11:06,155,10.8,344.550,374.17,3.70,58,123,565
04/27/2017 08:11:16,179,10.7,347.310,374.07,3.69,59,123,565
04/27/2017 08:11:26,195,10.7,349.830,374.43,3.69,59,124,565
04/27/2017 08:11:36,168,10.7,352.440,373.43,3.69,59,122,565
04/27/2017 08:11:46,181,10.7,354.980,374.02,3.69,58,125,565
04/27/2017 08:11:56,175,10.7,357.580,374.06,3.69,58,120,565
04/27/2017 08:12:06,181,10.7,360.340,374.01,3.69,59,121,565
04/27/2017 08:12:16,167,10.7,362.760,374.17,3.69,59,122,565
04/27/2017 08:12:26,198,10.8,365.530,374.57,3.69,60,122,565
04/27/2017 08:12:36,204,10.7,368.050,373.22,3.68,60,122,565
04/27/2017 08:12:46,187,10.7,370.560,374.34,3.68,59,121,565
04/27/2017 08:12:56,182,10.7,373.250,374.70,3.68,60,122,565
04/27/2017 08:13:06,196,10.7,375.880,375.18,3.68,60,122,565
04/27/2017 08:13:16,181,10.7,378.410,373.94,3.68,59,127,565
04/27/2017 08:13:26,195,10.7,380.970,374.32,3.68,59,121,565
04/27/2017 08:13:36,188,10.7,383.490,375.10,3.68,60,121,565
04/27/2017 08:13:46,172,10.7,386.100,375.03,3.68,59,122,565
04/27/2017 08:13:56,182,10.7,388.730,374.44,3.68,59,122,565
04/27/2017 08:14:06,193,10.7,391.260,374.22,3.68,59,125,565
04/27/2017 08:14:16,202,10.7,393.840,375.10,3.68,59,122,565
04/27/2017 08:14:26,199,10.7,396.400,374.37,3.68,59,121,565
04/27/2017 08:14:36,174,10.7,399.010,374.23,3.67,59,122,565
04/27/2017 08:14:46,187,10.7,401.640,374.29,3.67,59,124,565
04/27/2017 08:14:56,197,10.7,404.300,374.56,3.67,59,125,565
04/27/2017 08:15:06,204,10.7,406.840,374.64,3.67,59,127,565
04/27/2017 08:15:16,190,10.7,409.410,375.39,3.67,60,120,565
04/27/2017 08:15:26,210,10.7,411.940,374.59,3.67,60,122,565
04/27/2017 08:15:36,188,10.7,414.550,374.34,3.66,58,124,565
04/27/2017 08:15:46,184,10.7,417.180,374.59,3.66,61,124,565
04/27/2017 08:15:56,201,10.7,419.740,375.75,3.66,60,124,565
04/27/2017 08:16:06,199,10.7,422.300,374.09,3.66,61,125,565
04/27/2017 08:16:16,178,10.7,424.870,375.35,3.66,60,123,565
04/27/2017 08:16:26,199,10.7,427.460,374.91,3.66,58,135,565
04/27/2017 08:16:36,166,10.7,430.040,375.13,3.66,60,122,565
04/27/2017 08:16:46,194,10.7,432.510,374.22,3.66,59,131,564
04/27/2017 08:16:56,201,10.7,435.100,373.55,3.66,59,131,564
04/27/2017 08:17:06,207,10.7,437.620,373.59,3.66,58,122,565
04/27/2017 08:17:16,193,10.7,440.270,373.53,3.66,58,124,565
04/27/2017 08:17:26,183,10.7,442.860,372.71,3.66,59,120,565
04/27/2017 08:17:36,184,10.7,445.410,374.13,3.66,58,123,565
04/27/2017 08:17:46,199,10.7,448.010,373.36,3.65,58,122,565
04/27/2017 08:17:56,202,10.7,450.550,373.22,3.65,58,123,565
04/27/2017 08:18:06,158,10.7,453.030,373.97,3.65,60,120,565
04/27/2017 08:18:16,187,10.7,455.660,373.31,3.65,59,123,565
04/27/2017 08:18:26,196,10.6,458.120,373.25,3.65,60,123,565
04/27/2017 08:18:36,180,10.7,460.770,373.89,3.65,57,122,565
04/27/2017 08:18:46,216,10.7,463.300,374.15,3.65,59,121,564
04/27/2017 08:18:56,169,10.7,465.850,374.41,3.65,58,121,565
04/27/2017 08:19:06,197,10.7,468.370,373.85,3.65,58,125,565
04/27/2017 08:19:16,206,10.6,470.880,374.20,3.65,59,119,565
04/27/2017 08:19:26,184,10.7,473.420,374.98,3.65,59,123,565
04/27/2017 08:19:36,194,10.7,476.130,375.43,3.64,58,121,565
04/27/2017 08:19:46,193,10.6,478.550,373.98,3.64,58,123,565
04/27/2017 08:19:56,199,10.7,481.120,374.01,3.64,58,123,565
04/27/2017 08:20:06,171,10.7,483.720,374.64,3.64,59,122,565
04/27/2017 08:20:16,212,10.7,486.250,374.31,3.64,59,122,565
04/27/2017 08:20:26,180,10.7,488.760,374.04,3.64,57,121,565
04/27/2017 08:20:36,196,10.6,491.330,373.60,3.64,58,121,565
04/27/2017 08:20:46,178,10.7,493.940,374.61,3.64,58,122,565
04/27/2017 08:20:56,169,10.6,496.450,374.00,3.64,59,120,565
04/27/2017 08:21:06,182,10.6,499.020,373.63,3.63,60,122,565
04/27/2017 08:21:16,195,10.7,501.650,373.43,3.63,59,121,565
04/27/2017 08:21:26,195,10.6,504.060,374.11,3.63,60,123,565
04/27/2017 08:21:36,190,10.7,506.720,373.58,3.63,59,123,565
04/27/2017 08:21:46,194,10.7,509.300,373.89,3.63,59,195,565
04/27/2017 08:21:56,208,10.6,511.770,374.24,3.63,60,122,564
04/27/2017 08:22:06,184,10.6,514.260,374.93,3.63,59,124,565
04/27/2017 08:22:16,168,10.6,516.880,373.96,3.63,58,121,565
04/27/2017 08:22:26,192,10.6,519.360,373.74,3.63,58,122,565
04/27/2017 08:22:36,196,10.6,521.890,374.48,3.63,59,121,565
04/27/2017 08:22:46,174,10.6,524.460,374.39,3.63,58,123,564
04/27/2017 08:22:56,172,10.6,527.100,373.76,3.62,59,123,565
04/27/2017 08:23:06,191,10.6,529.470,374.46,3.63,59,122,564
04/27/2017 08:23:16,209,10.6,532.110,374.41,3.63,60,121,564
04/27/2017 08:23:26,154,10.6,534.630,373.48,3.63,59,122,565
04/27/2017 08:23:36,213,10.6,537.140,374.67,3.63,58,120,565
04/27/2017 08:23:46,204,10.6,539.710,374.27,3.63,58,122,565
04/27/2017 08:23:56,160,10.6,542.180,373.85,3.63,58,122,565
04/27/2017 08:24:06,206,10.6,544.760,373.61,3.63,58,121,564
04/27/2017 08:24:16,199,10.6,547.240,374.03,3.63,58,123,565
04/27/2017 08:24:26,191,10.6,549.900,374.20,3.62,59,123,565
04/27/2017 08:24:36,186,10.6,552.260,373.44,3.62,58,122,565
04/27/2017 08:24:46,180,10.6,554.790,373.81,3.62,59,125,564
04/27/2017 08:24:56,189,10.6,557.410,374.06,3.62,59,123,565
04/27/2017 08:25:06,205,10.6,559.970,372.61,3.62,58,121,565
04/27/2017 08:25:16,186,10.6,562.530,373.29,3.62,58,120,564
04/27/2017 08:25:26,179,10.6,565.010,373.42,3.61,57,122,564
04/27/2017 08:25:36,192,10.6,567.500,373.29,3.60,59,122,565
04/27/2017 08:25:46,185,10.6,570.140,373.30,3.60,57,122,565
04/27/2017 08:25:56,197,10.6,572.600,373.56,3.59,58,123,565
04/27/2017 08:26:06,204,10.6,575.100,373.96,3.59,58,123,564
04/27/2017 08:26:16,205,10.6,577.630,373.44,3.59,60,121,565
04/27/2017 08:26:26,217,10.6,580.080,373.65,3.59,57,121,565
04/27/2017 08:26:36,189,10.6,582.620,373.71,3.59,57,121,565
04/27/2017 08:26:46,205,10.6,585.110,373.41,3.59,57,119,565
04/27/2017 08:26:56,191,10.6,587.670,373.83,3.59,58,119,565
04/27/2017 08:27:06,200,10.6,590.310,373.52,3.59,58,121,565
04/27/2017 08:27:16,202,10.6,592.870,373.27,3.59,56,121,565
04/27/2017 08:27:26,199,10.6,595.250,373.24,3.58,57,124,564
04/27/2017 08:27:36,223,10.6,597.790,373.67,3.58,58,124,565
04/27/2017 08:27:46,214,10.6,600.390,373.67,3.58,58,121,565
04/27/2017 08:27:56,204,10.6,602.840,373.86,3.57,57,122,565
04/27/2017 08:28:06,172,10.6,605.390,372.95,3.57,58,122,565
04/27/2017 08:28:16,205,10.6,607.950,373.11,3.57,57,120,565
04/27/2017 08:28:26,200,10.6,610.460,373.28,3.56,57,121,565
04/27/2017 08:28:36,196,10.6,612.910,372.06,3.57,56,121,564
04/27/2017 08:28:46,208,10.6,615.410,371.67,3.57,57,121,565
04/27/2017 08:28:56,208,10.6,618.010,372.23,3.56,58,122,565
04/27/2017 08:29:06,204,10.6,620.410,372.93,3.56,57,122,565
04/27/2017 08:29:16,219,10.5,622.920,372.52,3.57,57,120,565
04/27/2017 08:29:26,171,10.6,625.510,372.64,3.57,58,121,565
04/27/2017 08:29:36,205,10.5,628.050,372.77,3.57,57,120,565
04/27/2017 08:29:46,224,10.6,630.580,373.92,3.57,57,122,565
04/27/2017 08:29:56,189,10.6,633.080,373.79,3.57,56,122,565
04/27/2017 08:30:06,183,10.6,635.540,372.63,3.57,57,122,565
04/27/2017 08:30:16,203,10.5,638.040,372.79,3.58,58,121,565
04/27/2017 08:30:26,191,10.5,640.520,373.24,3.58,58,122,564
04/27/2017 08:30:36,185,10.5,643.070,372.98,3.58,57,121,565
04/27/2017 08:30:46,197,10.6,645.600,372.28,3.57,56,120,565
04/27/2017 08:30:56,206,10.5,648.030,372.54,3.57,57,121,565
04/27/2017 08:31:06,216,10.6,650.480,371.87,3.57,58,121,565
04/27/2017 08:31:16,183,10.6,652.940,372.06,3.57,59,118,565
04/27/2017 08:31:26,213,10.6,655.510,371.73,3.57,58,120,565
04/27/2017 08:31:36,211,10.5,658.010,372.33,3.58,58,122,565
04/27/2017 08:31:46,197,10.5,660.430,371.63,3.57,58,120,565
04/27/2017 08:31:56,233,10.5,662.970,372.80,3.56,58,121,565
04/27/2017 08:32:06,189,10.5,665.560,371.78,3.57,60,121,565
04/27/2017 08:32:16,214,10.5,667.900,372.22,3.57,57,123,565
04/27/2017 08:32:26,204,10.5,670.500,372.43,3.56,58,121,565
04/27/2017 08:32:36,176,10.5,672.800,371.56,3.56,56,121,564
04/27/2017 08:32:46,210,10.5,675.490,370.83,3.56,55,119,565
04/27/2017 08:32:56,223,10.5,677.890,371.57,3.56,57,120,565
04/27/2017 08:33:06,172,10.5,680.420,370.22,3.56,57,119,565
04/27/2017 08:33:16,141,10.5,682.810,371.24,3.56,56,121,565
04/27/2017 08:33:26,205,10.5,685.230,371.38,3.55,56,121,565
04/27/2017 08:33:36,181,10.5,687.760,372.05,3.55,57,120,565
04/27/2017 08:33:46,202,10.5,690.210,370.71,3.55,56,121,565
04/27/2017 08:33:56,211,10.5,692.780,370.21,3.55,56,120,565
04/27/2017 08:34:06,203,10.5,695.130,370.56,3.55,58,122,565
04/27/2017 08:34:16,197,10.5,697.700,371.83,3.57,57,121,565
04/27/2017 08:34:26,188,10.5,700.160,371.55,3.57,58,119,565
04/27/2017 08:34:36,202,10.5,702.590,370.94,3.57,56,118,564
04/27/2017 08:34:46,186,10.5,705.100,370.39,3.58,56,119,565
04/27/2017 08:34:56,219,10.5,707.520,370.87,3.57,56,124,565
04/27/2017 08:35:06,210,10.5,710.100,371.79,3.56,57,120,564
04/27/2017 08:35:16,211,10.5,712.460,372.86,3.56,57,120,564
04/27/2017 08:35:26,199,10.5,714.910,372.48,3.56,56,121,565
04/27/2017 08:35:36,197,10.5,717.470,371.59,3.57,57,125,565
04/27/2017 08:35:46,230,10.5,719.970,371.92,3.56,56,120,565
04/27/2017 08:35:56,224,10.5,722.370,371.26,3.57,57,120,565
04/27/2017 08:36:06,218,10.5,724.770,372.25,3.57,56,121,564
04/27/2017 08:36:16,197,10.5,727.270,371.05,3.56,57,120,565
04/27/2017 08:36:26,212,10.5,729.710,371.08,3.57,57,121,565
04/27/2017 08:36:36,195,10.5,732.250,371.34,3.57,56,119,565
04/27/2017 08:36:46,201,10.5,734.710,371.74,3.57,56,120,565
04/27/2017 08:36:56,208,10.5,737.070,371.51,3.56,59,121,565
04/27/2017 08:37:06,193,10.5,739.680,372.25,3.56,57,121,565
04/27/2017 08:37:16,216,10.5,741.980,371.80,3.56,57,120,565
04/27/2017 08:37:26,198,10.5,744.540,371.99,3.56,57,119,565
04/27/2017 08:37:36,242,10.5,746.880,370.72,3.56,57,122,565
04/27/2017 08:37:46,225,10.5,749.410,371.44,3.56,58,119,565
04/27/2017 08:37:56,192,10.5,751.830,371.58,3.56,56,119,565
04/27/2017 08:38:06,230,10.4,754.200,370.15,3.57,55,117,565
04/27/2017 08:38:16,221,10.5,756.810,369.07,3.57,55,117,565
04/27/2017 08:38:26,210,10.4,759.300,368.27,3.57,55,117,565
04/27/2017 08:38:36,224,10.5,761.620,367.87,3.57,55,124,565
04/27/2017 08:38:46,202,10.5,764.170,368.86,3.57,56,141,565
04/27/2017 08:38:56,222,10.5,766.520,368.71,3.57,56,121,565
04/27/2017 08:39:06,195,10.4,769.040,369.29,3.57,56,120,565
04/27/2017 08:39:16,224,10.5,771.510,369.90,3.57,56,121,565
04/27/2017 08:39:26,221,10.4,773.860,370.23,3.57,56,120,565
04/27/2017 08:39:36,184,10.4,776.400,368.96,3.57,55,119,565
04/27/2017 08:39:46,216,10.4,778.740,369.27,3.57,56,117,565
04/27/2017 08:39:56,213,10.5,781.260,368.53,3.57,56,118,565
04/27/2017 08:40:06,226,10.4,783.670,368.39,3.57,55,126,565
04/27/2017 08:40:16,186,10.5,786.230,368.38,3.57,56,121,565
04/27/2017 08:40:26,207,10.5,788.640,368.99,3.57,54,117,565
04/27/2017 08:40:36,226,10.5,791.030,368.87,3.57,56,118,565
04/27/2017 08:40:46,202,10.4,793.480,368.47,3.57,55,119,565
04/27/2017 08:40:56,211,10.4,795.890,368.08,3.57,55,119,565
04/27/2017 08:41:06,205,10.4,798.380,368.56,3.57,56,120,565
04/27/2017 08:41:16,197,10.4,800.740,366.87,3.57,55,117,565
04/27/2017 08:41:26,211,10.5,803.210,368.35,3.57,56,119,565
04/27/2017 08:41:36,204,10.5,805.780,368.53,3.57,55,118,565
04/27/2017 08:41:46,217,10.4,808.240,367.77,3.57,54,119,565
04/27/2017 08:41:56,201,10.5,810.590,368.64,3.56,55,124,565
04/27/2017 08:42:06,228,10.4,813.050,367.54,3.55,55,122,565
04/27/2017 08:42:16,225,10.4,815.480,368.72,3.55,55,119,565
04/27/2017 08:42:26,197,10.4,817.900,368.64,3.55,56,119,564
04/27/2017 08:42:36,227,10.4,820.460,368.11,3.54,55,118,564
04/27/2017 08:42:46,205,10.5,822.770,368.20,3.54,57,121,565
04/27/2017 08:42:56,191,10.4,825.290,368.51,3.54,54,120,565
04/27/2017 08:43:06,211,10.4,827.710,367.32,3.54,55,120,565
04/27/2017 08:43:16,202,10.4,830.020,368.14,3.54,56,120,565
04/27/2017 08:43:26,219,10.4,832.530,367.65,3.54,57,120,565
04/27/2017 08:43:36,221,10.4,835.020,368.44,3.53,54,120,565
04/27/2017 08:43:46,217,10.4,837.530,367.36,3.53,54,120,564
04/27/2017 08:43:56,217,10.4,840.000,367.24,3.52,54,117,565
04/27/2017 08:44:06,239,10.4,842.360,367.23,3.53,53,119,565
04/27/2017 08:44:16,238,10.4,844.820,366.70,3.53,53,120,565
04/27/2017 08:44:26,201,10.4,847.230,366.18,3.52,54,119,565
04/27/2017 08:44:36,203,10.4,849.730,366.76,3.52,53,118,565
04/27/2017 08:44:46,205,10.4,852.130,366.15,3.52,54,119,565
04/27/2017 08:44:56,189,10.4,854.550,365.88,3.52,52,117,565
04/27/2017 08:45:06,219,10.4,857.010,364.90,3.52,55,117,565
04/27/2017 08:45:16,202,10.4,859.450,365.27,3.52,54,118,565
04/27/2017 08:45:26,213,10.4,861.850,365.58,3.52,54,119,565
04/27/2017 08:45:36,216,10.4,864.170,364.74,3.52,54,116,565
04/27/2017 08:45:46,198,10.4,866.710,364.90,3.52,53,120,565
04/27/2017 08:45:56,238,10.4,869.110,364.68,3.52,54,117,565
04/27/2017 08:46:06,208,10.4,871.410,364.69,3.52,53,116,565
04/27/2017 08:46:16,223,10.4,873.960,363.25,3.53,52,115,565
04/27/2017 08:46:26,190,10.4,876.360,362.99,3.53,54,115,565
04/27/2017 08:46:36,207,10.4,878.710,362.85,3.53,52,114,565
04/27/2017 08:46:46,196,10.4,881.270,363.13,3.52,54,117,565
04/27/2017 08:46:56,233,10.4,883.610,362.70,3.52,53,114,565
04/27/2017 08:47:06,202,10.4,885.990,362.00,3.53,54,114,565
04/27/2017 08:47:16,217,10.4,888.520,360.32,3.53,54,113,565
04/27/2017 08:47:26,207,10.4,890.820,360.27,3.53,52,112,565
04/27/2017 08:47:36,223,10.4,893.220,360.33,3.53,53,114,565
04/27/2017 08:47:46,218,10.4,895.620,360.21,3.53,54,112,565
04/27/2017 08:47:56,207,10.4,898.130,359.42,3.53,51,115,565
04/27/2017 08:48:06,218,10.4,900.440,359.83,3.53,52,114,565
04/27/2017 08:48:16,240,10.4,902.840,360.75,3.53,53,112,565
04/27/2017 08:48:26,246,10.4,905.360,358.99,3.53,53,133,565
04/27/2017 08:48:36,200,10.4,907.730,359.22,3.52,52,115,565
04/27/2017 08:48:46,243,10.4,909.990,359.99,3.52,53,114,565
04/27/2017 08:48:56,239,10.4,912.510,358.91,3.52,52,113,565
04/27/2017 08:49:06,216,10.4,914.820,358.73,3.52,53,114,565
04/27/2017 08:49:16,240,10.4,917.210,359.93,3.52,54,114,565
04/27/2017 08:49:26,220,10.4,919.580,359.71,3.52,52,116,565
04/27/2017 08:49:36,215,10.4,921.970,359.16,3.52,53,113,565
04/27/2017 08:49:46,213,10.4,924.370,359.29,3.52,53,113,565
04/27/2017 08:49:56,206,10.4,926.910,358.82,3.51,52,114,565
04/27/2017 08:50:06,223,10.4,929.270,359.30,3.51,53,113,565
04/27/2017 08:50:16,198,10.4,931.520,359.25,3.51,53,114,565
04/27/2017 08:50:26,228,10.4,934.080,358.44,3.51,51,119,565
04/27/2017 08:50:36,226,10.4,936.440,358.17,3.51,52,114,565
04/27/2017 08:50:46,193,10.3,938.780,358.34,3.51,53,113,565
04/27/2017 08:50:56,191,10.4,941.210,359.86,3.51,53,114,565
04/27/2017 08:51:06,250,10.4,943.570,358.60,3.51,53,114,565
04/27/2017 08:51:16,217,10.3,945.940,358.16,3.50,51,114,565
04/27/2017 08:51:26,230,10.4,948.290,358.50,3.48,53,113,565
04/27/2017 08:51:36,206,10.3,950.620,358.91,3.47,52,123,565
04/27/2017 08:51:46,223,10.3,952.970,360.08,3.47,52,115,565
04/27/2017 08:51:56,230,10.3,955.470,358.68,3.49,53,114,565
04/27/2017 08:52:06,222,10.3,957.800,359.09,3.49,53,114,565
04/27/2017 08:52:16,232,10.4,960.010,358.80,3.49,52,115,565
04/27/2017 08:52:26,206,10.4,962.340,358.64,3.50,52,115,565
04/27/2017 08:52:36,176,10.4,964.670,358.75,3.50,52,114,565
04/27/2017 08:52:46,201,10.4,967.100,358.71,3.50,53,114,565
04/27/2017 08:52:56,253,10.3,969.420,358.85,3.50,52,114,565
04/27/2017 08:53:06,235,10.3,971.900,358.43,3.50,54,112,565
04/27/2017 08:53:16,219,10.4,974.210,357.34,3.50,52,114,565
04/27/2017 08:53:26,218,10.3,976.520,358.18,3.50,53,115,565
04/27/2017 08:53:36,227,10.3,978.860,358.17,3.49,50,113,565
04/27/2017 08:53:46,224,10.3,981.210,359.01,3.50,53,117,565
04/27/2017 08:53:56,224,10.3,983.520,358.05,3.49,52,113,565
04/27/2017 08:54:06,205,10.3,986.040,357.87,3.49,52,114,565
04/27/2017 08:54:16,225,10.3,988.360,357.88,3.49,53,113,565
04/27/2017 08:54:26,243,10.3,990.700,358.45,3.49,53,117,565
04/27/2017 08:54:36,209,10.3,992.900,358.11,3.48,52,113,565
04/27/2017 08:54:46,225,10.3,995.410,358.50,3.48,53,114,565
04/27/2017 08:54:56,184,10.3,997.760,358.21,3.48,52,114,565
04/27/2017 08:55:06,214,10.3,1000.110,357.60,3.48,51,114,565
04/27/2017 08:55:16,247,10.3,1002.380,357.44,3.49,52,115,565
04/27/2017 08:55:26,231,10.3,1004.860,357.48,3.48,51,114,565
04/27/2017 08:55:36,225,10.3,1007.170,357.69,3.48,53,114,565
04/27/2017 08:55:46,232,10.4,1009.530,357.18,3.47,53,115,565
04/27/2017 08:55:56,220,10.3,1011.830,357.46,3.46,52,116,565
04/27/2017 08:56:06,243,10.3,1014.090,358.05,3.46,52,114,565
04/27/2017 08:56:16,235,10.3,1016.530,357.75,3.45,52,116,565
04/27/2017 08:56:26,233,10.3,1018.800,357.76,3.45,52,113,565
04/27/2017 08:56:36,238,10.3,1021.300,358.68,3.45,53,113,565
04/27/2017 08:56:46,239,10.3,1023.610,357.59,3.45,51,113,565
04/27/2017 08:56:56,229,10.3,1025.840,357.36,3.47,52,114,565
04/27/2017 08:57:06,208,10.3,1028.240,356.74,3.48,52,114,565
04/27/2017 08:57:16,222,10.3,1030.530,356.42,3.48,52,118,565
04/27/2017 08:57:26,234,10.3,1032.830,357.40,3.48,51,115,565
04/27/2017 08:57:36,209,10.3,1035.130,357.51,3.48,52,114,565
04/27/2017 08:57:46,209,10.3,1037.500,356.91,3.48,52,114,565
04/27/2017 08:57:56,257,10.3,1039.850,356.30,3.48,53,114,565
04/27/2017 08:58:06,222,10.3,1042.270,356.97,3.48,51,114,565
04/27/2017 08:58:16,224,10.3,1044.580,356.10,3.48,53,114,565
04/27/2017 08:58:26,228,10.3,1046.880,356.17,3.48,53,114,565
04/27/2017 08:58:36,201,10.3,1049.130,356.54,3.47,52,113,565
04/27/2017 08:58:46,241,10.3,1051.410,356.26,3.47,53,113,565
04/27/2017 08:58:56,239,10.3,1053.700,356.29,3.47,51,113,565
04/27/2017 08:59:06,227,10.3,1056.200,356.26,3.48,53,114,565
04/27/2017 08:59:16,223,10.3,1058.500,356.47,3.47,52,116,565
04/27/2017 08:59:26,221,10.3,1060.870,355.43,3.47,53,114,565
04/27/2017 08:59:36,213,10.3,1063.170,355.56,3.47,52,113,565
04/27/2017 08:59:46,225,10.3,1065.510,355.92,3.47,51,114,565
04/27/2017 08:59:56,257,10.3,1067.850,355.54,3.47,53,115,565
04/27/2017 09:00:06,227,10.3,1070.110,357.16,3.47,52,113,565
04/27/2017 09:00:16,212,10.3,1072.410,356.26,3.47,53,113,565
04/27/2017 09:00:26,237,10.3,1074.790,357.17,3.47,53,111,565
04/27/2017 09:00:36,236,10.3,1077.170,355.72,3.47,52,113,565
04/27/2017 09:00:46,254,10.3,1079.510,354.96,3.46,53,113,565
04/27/2017 09:00:56,230,10.3,1081.860,355.34,3.46,53,112,565
04/27/2017 09:01:06,238,10.3,1084.210,355.99,3.45,52,114,565
04/27/2017 09:01:16,224,10.3,1086.390,356.20,3.45,52,113,565
04/27/2017 09:01:26,241,10.3,1088.760,356.63,3.45,52,113,565
04/27/2017 09:01:36,229,10.2,1091.160,356.47,3.45,51,115,565
04/27/2017 09:01:46,242,10.3,1093.370,355.80,3.45,53,113,565
04/27/2017 09:01:56,236,10.3,1095.840,355.72,3.45,53,114,565
04/27/2017 09:02:06,241,10.3,1097.990,355.45,3.45,52,115,565
04/27/2017 09:02:16,221,10.3,1100.450,355.72,3.45,50,113,565
04/27/2017 09:02:26,223,10.3,1102.740,356.01,3.45,53,113,565
04/27/2017 09:02:36,210,10.3,1105.110,355.13,3.46,53,114,565
04/27/2017 09:02:46,270,10.2,1107.440,355.85,3.46,53,113,565
04/27/2017 09:02:56,230,10.3,1109.850,355.00,3.46,51,114,565
04/27/2017 09:03:06,225,10.2,1112.120,354.45,3.46,52,114,565
04/27/2017 09:03:16,203,10.3,1114.440,354.73,3.46,51,115,565
04/27/2017 09:03:26,218,10.3,1116.690,355.19,3.46,52,113,565
04/27/2017 09:03:36,232,10.3,1118.990,354.60,3.46,51,113,565
04/27/2017 09:03:46,238,10.3,1121.340,355.06,3.46,54,114,565
04/27/2017 09:03:56,248,10.3,1123.580,354.45,3.45,52,113,565
04/27/2017 09:04:06,227,10.2,1125.920,355.20,3.46,53,113,565
04/27/2017 09:04:16,259,10.2,1128.360,354.64,3.46,53,114,565
04/27/2017 09:04:26,243,10.3,1130.650,355.29,3.45,51,114,565
04/27/2017 09:04:36,284,10.2,1132.880,354.50,3.45,53,114,565
04/27/2017 09:04:46,251,10.2,1135.130,354.76,3.45,51,114,565
04/27/2017 09:04:56,223,10.2,1137.500,354.77,3.44,53,114,565
04/27/2017 09:05:06,235,10.3,1139.760,355.61,3.43,53,116,565
04/27/2017 09:05:16,259,10.2,1142.060,355.39,3.42,52,113,565
04/27/2017 09:05:26,223,10.2,1144.190,355.80,3.42,52,113,565
04/27/2017 09:05:36,247,10.2,1146.540,355.66,3.40,51,113,565
04/27/2017 09:05:46,226,10.3,1148.800,355.99,3.40,51,115,565
04/27/2017 09:05:56,235,10.2,1151.030,356.88,3.40,52,114,565
04/27/2017 09:06:06,229,10.2,1153.350,355.77,3.40,51,114,565
04/27/2017 09:06:16,232,10.2,1155.550,355.61,3.39,51,116,565
04/27/2017 09:06:26,218,10.2,1157.870,355.81,3.39,51,116,565
04/27/2017 09:06:36,226,10.2,1160.110,356.48,3.39,52,115,565
04/27/2017 09:06:46,253,10.2,1162.360,356.16,3.39,51,116,565
04/27/2017 09:06:56,241,10.2,1164.680,356.05,3.40,51,112,565
04/27/2017 09:07:06,243,10.2,1167.050,355.24,3.41,52,113,565
04/27/2017 09:07:16,273,10.2,1169.260,355.59,3.41,54,114,565
04/27/2017 09:07:26,235,10.2,1171.530,355.06,3.42,52,114,565
04/27/2017 09:07:36,274,10.2,1173.860,355.61,3.41,53,115,565
04/27/2017 09:07:46,248,10.2,1176.090,355.06,3.42,54,114,565
04/27/2017 09:07:56,220,10.2,1178.380,354.87,3.40,51,114,565
04/27/2017 09:08:06,260,10.2,1180.700,355.45,3.40,53,115,565
04/27/2017 09:08:16,267,10.2,1183.010,355.44,3.40,53,113,565
04/27/2017 09:08:26,257,10.2,1185.320,355.24,3.40,51,114,565
04/27/2017 09:08:36,229,10.2,1187.510,355.78,3.39,52,121,565
04/27/2017 09:08:46,232,10.2,1189.820,356.12,3.39,52,114,565
04/27/2017 09:08:56,247,10.2,1192.120,354.84,3.39,53,113,565
04/27/2017 09:09:06,256,10.2,1194.480,354.99,3.39,52,114,565
04/27/2017 09:09:16,221,10.2,1196.680,355.33,3.39,53,115,565
04/27/2017 09:09:26,246,10.2,1198.910,355.43,3.39,53,115,565
04/27/2017 09:09:36,253,10.2,1201.260,355.48,3.39,52,126,565
04/27/2017 09:09:46,241,10.2,1203.530,355.18,3.39,51,117,565
04/27/2017 09:09:56,234,10.2,1205.700,355.60,3.39,54,114,565
04/27/2017 09:10:06,249,10.2,1207.950,355.57,3.39,54,115,565
04/27/2017 09:10:16,209,10.2,1210.340,355.71,3.39,52,122,565
04/27/2017 09:10:26,270,10.2,1212.380,355.91,3.39,53,116,565
04/27/2017 09:10:36,222,10.2,1214.720,353.91,3.39,53,114,565
04/27/2017 09:10:46,225,10.2,1217.030,354.62,3.39,51,113,565
04/27/2017 09:10:56,226,10.2,1219.270,355.20,3.39,52,115,565
04/27/2017 09:11:06,234,10.2,1221.370,355.06,3.39,52,114,565
04/27/2017 09:11:16,271,10.2,1223.690,354.94,3.39,54,113,565
04/27/2017 09:11:26,253,10.2,1225.860,354.55,3.39,52,113,565
04/27/2017 09:11:36,275,10.2,1228.160,354.54,3.39,53,115,565
04/27/2017 09:11:46,240,10.2,1230.460,354.16,3.39,52,113,565
04/27/2017 09:11:56,232,10.2,1232.700,354.03,3.39,52,115,565
04/27/2017 09:12:06,257,10.2,1234.970,354.18,3.39,52,114,565
04/27/2017 09:12:16,238,10.2,1237.110,354.29,3.39,53,114,565
04/27/2017 09:12:26,229,10.2,1239.370,354.67,3.39,52,113,565
04/27/2017 09:12:36,254,10.2,1241.720,354.47,3.39,52,115,565
04/27/2017 09:12:46,260,10.2,1243.970,353.55,3.39,52,114,565
04/27/2017 09:12:56,261,10.2,1246.130,353.66,3.39,51,114,565
04/27/2017 09:13:06,255,10.2,1248.390,353.23,3.39,53,113,565
04/27/2017 09:13:16,254,10.2,1250.670,354.22,3.39,54,113,565
04/27/2017 09:13:26,279,10.2,1252.950,354.13,3.39,52,116,565
04/27/2017 09:13:36,241,10.2,1255.020,353.24,3.39,53,114,565
04/27/2017 09:13:46,229,10.2,1257.380,353.89,3.38,52,116,565
04/27/2017 09:13:56,250,10.2,1259.630,354.74,3.37,52,113,565
04/27/2017 09:14:06,260,10.2,1261.670,355.19,3.37,51,114,565
04/27/2017 09:14:16,265,10.2,1263.810,355.05,3.36,52,113,565
04/27/2017 09:14:26,239,10.2,1266.190,354.58,3.37,51,113,565
04/27/2017 09:14:36,221,10.2,1268.340,354.53,3.37,53,113,565
04/27/2017 09:14:46,256,10.2,1270.490,354.63,3.36,52,114,565
04/27/2017 09:14:56,216,10.2,1272.850,354.80,3.36,51,113,565
04/27/2017 09:15:06,243,10.1,1275.130,355.62,3.36,52,113,565
04/27/2017 09:15:16,230,10.2,1277.300,354.87,3.36,53,115,565
04/27/2017 09:15:26,255,10.2,1279.600,354.15,3.36,52,114,565
04/27/2017 09:15:36,238,10.1,1281.850,354.88,3.36,51,115,565
04/27/2017 09:15:46,240,10.2,1283.930,355.60,3.36,52,114,565
04/27/2017 09:15:56,239,10.2,1286.220,355.39,3.36,53,114,565
04/27/2017 09:16:06,233,10.1,1288.530,354.34,3.36,53,112,565
04/27/2017 09:16:16,253,10.2,1290.710,355.20,3.35,52,114,565
04/27/2017 09:16:26,228,10.1,1292.850,355.32,3.35,53,112,565
04/27/2017 09:16:36,218,10.2,1295.220,354.52,3.35,52,113,565
04/27/2017 09:16:46,226,10.1,1297.350,354.92,3.36,50,114,565
04/27/2017 09:16:56,270,10.1,1299.660,354.82,3.36,51,112,565
04/27/2017 09:17:06,250,10.2,1301.750,354.00,3.36,51,114,565
04/27/2017 09:17:16,263,10.1,1304.180,353.84,3.36,52,114,565
04/27/2017 09:17:26,276,10.2,1306.430,354.08,3.37,51,120,565
04/27/2017 09:17:36,261,10.1,1308.520,353.67,3.37,52,115,565
04/27/2017 09:17:46,249,10.2,1310.810,352.64,3.38,52,114,565
04/27/2017 09:17:56,225,10.2,1312.980,352.38,3.39,53,114,565
04/27/2017 09:18:06,272,10.2,1315.290,352.18,3.39,51,115,565
04/27/2017 09:18:16,266,10.1,1317.600,352.27,3.39,51,114,565
04/27/2017 09:18:26,287,10.2,1319.630,352.44,3.38,50,114,565
04/27/2017 09:18:36,250,10.2,1321.850,352.45,3.38,51,114,565
04/27/2017 09:18:46,224,10.2,1324.060,351.82,3.39,51,116,565
04/27/2017 09:18:56,287,10.2,1326.100,351.70,3.39,52,114,565
04/27/2017 09:19:06,275,10.2,1328.340,350.97,3.39,53,115,565
04/27/2017 09:19:16,270,10.1,1330.540,350.73,3.40,52,113,565
04/27/2017 09:19:26,262,10.1,1332.780,350.92,3.40,52,112,565
04/27/2017 09:19:36,215,10.1,1335.000,351.28,3.40,51,113,565
04/27/2017 09:19:46,261,10.1,1337.140,350.57,3.40,52,118,565
04/27/2017 09:19:56,258,10.1,1339.390,350.76,3.40,54,114,565
04/27/2017 09:20:06,241,10.2,1341.600,350.29,3.40,53,113,565
04/27/2017 09:20:16,268,10.1,1343.860,349.76,3.40,52,113,565
04/27/2017 09:20:26,238,10.1,1345.920,349.63,3.41,52,114,565
04/27/2017 09:20:36,242,10.1,1348.150,349.77,3.41,53,114,565
04/27/2017 09:20:46,237,10.1,1350.430,348.86,3.42,52,114,565
04/27/2017 09:20:56,252,10.1,1352.530,348.03,3.42,52,113,565
04/27/2017 09:21:06,244,10.1,1354.750,348.37,3.42,53,114,565
04/27/2017 09:21:16,256,10.1,1357.090,347.58,3.43,52,113,565
04/27/2017 09:21:26,247,10.1,1359.380,347.46,3.43,53,115,565
04/27/2017 09:21:36,266,10.1,1361.480,346.96,3.44,55,114,565
04/27/2017 09:21:46,250,10.1,1363.770,346.14,3.44,52,113,565
04/27/2017 09:21:56,269,10.1,1365.930,346.50,3.44,53,114,565
04/27/2017 09:22:06,259,10.1,1368.220,346.11,3.45,52,115,565
04/27/2017 09:22:16,250,10.1,1370.320,346.33,3.45,52,114,565
04/27/2017 09:22:26,235,10.1,1372.570,345.70,3.45,52,113,565
04/27/2017 09:22:36,253,10.1,1374.870,345.53,3.46,52,115,565
04/27/2017 09:22:46,283,10.1,1377.010,344.22,3.46,53,115,565
04/27/2017 09:22:56,268,10.1,1379.260,344.90,3.46,52,113,565
04/27/2017 09:23:06,258,10.1,1381.410,343.63,3.47,53,113,565
04/27/2017 09:23:16,221,10.1,1383.590,343.97,3.47,51,113,565
04/27/2017 09:23:26,235,10.1,1385.830,343.02,3.48,53,113,565
04/27/2017 09:23:36,226,10.1,1388.030,343.09,3.48,52,114,565
04/27/2017 09:23:46,288,10.1,1390.190,342.06,3.48,52,114,565
04/27/2017 09:23:56,224,10.1,1392.430,341.90,3.49,53,114,565
04/27/2017 09:24:06,263,10.1,1394.580,342.49,3.50,52,113,565
04/27/2017 09:24:16,248,10.1,1396.690,341.73,3.50,52,114,565
04/27/2017 09:24:26,229,10.1,1398.980,340.87,3.50,52,114,565
04/27/2017 09:24:36,236,10.1,1401.260,340.97,3.50,52,116,565
04/27/2017 09:24:46,239,10.1,1403.350,341.16,3.50,52,114,565
04/27/2017 09:24:56,232,10.1,1405.500,340.40,3.51,53,112,565
04/27/2017 09:25:06,254,10.1,1407.850,340.40,3.51,53,113,565
04/27/2017 09:25:16,241,10.1,1409.880,339.78,3.51,52,114,565
04/27/2017 09:25:26,235,10.1,1412.240,340.42,3.52,52,113,565
04/27/2017 09:25:36,235,10.1,1414.300,339.05,3.52,52,113,565
04/27/2017 09:25:46,249,10.1,1416.490,338.23,3.53,52,114,565
04/27/2017 09:25:56,253,10.1,1418.620,337.57,3.53,54,114,565
04/27/2017 09:26:06,224,10.1,1420.810,337.76,3.54,52,112,565
04/27/2017 09:26:16,255,10.1,1422.920,337.14,3.54,51,113,565
04/27/2017 09:26:26,253,10.1,1425.170,337.55,3.54,52,112,565
04/27/2017 09:26:36,244,10.1,1427.310,337.37,3.54,52,112,565
04/27/2017 09:26:46,245,10.1,1429.520,336.75,3.55,52,114,565
04/27/2017 09:26:56,258,10.1,1431.730,336.10,3.56,52,113,565
04/27/2017 09:27:06,229,10.1,1433.880,335.50,3.56,52,113,565
04/27/2017 09:27:16,278,10.1,1436.060,334.53,3.56,52,115,565
04/27/2017 09:27:26,290,10.1,1438.120,335.46,3.56,52,116,565
04/27/2017 09:27:36,276,10.1,1440.290,334.98,3.56,52,115,565
04/27/2017 09:27:46,239,10.1,1442.510,334.53,3.56,53,116,565
04/27/2017 09:27:56,290,10.1,1444.680,334.44,3.56,54,113,565
04/27/2017 09:28:06,296,10.1,1446.730,334.19,3.57,53,114,565
04/27/2017 09:28:16,267,10.1,1448.950,334.30,3.57,52,112,565
04/27/2017 09:28:26,252,10.1,1450.870,333.25,3.57,53,114,565
04/27/2017 09:28:36,215,10.1,1453.160,334.57,3.57,52,114,565
04/27/2017 09:28:46,241,10.1,1455.060,332.95,3.57,53,114,565
04/27/2017 09:28:56,202,10.1,1457.300,334.18,3.57,53,114,565
04/27/2017 09:29:06,223,10.1,1459.330,333.66,3.57,53,115,565
04/27/2017 09:29:16,290,10.1,1461.510,333.38,3.58,53,114,565
04/27/2017 09:29:26,223,10.1,1463.780,332.66,3.58,53,113,565
04/27/2017 09:29:36,262,10.1,1465.860,332.58,3.58,53,114,565
04/27/2017 09:29:46,245,10.1,1467.920,332.85,3.58,52,115,565
04/27/2017 09:29:56,246,10.1,1470.150,333.14,3.58,53,113,565
04/27/2017 09:30:06,258,10.1,1472.220,331.38,3.58,53,114,565
04/27/2017 09:30:16,274,10.1,1474.320,332.00,3.58,51,115,565
04/27/2017 09:30:26,278,10.1,1476.560,331.74,3.58,53,114,565
04/27/2017 09:30:36,236,10.0,1478.600,332.21,3.58,54,115,565
04/27/2017 09:30:46,233,10.1,1480.640,330.98,3.58,52,114,565
04/27/2017 09:30:56,266,10.1,1482.860,331.23,3.58,52,115,565
04/27/2017 09:31:06,248,10.1,1484.930,331.35,3.58,53,114,565
04/27/2017 09:31:16,249,10.0,1487.090,331.55,3.57,53,120,565
04/27/2017 09:31:26,285,10.1,1489.330,330.61,3.57,53,114,565
04/27/2017 09:31:36,262,10.1,1491.450,331.03,3.57,52,114,565
04/27/2017 09:31:46,286,10.1,1493.660,330.94,3.57,52,113,565
04/27/2017 09:31:56,292,10.1,1495.730,331.53,3.57,53,114,565
04/27/2017 09:32:06,271,10.0,1497.910,330.36,3.57,53,114,565
04/27/2017 09:32:16,293,10.1,1500.040,330.30,3.57,53,114,565
04/27/2017 09:32:26,261,10.1,1502.100,330.51,3.57,53,113,565
04/27/2017 09:32:36,265,10.1,1504.250,330.66,3.57,54,115,565
04/27/2017 09:32:46,231,10.0,1506.360,330.41,3.57,52,115,565
04/27/2017 09:32:56,262,10.0,1508.500,330.12,3.57,53,114,565
04/27/2017 09:33:06,244,10.1,1510.510,330.08,3.57,54,113,565
04/27/2017 09:33:16,292,10.0,1512.760,330.15,3.56,52,114,565
04/27/2017 09:33:26,262,10.1,1514.840,329.55,3.56,52,115,565
04/27/2017 09:33:36,269,10.0,1516.920,329.70,3.57,53,114,565
04/27/2017 09:33:46,287,10.0,1519.000,329.10,3.57,51,114,565
04/27/2017 09:33:56,274,10.0,1521.260,328.77,3.56,53,113,565
04/27/2017 09:34:06,259,10.0,1523.210,328.92,3.56,52,113,565
04/27/2017 09:34:16,199,10.1,1525.470,329.43,3.56,51,114,565
04/27/2017 09:34:26,286,10.0,1527.440,328.98,3.56,52,115,565
04/27/2017 09:34:36,211,10.0,1529.560,328.71,3.56,53,117,565
04/27/2017 09:34:46,277,10.1,1531.520,328.32,3.56,53,114,565
04/27/2017 09:34:56,289,10.0,1533.540,328.18,3.56,53,113,565
04/27/2017 09:35:06,269,10.0,1535.730,328.64,3.56,53,116,565
04/27/2017 09:35:16,242,10.0,1537.830,328.73,3.56,53,113,565
04/27/2017 09:35:26,263,10.0,1539.760,327.87,3.56,53,115,565
04/27/2017 09:35:36,243,10.1,1541.920,328.04,3.56,54,114,565
04/27/2017 09:35:46,256,10.0,1544.060,328.02,3.56,52,115,565
04/27/2017 09:35:56,234,10.0,1546.150,327.77,3.56,52,114,565
04/27/2017 09:36:06,259,10.0,1548.050,327.89,3.56,51,114,565
04/27/2017 09:36:16,250,10.0,1550.210,327.62,3.56,53,116,565
04/27/2017 09:36:26,303,10.0,1552.320,328.57,3.56,52,115,565
04/27/2017 09:36:36,261,10.0,1554.410,326.69,3.56,53,115,565
04/27/2017 09:36:46,251,10.0,1556.440,327.77,3.56,51,115,565
04/27/2017 09:36:56,260,10.0,1558.460,327.60,3.56,53,115,565
04/27/2017 09:37:06,268,10.0,1560.430,326.64,3.56,53,113,565
04/27/2017 09:37:16,255,10.0,1562.710,327.27,3.56,54,115,565
04/27/2017 09:37:26,212,10.0,1564.650,327.16,3.56,53,114,565
04/27/2017 09:37:36,252,10.0,1566.530,325.79,3.56,53,114,565
04/27/2017 09:37:46,260,10.0,1568.590,327.08,3.56,52,114,565
04/27/2017 09:37:56,251,10.0,1570.720,326.27,3.56,52,115,565
04/27/2017 09:38:06,230,10.0,1572.640,326.82,3.56,53,114,565
04/27/2017 09:38:16,269,10.0,1574.860,326.75,3.56,52,113,565
04/27/2017 09:38:26,293,10.0,1576.810,326.41,3.56,51,116,565
04/27/2017 09:38:36,275,10.0,1578.840,326.29,3.57,52,114,565
04/27/2017 09:38:46,267,10.0,1581.000,326.52,3.57,52,115,565
04/27/2017 09:38:56,247,10.0,1583.100,325.89,3.57,52,114,565
04/27/2017 09:39:06,269,10.0,1584.970,325.52,3.57,54,115,565
04/27/2017 09:39:16,256,10.0,1587.070,325.86,3.57,53,114,565
04/27/2017 09:39:26,247,10.0,1589.080,326.11,3.57,53,113,565
04/27/2017 09:39:36,269,10.0,1591.160,325.13,3.57,53,117,565
04/27/2017 09:39:46,247,10.0,1593.090,325.11,3.57,54,117,565
04/27/2017 09:39:56,233,10.0,1595.100,325.46,3.57,54,113,565
04/27/2017 09:40:06,249,10.0,1597.200,325.34,3.57,52,114,565
04/27/2017 09:40:16,298,10.0,1599.190,325.56,3.57,53,114,565
04/27/2017 09:40:26,263,10.0,1601.330,325.42,3.57,53,115,565
04/27/2017 09:40:36,240,10.0,1603.260,325.47,3.57,53,114,565
04/27/2017 09:40:46,232,10.0,1605.180,324.62,3.57,52,114,565
04/27/2017 09:40:56,244,10.0,1607.300,325.44,3.56,51,115,565
04/27/2017 09:41:06,247,10.0,1609.320,325.09,3.56,53,113,565
04/27/2017 09:41:16,277,10.0,1611.340,325.30,3.56,52,114,565
04/27/2017 09:41:26,259,10.0,1613.240,325.67,3.56,55,115,565
04/27/2017 09:41:36,270,10.0,1615.170,325.25,3.56,53,116,565
04/27/2017 09:41:46,262,10.0,1617.170,326.21,3.56,53,116,565
04/27/2017 09:41:56,272,10.0,1619.270,324.83,3.55,53,113,565
04/27/2017 09:42:06,314,10.0,1621.360,325.45,3.55,54,114,565
04/27/2017 09:42:16,253,10.0,1623.400,325.61,3.55,53,113,565
04/27/2017 09:42:26,249,10.0,1625.450,325.68,3.55,52,112,565
04/27/2017 09:42:36,229,10.0,1627.430,325.27,3.55,54,115,565
04/27/2017 09:42:46,232,10.0,1629.380,324.48,3.55,53,114,565
04/27/2017 09:42:56,263,10.0,1631.380,325.21,3.55,53,113,565
04/27/2017 09:43:06,259,10.0,1633.150,324.52,3.55,53,112,565
04/27/2017 09:43:16,270,10.0,1635.230,325.07,3.55,53,115,565
04/27/2017 09:43:26,261,10.0,1637.290,324.83,3.55,54,113,565
04/27/2017 09:43:36,271,10.0,1639.260,325.00,3.55,54,113,565
04/27/2017 09:43:46,265,10.0,1641.270,325.27,3.55,50,114,565
04/27/2017 09:43:56,218,10.0,1643.110,325.39,3.55,54,113,565
04/27/2017 09:44:06,267,10.0,1645.090,324.96,3.55,51,114,565
04/27/2017 09:44:16,246,10.0,1647.040,325.11,3.55,54,113,565
04/27/2017 09:44:26,263,10.0,1649.120,325.38,3.55,52,113,565
04/27/2017 09:44:36,250,10.0,1651.050,324.62,3.54,54,113,565
04/27/2017 09:44:46,271,10.0,1653.080,324.94,3.54,52,114,565
04/27/2017 09:44:56,276,9.9,1655.010,325.27,3.54,53,114,565
04/27/2017 09:45:06,296,10.0,1657.090,324.45,3.54,54,114,565
04/27/2017 09:45:16,274,10.0,1659.200,324.74,3.54,52,113,565
04/27/2017 09:45:26,238,10.0,1661.000,324.82,3.53,53,114,565
04/27/2017 09:45:36,233,10.0,1663.050,324.55,3.53,52,126,565
04/27/2017 09:45:46,255,10.0,1664.940,325.39,3.53,53,115,565
04/27/2017 09:45:56,273,10.0,1666.940,325.74,3.53,52,115,565
04/27/2017 09:46:06,263,10.0,1668.930,325.03,3.53,52,115,565
04/27/2017 09:46:16,246,10.0,1670.820,325.40,3.53,52,114,565
04/27/2017 09:46:26,278,10.0,1672.780,325.24,3.52,53,113,565
04/27/2017 09:46:36,272,10.0,1674.570,325.03,3.52,53,115,565
04/27/2017 09:46:46,253,10.0,1676.580,325.28,3.52,53,114,565
04/27/2017 09:46:56,152,10.0,1678.430,324.86,3.52,53,113,565
04/27/2017 09:47:06,244,10.0,1680.160,325.01,3.52,53,115,565
04/27/2017 09:47:16,227,10.0,1682.140,325.11,3.51,52,114,565
04/27/2017 09:47:26,275,10.0,1684.180,325.64,3.51,54,114,565
04/27/2017 09:47:36,237,10.0,1685.900,325.59,3.51,53,115,565
04/27/2017 09:47:46,253,10.0,1687.890,325.50,3.50,53,114,565
04/27/2017 09:47:56,253,9.9,1689.920,325.79,3.49,53,116,565
04/27/2017 09:48:06,260,10.0,1691.810,325.28,3.49,54,114,565
04/27/2017 09:48:16,297,10.0,1693.670,325.74,3.48,52,115,565
04/27/2017 09:48:26,234,9.9,1695.720,325.87,3.48,53,115,565
04/27/2017 09:48:36,245,9.9,1697.380,325.88,3.48,52,114,565
04/27/2017 09:48:46,231,9.9,1699.180,325.95,3.48,51,114,565
04/27/2017 09:48:56,287,9.9,1700.980,326.67,3.48,53,114,565
04/27/2017 09:49:06,259,10.0,1702.840,325.80,3.48,54,116,565
04/27/2017 09:49:16,264,9.9,1704.660,325.90,3.48,52,115,565
04/27/2017 09:49:26,308,9.9,1706.660,326.85,3.47,53,117,565
04/27/2017 09:49:36,266,9.9,1708.620,325.54,3.47,54,116,565
04/27/2017 09:49:46,231,9.9,1710.520,325.70,3.47,53,115,565
04/27/2017 09:49:56,268,10.0,1712.290,326.23,3.47,54,116,565
04/27/2017 09:50:06,305,9.9,1714.180,326.13,3.47,53,116,565
04/27/2017 09:50:16,316,10.0,1715.930,326.16,3.47,52,117,565
04/27/2017 09:50:26,302,9.9,1717.880,326.26,3.46,54,116,565
04/27/2017 09:50:36,297,9.9,1719.690,325.50,3.46,53,117,565
04/27/2017 09:50:46,284,10.0,1721.530,326.14,3.46,53,116,565
04/27/2017 09:50:56,300,9.9,1723.490,325.90,3.46,54,117,565
04/27/2017 09:51:06,270,9.9,1725.400,325.97,3.46,54,119,565
04/27/2017 09:51:16,276,10.0,1727.350,326.29,3.46,52,115,565
04/27/2017 09:51:26,281,9.9,1729.140,325.69,3.46,53,118,565
04/27/2017 09:51:36,306,9.9,1730.800,325.39,3.45,53,117,565
04/27/2017 09:51:46,290,9.9,1732.710,325.61,3.45,53,118,565
04/27/2017 09:51:56,280,9.9,1734.570,326.39,3.44,52,115,565
04/27/2017 09:52:06,270,9.9,1736.320,326.03,3.44,54,116,565
04/27/2017 09:52:16,282,9.9,1738.080,325.84,3.44,54,116,565
04/27/2017 09:52:26,301,9.9,1739.960,326.04,3.44,53,118,565
04/27/2017 09:52:36,274,9.9,1741.870,325.80,3.44,52,114,565
04/27/2017 09:52:46,288,9.9,1743.600,326.17,3.44,52,115,565
04/27/2017 09:52:56,256,9.9,1745.410,324.78,3.44,55,117,565
04/27/2017 09:53:06,292,10.0,1747.070,326.10,3.43,52,116,565
04/27/2017 09:53:16,270,9.9,1748.730,325.57,3.43,53,116,565
04/27/2017 09:53:26,294,9.9,1750.250,325.97,3.43,53,117,565
04/27/2017 09:53:36,305,9.9,1751.940,326.93,3.43,53,151,565
04/27/2017 09:53:46,262,9.9,1753.570,326.37,3.42,52,116,565
04/27/2017 09:53:56,328,9.9,1755.270,325.50,3.42,53,115,565
04/27/2017 09:54:06,240,9.9,1756.920,326.27,3.41,53,114,565
04/27/2017 09:54:16,356,9.9,1758.480,325.54,3.41,53,115,565
04/27/2017 09:54:26,303,9.9,1759.960,326.05,3.41,52,117,565
04/27/2017 09:54:36,279,9.9,1761.470,326.52,3.40,53,117,565
04/27/2017 09:54:46,253,9.9,1763.020,325.84,3.40,53,116,565
04/27/2017 09:54:56,362,9.9,1764.520,325.73,3.40,52,114,565
04/27/2017 09:55:06,276,9.9,1766.040,325.84,3.40,53,114,565
04/27/2017 09:55:16,222,9.9,1767.700,325.46,3.40,54,116,565
04/27/2017 09:55:26,257,9.9,1769.110,325.83,3.40,53,115,565
04/27/2017 09:55:36,304,9.9,1770.560,325.51,3.40,52,113,565
04/27/2017 09:55:46,274,9.9,1772.140,325.81,3.40,53,118,565
04/27/2017 09:55:56,328,9.9,1773.770,325.98,3.40,53,115,565
04/27/2017 09:56:06,286,9.9,1775.320,326.94,3.40,52,117,565
04/27/2017 09:56:16,340,9.9,1776.780,326.09,3.39,53,114,565
04/27/2017 09:56:26,323,9.9,1778.400,325.95,3.40,54,116,565
04/27/2017 09:56:36,305,9.9,1779.920,325.83,3.39,53,116,565
04/27/2017 09:56:46,291,9.9,1781.300,325.49,3.40,54,114,565
04/27/2017 09:56:56,297,9.9,1782.620,325.08,3.40,51,116,565
04/27/2017 09:57:06,302,9.8,1783.990,325.52,3.40,53,115,565
04/27/2017 09:57:16,282,9.8,1785.490,325.17,3.40,52,116,565
04/27/2017 09:57:26,263,9.9,1786.950,324.66,3.40,53,114,565
04/27/2017 09:57:36,284,9.9,1788.370,324.75,3.40,54,115,565
04/27/2017 09:57:46,258,9.8,1789.700,326.30,3.40,53,116,565
04/27/2017 09:57:56,265,9.8,1791.250,325.79,3.38,54,114,565
04/27/2017 09:58:06,286,9.9,1792.740,325.61,3.38,54,115,565
04/27/2017 09:58:16,331,9.8,1794.000,325.55,3.38,53,118,565
04/27/2017 09:58:26,268,9.9,1795.390,325.20,3.38,54,115,565
04/27/2017 09:58:36,321,9.8,1797.010,324.88,3.38,54,114,565
04/27/2017 09:58:46,358,9.9,1798.530,325.40,3.38,51,114,565
04/27/2017 09:58:56,291,9.9,1800.060,325.20,3.38,54,116,565
04/27/2017 09:59:06,288,9.9,1801.670,325.34,3.37,53,116,565
04/27/2017 09:59:16,265,9.8,1803.330,324.64,3.37,52,115,565
04/27/2017 09:59:26,351,9.8,1804.960,324.84,3.36,53,116,565
04/27/2017 09:59:36,347,9.9,1806.770,326.09,3.36,53,115,565
04/27/2017 09:59:46,267,9.9,1808.390,326.41,3.36,51,119,565
04/27/2017 09:59:56,323,9.9,1810.080,325.80,3.36,54,115,565
04/27/2017 10:00:06,301,9.9,1811.770,326.15,3.35,53,114,565
04/27/2017 10:00:16,327,9.9,1813.390,325.71,3.35,54,115,565
04/27/2017 10:00:26,294,9.8,1815.170,325.24,3.35,52,114,565
04/27/2017 10:00:36,240,9.8,1817.060,325.51,3.35,53,115,565
04/27/2017 10:00:46,260,9.8,1818.770,325.65,3.35,52,114,565
04/27/2017 10:00:56,288,9.9,1820.480,324.95,3.35,53,115,565
04/27/2017 10:01:06,303,9.9,1822.300,325.63,3.35,53,117,565
04/27/2017 10:01:16,289,9.9,1823.720,325.58,3.35,53,115,565
04/27/2017 10:01:26,303,9.8,1825.520,325.71,3.34,52,113,565
04/27/2017 10:01:36,247,9.9,1827.240,325.56,3.33,52,114,565
04/27/2017 10:01:46,258,9.9,1828.950,325.19,3.33,52,117,565
04/27/2017 10:01:56,269,9.8,1830.580,325.78,3.33,53,113,565
04/27/2017 10:02:06,292,9.9,1832.160,325.69,3.32,53,116,565
04/27/2017 10:02:16,268,9.8,1833.950,325.59,3.32,51,118,565
04/27/2017 10:02:26,304,9.8,1835.490,325.80,3.32,53,116,565
04/27/2017 10:02:36,279,9.8,1837.220,325.77,3.31,55,115,565
04/27/2017 10:02:46,264,9.8,1839.000,325.62,3.31,52,117,565
04/27/2017 10:02:56,293,9.9,1840.530,326.74,3.30,52,127,565
04/27/2017 10:03:06,324,9.9,1842.040,325.57,3.30,53,116,565
04/27/2017 10:03:16,223,9.8,1843.540,326.75,3.30,53,117,565
04/27/2017 10:03:26,343,9.9,1845.150,327.33,3.29,54,116,565
04/27/2017 10:03:36,277,9.8,1847.000,327.00,3.29,51,117,565
04/27/2017 10:03:46,324,9.9,1848.580,326.21,3.29,54,117,565
04/27/2017 10:03:56,262,9.8,1850.300,325.49,3.28,53,116,565
04/27/2017 10:04:06,259,9.8,1851.970,325.50,3.28,52,116,565
04/27/2017 10:04:16,307,9.9,1853.670,325.90,3.28,54,116,565
04/27/2017 10:04:26,316,9.9,1855.120,326.02,3.28,53,116,565
04/27/2017 10:04:36,301,9.9,1856.630,326.05,3.28,51,116,565
04/27/2017 10:04:46,304,9.9,1858.230,324.94,3.28,53,115,565
04/27/2017 10:04:56,278,9.8,1859.660,325.63,3.28,52,116,565
04/27/2017 10:05:06,288,9.9,1861.380,325.22,3.27,52,117,565
04/27/2017 10:05:16,273,9.8,1862.660,326.00,3.27,53,116,565
04/27/2017 10:05:26,281,9.8,1863.960,325.97,3.27,51,117,565
04/27/2017 10:05:36,265,9.8,1865.710,325.43,3.27,53,114,565
04/27/2017 10:05:46,243,9.8,1867.200,326.53,3.27,53,116,565
04/27/2017 10:05:56,298,9.9,1868.770,325.24,3.27,52,115,565
04/27/2017 10:06:06,347,9.8,1870.390,325.30,3.26,53,115,565
04/27/2017 10:06:16,299,9.8,1871.920,326.48,3.26,53,115,565
04/27/2017 10:06:26,275,9.9,1873.350,326.02,3.26,52,114,565
04/27/2017 10:06:36,274,9.8,1874.710,325.88,3.26,53,114,565
04/27/2017 10:06:46,342,9.8,1876.160,325.40,3.26,54,119,565
04/27/2017 10:06:56,278,9.8,1877.770,325.55,3.25,54,116,565
04/27/2017 10:07:06,283,9.8,1879.730,325.90,3.25,53,115,565
04/27/2017 10:07:16,277,9.8,1881.190,325.32,3.25,52,115,565
04/27/2017 10:07:26,287,9.8,1882.870,326.02,3.25,53,116,565
04/27/2017 10:07:36,319,9.8,1884.630,325.95,3.25,53,115,565
04/27/2017 10:07:46,294,9.8,1886.460,326.40,3.24,53,117,565
04/27/2017 10:07:56,300,9.8,1888.350,326.72,3.24,53,116,565
04/27/2017 10:08:06,260,9.8,1889.950,326.40,3.24,53,117,565
04/27/2017 10:08:16,252,9.8,1891.610,326.20,3.23,54,117,565
04/27/2017 10:08:26,274,9.8,1893.290,326.30,3.23,53,118,565
04/27/2017 10:08:36,279,9.8,1895.180,326.32,3.23,52,116,565
04/27/2017 10:08:46,270,9.8,1896.790,326.75,3.22,53,116,565
04/27/2017 10:08:56,272,9.8,1898.580,327.26,3.22,53,115,565
04/27/2017 10:09:06,299,9.8,1900.200,327.79,3.22,53,119,565
04/27/2017 10:09:16,297,9.8,1902.060,326.99,3.22,53,122,565
04/27/2017 10:09:26,311,9.8,1903.720,326.70,3.22,53,117,565
04/27/2017 10:09:36,284,9.8,1905.250,326.62,3.22,53,117,565
04/27/2017 10:09:46,301,9.8,1906.810,326.80,3.22,53,118,565
04/27/2017 10:09:56,298,9.8,1908.430,327.41,3.22,53,119,565
04/27/2017 10:10:06,340,9.8,1910.070,327.01,3.21,53,120,565
04/27/2017 10:10:16,353,9.9,1911.510,326.26,3.21,52,119,565
04/27/2017 10:10:26,306,9.8,1913.250,326.95,3.21,54,116,565
04/27/2017 10:10:36,290,9.8,1914.690,326.93,3.21,52,118,565
04/27/2017 10:10:46,262,9.8,1916.380,325.89,3.21,54,119,565
04/27/2017 10:10:56,269,9.8,1918.080,327.10,3.21,52,117,565
04/27/2017 10:11:06,323,9.8,1919.670,327.09,3.21,52,117,565
04/27/2017 10:11:16,302,9.9,1921.260,326.70,3.21,53,119,565
04/27/2017 10:11:26,278,9.8,1922.990,326.56,3.21,53,119,565
04/27/2017 10:11:36,334,9.7,1924.450,326.41,3.21,53,117,565
04/27/2017 10:11:46,279,9.8,1926.100,326.40,3.20,52,117,565
04/27/2017 10:11:56,268,9.8,1927.460,326.94,3.20,53,117,565
04/27/2017 10:12:06,293,9.9,1928.720,327.22,3.20,53,119,565
04/27/2017 10:12:16,322,9.8,1930.210,327.60,3.20,53,117,565
04/27/2017 10:12:26,296,9.8,1931.780,327.30,3.20,53,116,565
04/27/2017 10:12:36,361,9.8,1933.300,327.22,3.20,53,119,565
04/27/2017 10:12:46,255,9.8,1934.680,327.61,3.20,53,118,565
04/27/2017 10:12:56,282,9.8,1935.750,327.16,3.20,50,119,565
04/27/2017 10:13:06,295,9.9,1936.900,327.28,3.20,52,118,565
04/27/2017 10:13:16,299,9.8,1938.180,327.19,3.19,53,119,565
04/27/2017 10:13:26,301,9.8,1939.860,327.44,3.19,52,119,565
04/27/2017 10:13:36,304,9.8,1941.380,326.12,3.19,54,120,565
04/27/2017 10:13:46,324,9.8,1942.650,327.52,3.19,52,117,565
04/27/2017 10:13:56,300,9.8,1943.820,326.79,3.19,53,118,565
04/27/2017 10:14:06,308,9.8,1945.070,326.24,3.19,53,118,565
04/27/2017 10:14:16,291,9.8,1946.640,327.16,3.19,53,125,565
04/27/2017 10:14:26,296,9.8,1948.030,327.07,3.19,54,122,565
04/27/2017 10:14:36,250,9.8,1949.350,326.26,3.19,52,119,565
04/27/2017 10:14:46,290,9.8,1950.630,327.47,3.18,54,117,565
04/27/2017 10:14:56,240,9.8,1952.030,327.03,3.19,53,117,565
04/27/2017 10:15:06,299,9.7,1953.310,325.92,3.19,53,118,565
04/27/2017 10:15:16,293,9.8,1954.700,326.82,3.19,54,117,565
04/27/2017 10:15:26,312,9.8,1956.190,325.84,3.18,54,117,565
04/27/2017 10:15:36,320,9.8,1957.630,326.23,3.18,52,118,565
04/27/2017 10:15:46,256,9.8,1959.130,327.03,3.18,53,118,565
04/27/2017 10:15:56,287,9.8,1960.810,327.50,3.18,53,117,565
04/27/2017 10:16:06,340,9.8,1962.240,326.99,3.18,52,119,565
04/27/2017 10:16:16,245,9.8,1963.920,326.18,3.18,53,117,566
04/27/2017 10:16:26,262,9.8,1965.320,326.37,3.18,52,120,565
04/27/2017 10:16:36,266,9.7,1966.710,326.63,3.18,52,122,565
04/27/2017 10:16:46,382,9.8,1968.300,326.88,3.18,54,120,565
04/27/2017 10:16:56,283,9.7,1969.840,328.18,3.18,53,118,565
04/27/2017 10:17:06,326,9.8,1971.400,326.10,3.18,52,118,565
04/27/2017 10:17:16,364,9.8,1972.700,328.19,3.17,53,117,565
04/27/2017 10:17:26,308,9.7,1974.140,326.74,3.17,52,118,565
04/27/2017 10:17:36,320,9.8,1975.510,325.78,3.17,54,117,565
04/27/2017 10:17:46,294,9.7,1977.030,327.31,3.17,53,118,565
04/27/2017 10:17:56,312,9.8,1978.560,327.24,3.17,53,119,565
04/27/2017 10:18:06,285,9.7,1980.040,327.36,3.17,54,118,566
04/27/2017 10:18:16,304,9.8,1981.460,327.57,3.16,52,120,565
04/27/2017 10:18:26,323,9.8,1982.800,326.11,3.16,53,117,565
04/27/2017 10:18:36,341,9.8,1984.150,327.00,3.15,54,119,565
04/27/2017 10:18:46,327,9.8,1985.680,327.14,3.14,53,120,565
04/27/2017 10:18:56,375,9.7,1987.200,326.74,3.14,53,119,565
04/27/2017 10:19:06,274,9.7,1988.760,327.28,3.14,53,118,565
04/27/2017 10:19:16,310,9.8,1990.380,326.52,3.14,53,119,565
04/27/2017 10:19:26,286,9.8,1991.960,326.11,3.14,53,118,565
04/27/2017 10:19:36,343,9.8,1993.520,325.83,3.14,54,120,565
04/27/2017 10:19:46,272,9.8,1995.280,327.28,3.12,52,121,565
04/27/2017 10:19:56,298,9.8,1996.810,327.54,3.12,54,119,565
04/27/2017 10:20:06,302,9.8,1998.310,327.52,3.11,53,119,565
04/27/2017 10:20:16,307,9.8,1999.890,328.53,3.11,53,123,565
04/27/2017 10:20:26,320,9.8,2001.220,329.54,3.09,53,122,566
04/27/2017 10:20:36,276,9.7,2002.460,331.34,3.08,52,132,566
04/27/2017 10:20:46,342,9.8,2003.730,329.30,3.08,52,125,566
04/27/2017 10:20:56,292,9.8,2005.030,330.71,3.08,52,124,565
04/27/2017 10:21:06,297,9.7,2006.470,330.57,3.08,52,126,565
04/27/2017 10:21:16,299,9.7,2007.750,329.16,3.08,52,123,565
04/27/2017 10:21:26,313,9.7,2009.250,329.53,3.07,52,124,566
04/27/2017 10:21:36,276,9.7,2010.560,329.75,3.07,52,126,565
04/27/2017 10:21:46,309,9.7,2011.960,330.52,3.07,54,123,565
04/27/2017 10:21:56,307,9.8,2013.390,329.64,3.07,53,122,565
04/27/2017 10:22:06,313,9.8,2014.640,329.62,3.07,53,124,566
04/27/2017 10:22:16,338,9.7,2016.180,331.47,3.07,54,124,565
04/27/2017 10:22:26,304,9.8,2017.610,330.98,3.06,54,127,566
04/27/2017 10:22:36,326,9.7,2018.820,330.12,3.07,53,128,565
04/27/2017 10:22:46,312,9.7,2019.940,331.00,3.06,53,123,566
04/27/2017 10:22:56,269,9.8,2021.090,330.75,3.06,53,124,566
04/27/2017 10:23:06,294,9.8,2022.370,328.85,3.06,51,124,566
04/27/2017 10:23:16,307,9.8,2023.700,331.72,3.05,54,124,565
04/27/2017 10:23:26,326,9.7,2025.360,332.11,3.05,53,124,566
04/27/2017 10:23:36,274,9.7,2026.450,330.62,3.05,53,122,566
04/27/2017 10:23:46,334,9.8,2027.970,329.85,3.05,54,127,566
04/27/2017 10:23:56,298,9.7,2029.180,329.70,3.05,53,122,565
04/27/2017 10:24:06,328,9.8,2030.640,330.23,3.05,53,124,565
04/27/2017 10:24:16,269,9.7,2031.990,329.97,3.05,53,123,565
04/27/2017 10:24:26,291,9.8,2033.220,327.76,3.06,54,120,566
04/27/2017 10:24:36,265,9.8,2034.470,328.83,3.07,52,119,566
04/27/2017 10:24:46,299,9.7,2035.670,325.32,3.08,53,117,566
04/27/2017 10:24:56,275,9.8,2036.760,326.77,3.07,54,117,565
04/27/2017 10:25:06,340,9.7,2038.010,325.82,3.07,54,117,566
04/27/2017 10:25:16,271,9.8,2039.160,326.42,3.07,52,119,566
04/27/2017 10:25:26,320,9.7,2040.310,324.14,3.07,52,115,566
04/27/2017 10:25:36,295,9.8,2041.150,327.11,3.07,51,116,565
04/27/2017 10:25:46,301,9.7,2042.240,325.83,3.07,53,117,566
04/27/2017 10:25:56,277,9.7,2043.550,326.13,3.07,53,119,566
04/27/2017 10:26:06,322,9.8,2044.650,325.83,3.07,52,118,566
04/27/2017 10:26:16,266,9.7,2045.820,326.10,3.07,53,117,565
04/27/2017 10:26:26,246,9.7,2046.920,326.91,3.07,53,141,565
04/27/2017 10:26:36,321,9.8,2048.020,326.03,3.06,55,116,565
04/27/2017 10:26:46,261,9.7,2049.080,326.62,3.06,52,114,566
04/27/2017 10:26:56,305,9.8,2050.320,325.18,3.06,51,117,565
04/27/2017 10:27:06,318,9.7,2051.570,326.26,3.06,55,118,565
04/27/2017 10:27:16,333,9.7,2052.880,326.12,3.06,53,117,565
04/27/2017 10:27:26,295,9.7,2054.060,327.42,3.06,54,117,566
04/27/2017 10:27:36,280,9.8,2055.160,327.30,3.06,52,116,566
04/27/2017 10:27:46,323,9.8,2055.960,326.48,3.06,53,115,566
04/27/2017 10:27:56,261,9.7,2056.760,324.78,3.06,55,121,566
04/27/2017 10:28:06,330,9.8,2057.580,325.58,3.06,54,117,566
04/27/2017 10:28:16,341,9.7,2058.670,326.26,3.06,53,119,565
04/27/2017 10:28:26,282,9.8,2059.660,324.21,3.06,53,117,566
04/27/2017 10:28:36,318,9.8,2060.870,325.99,3.06,53,117,566
04/27/2017 10:28:46,328,9.8,2062.120,325.98,3.06,54,122,566
04/27/2017 10:28:56,274,9.8,2063.090,326.68,3.06,53,116,566
04/27/2017 10:29:06,310,9.7,2064.230,327.05,3.06,54,116,566
04/27/2017 10:29:16,294,9.7,2065.160,324.79,3.06,54,121,566
04/27/2017 10:29:26,299,9.7,2066.070,325.65,3.06,54,117,566
04/27/2017 10:29:36,392,9.8,2067.090,326.15,3.06,52,115,566
04/27/2017 10:29:46,293,9.7,2067.960,325.37,3.06,54,116,566
04/27/2017 10:29:56,244,9.7,2068.930,325.94,3.06,53,116,566
04/27/2017 10:30:06,294,9.8,2069.830,325.70,3.06,54,116,566
04/27/2017 10:30:16,293,9.8,2070.860,325.77,3.06,52,115,566
04/27/2017 10:30:26,258,9.7,2071.920,324.95,3.06,53,118,566
04/27/2017 10:30:36,289,9.7,2073.050,325.11,3.05,52,115,566
04/27/2017 10:30:46,391,9.7,2074.260,325.71,3.05,54,120,566
04/27/2017 10:30:56,287,9.7,2075.660,326.79,3.05,52,116,566
04/27/2017 10:31:06,304,9.7,2076.960,325.16,3.05,54,115,566
04/27/2017 10:31:16,300,9.7,2078.030,325.08,3.04,54,116,566
04/27/2017 10:31:26,295,9.7,2079.130,325.39,3.04,53,117,566
04/27/2017 10:31:36,301,9.7,2080.220,325.04,3.04,53,121,566
04/27/2017 10:31:46,330,9.7,2081.270,325.27,3.03,52,117,566
04/27/2017 10:31:56,301,9.8,2082.380,325.55,3.03,54,118,566
04/27/2017 10:32:06,309,9.7,2083.570,327.03,3.03,53,118,566
04/27/2017 10:32:16,272,9.7,2084.670,325.87,3.02,51,117,566
04/27/2017 10:32:26,265,9.7,2085.800,326.49,3.01,53,124,566
04/27/2017 10:32:36,256,9.7,2086.800,326.86,3.00,53,118,566
04/27/2017 10:32:46,298,9.8,2087.710,327.76,3.00,52,119,566
04/27/2017 10:32:56,311,9.6,2088.700,328.37,2.99,54,121,566
04/27/2017 10:33:06,276,9.7,2089.950,328.60,2.99,53,119,566
04/27/2017 10:33:16,303,9.7,2091.130,326.77,2.99,53,120,566
04/27/2017 10:33:26,261,9.7,2092.300,329.25,3.00,53,121,566
04/27/2017 10:33:36,315,9.7,2093.250,328.44,3.00,52,129,566
04/27/2017 10:33:46,363,9.7,2094.590,326.88,3.00,53,118,566
04/27/2017 10:33:56,305,9.7,2095.620,327.28,3.00,54,117,566
04/27/2017 10:34:06,269,9.7,2096.320,326.37,3.00,54,119,566
04/27/2017 10:34:16,326,9.7,2097.070,327.34,3.00,53,116,566
04/27/2017 10:34:26,289,9.7,2097.750,326.80,3.00,53,119,566
04/27/2017 10:34:36,314,9.7,2098.530,326.89,3.00,54,116,566
04/27/2017 10:34:46,265,9.7,2099.420,326.17,3.00,52,118,566
04/27/2017 10:34:56,296,9.7,2100.440,325.66,3.00,52,119,566
04/27/2017 10:35:06,294,9.7,2101.570,326.29,3.00,52,125,566
04/27/2017 10:35:16,320,9.7,2102.460,326.38,3.00,54,115,566
04/27/2017 10:35:26,274,9.7,2103.310,326.81,3.00,53,119,566
04/27/2017 10:35:36,305,9.7,2104.130,324.92,3.00,52,116,566
04/27/2017 10:35:46,294,9.7,2104.720,327.38,3.00,54,118,566
04/27/2017 10:35:56,262,9.7,2105.600,327.33,3.00,53,118,566
04/27/2017 10:36:06,304,9.7,2106.520,326.04,3.00,53,118,566
04/27/2017 10:36:16,333,9.7,2107.350,325.83,3.00,52,118,566
04/27/2017 10:36:26,272,9.7,2108.290,325.72,3.00,53,119,566
04/27/2017 10:36:36,350,9.7,2109.310,325.50,2.99,52,118,566
04/27/2017 10:36:46,337,9.7,2110.510,326.42,2.99,54,117,566
04/27/2017 10:36:56,296,9.8,2111.510,326.64,2.99,53,118,566
04/27/2017 10:37:06,240,9.7,2112.330,324.61,2.98,52,117,566
04/27/2017 10:37:16,223,9.8,2113.200,325.57,2.98,52,117,566
04/27/2017 10:37:26,317,9.7,2113.830,325.88,2.98,53,117,566
04/27/2017 10:37:36,368,9.7,2114.730,325.86,2.98,52,122,566
04/27/2017 10:37:46,324,9.7,2115.870,326.16,2.97,53,117,566
04/27/2017 10:37:56,280,9.7,2116.820,327.17,2.97,52,118,566
04/27/2017 10:38:06,264,9.7,2117.880,327.40,2.97,54,116,566
04/27/2017 10:38:16,282,9.8,2118.630,325.80,2.97,52,116,566
04/27/2017 10:38:26,311,9.7,2119.290,326.53,2.97,53,116,565
04/27/2017 10:38:36,340,9.7,2120.160,325.03,2.98,52,116,566
04/27/2017 10:38:46,320,9.7,2121.180,324.19,2.98,52,114,566
04/27/2017 10:38:56,325,9.6,2122.040,324.49,2.98,53,114,566
04/27/2017 10:39:06,336,9.7,2122.680,324.34,2.98,53,115,565
04/27/2017 10:39:16,313,9.7,2123.340,324.95,2.98,53,116,566
04/27/2017 10:39:26,277,9.7,2123.890,325.23,2.98,54,114,566
04/27/2017 10:39:36,294,9.7,2124.520,325.59,2.98,53,116,566
04/27/2017 10:39:46,261,9.6,2125.170,324.95,2.98,53,114,566
04/27/2017 10:39:56,326,9.7,2126.360,325.73,2.98,53,115,566
04/27/2017 10:40:06,284,9.7,2127.300,324.28,2.98,54,117,566
04/27/2017 10:40:16,310,9.7,2128.120,324.46,2.98,52,115,566
04/27/2017 10:40:26,315,9.7,2128.930,325.49,2.98,53,114,566
04/27/2017 10:40:36,290,9.7,2129.600,324.78,2.98,52,113,566
04/27/2017 10:40:46,302,9.7,2130.520,325.08,2.98,53,117,566
04/27/2017 10:40:56,328,9.7,2131.280,324.16,2.98,52,115,566
04/27/2017 10:41:06,251,9.7,2132.310,324.59,2.98,53,117,566
04/27/2017 10:41:16,295,9.7,2133.190,323.75,2.98,54,116,566
04/27/2017 10:41:26,276,9.7,2134.500,323.94,2.98,51,117,566
04/27/2017 10:41:36,259,9.7,2135.320,323.98,2.98,53,116,566
04/27/2017 10:41:46,328,9.7,2136.000,323.69,2.98,55,115,566
04/27/2017 10:41:56,332,9.7,2136.710,324.13,2.98,54,115,566
04/27/2017 10:42:06,291,9.7,2137.470,323.59,2.98,53,114,566
04/27/2017 10:42:16,365,9.8,2138.380,324.09,2.98,52,115,566
04/27/2017 10:42:26,366,9.7,2139.360,323.88,2.98,53,113,566
04/27/2017 10:42:36,351,9.7,2140.370,324.39,2.98,53,117,566
04/27/2017 10:42:46,317,9.7,2141.160,324.81,2.98,51,113,566
04/27/2017 10:42:56,321,9.7,2141.960,323.47,2.98,54,116,566
04/27/2017 10:43:06,336,9.7,2142.480,324.30,2.98,54,113,566
04/27/2017 10:43:16,296,9.6,2143.520,324.58,2.98,53,115,566
04/27/2017 10:43:26,320,9.7,2144.270,323.32,2.98,53,115,566
04/27/2017 10:43:36,352,9.6,2145.150,324.05,2.97,53,115,566
04/27/2017 10:43:46,366,9.6,2146.140,324.80,2.97,53,115,566
04/27/2017 10:43:56,372,9.7,2147.210,324.53,2.97,53,118,566
04/27/2017 10:44:06,303,9.6,2148.390,323.57,2.97,53,116,566
04/27/2017 10:44:16,297,9.6,2149.250,325.07,2.96,53,114,566
04/27/2017 10:44:26,291,9.7,2150.180,323.71,2.96,52,114,566
04/27/2017 10:44:36,269,9.7,2150.850,323.88,2.96,54,114,566
04/27/2017 10:44:46,242,9.7,2151.600,324.18,2.96,53,116,566
04/27/2017 10:44:56,299,9.7,2152.080,324.14,2.96,55,114,566
04/27/2017 10:45:06,343,9.7,2152.540,324.43,2.96,53,113,566
04/27/2017 10:45:16,360,9.7,2153.100,324.77,2.96,52,118,566
04/27/2017 10:45:26,266,9.7,2153.790,325.15,2.96,54,113,566
04/27/2017 10:45:36,308,9.7,2154.620,325.05,2.96,53,116,566
04/27/2017 10:45:46,266,9.6,2155.690,325.11,2.95,53,118,566
04/27/2017 10:45:56,336,9.6,2156.380,325.12,2.94,53,117,566
04/27/2017 10:46:06,279,9.7,2157.280,325.51,2.94,53,116,566
04/27/2017 10:46:16,277,9.7,2157.880,325.78,2.94,53,116,566
04/27/2017 10:46:26,269,9.7,2158.340,324.66,2.94,52,115,566
04/27/2017 10:46:36,331,9.7,2158.950,324.85,2.94,54,116,566
04/27/2017 10:46:46,283,9.7,2159.570,324.53,2.94,53,115,566
04/27/2017 10:46:56,337,9.6,2160.210,325.81,2.93,52,116,566
04/27/2017 10:47:06,326,9.6,2160.810,325.80,2.93,54,116,566
04/27/2017 10:47:16,319,9.7,2161.610,326.02,2.94,53,115,566
04/27/2017 10:47:26,302,9.7,2162.410,326.30,2.93,52,118,566
04/27/2017 10:47:36,257,9.7,2162.990,326.02,2.93,54,121,566
04/27/2017 10:47:46,361,9.7,2163.600,325.61,2.93,52,116,566
04/27/2017 10:47:56,278,9.7,2164.220,325.21,2.93,54,117,566
04/27/2017 10:48:06,325,9.7,2164.850,325.17,2.93,53,124,566
04/27/2017 10:48:16,214,9.7,2165.410,325.31,2.93,53,116,566
04/27/2017 10:48:26,326,9.7,2165.810,325.87,2.93,52,117,566
04/27/2017 10:48:36,309,9.6,2166.530,325.46,2.93,54,117,566
04/27/2017 10:48:46,313,9.6,2167.150,324.78,2.93,53,115,566
04/27/2017 10:48:56,290,9.7,2167.680,325.07,2.93,53,115,566
04/27/2017 10:49:06,331,9.7,2168.280,325.63,2.93,52,116,566
04/27/2017 10:49:16,271,9.7,2169.040,325.40,2.93,52,116,566
04/27/2017 10:49:26,311,9.6,2169.570,324.89,2.93,53,116,566
04/27/2017 10:49:36,264,9.7,2170.160,325.64,2.93,53,115,566
04/27/2017 10:49:46,266,9.7,2170.690,325.04,2.93,55,119,566
04/27/2017 10:49:56,295,9.7,2171.050,324.78,2.93,53,117,566
04/27/2017 10:50:06,293,9.7,2171.430,325.13,2.93,54,117,566
04/27/2017 10:50:16,278,9.7,2171.820,325.47,2.93,53,115,566
04/27/2017 10:50:26,228,9.7,2172.290,325.72,2.93,53,120,566
04/27/2017 10:50:36,260,9.7,2172.700,324.80,2.93,52,162,566

 Ramp status:    SMOOTH RUNNING
 Profile status: PRESSURE RATE ZERO

 Profile restarted at      04/27/2017 10:50:41
 Backtrack performed, possible obstruction
04/27/2017 10:50:42,0,9.8,0.000,0.00,0.00,53,116,566
04/27/2017 10:50:52,164,9.8,0.000,0.00,0.00,54,113,566
04/27/2017 10:51:02,159,9.8,0.000,0.00,0.00,52,115,566
04/27/2017 10:51:10,0,9.9,0.000,0.00,0.00,52,119,566
04/27/2017 10:51:20,226,9.8,0.000,0.00,0.00,54,118,566
04/27/2017 10:51:30,305,9.7,0.000,0.00,0.00,51,119,566
04/27/2017 10:51:42,347,9.7,2169.570,325.35,2.93,53,116,566
04/27/2017 10:51:53,293,9.7,2170.010,325.21,2.93,53,113,566
04/27/2017 10:52:03,343,9.7,2170.520,325.18,2.93,52,123,566
04/27/2017 10:52:13,360,9.7,2171.040,325.16,2.93,54,116,566
04/27/2017 10:52:23,263,9.7,2171.810,325.24,2.93,52,117,566
04/27/2017 10:52:33,281,9.7,2172.330,325.33,2.93,52,119,566
04/27/2017 10:52:43,289,9.7,2172.700,325.21,2.93,52,116,566
04/27/2017 10:52:53,298,9.6,2173.130,324.53,2.93,52,116,566
04/27/2017 10:53:03,297,9.7,2173.560,325.06,2.93,53,115,566
04/27/2017 10:53:13,251,9.7,2174.090,324.84,2.93,53,115,566
04/27/2017 10:53:23,305,9.7,2174.490,325.73,2.93,53,115,566
04/27/2017 10:53:33,287,9.6,2174.990,325.04,2.93,52,115,566
04/27/2017 10:53:43,268,9.7,2175.530,324.64,2.93,53,116,566
04/27/2017 10:53:53,271,9.7,2176.020,324.72,2.93,53,115,566
04/27/2017 10:54:03,282,9.6,2176.640,324.78,2.93,53,115,566
04/27/2017 10:54:13,283,9.7,2177.220,325.23,2.93,53,116,566
04/27/2017 10:54:23,307,9.7,2177.760,324.36,2.92,53,116,566
04/27/2017 10:54:33,267,9.6,2178.240,325.42,2.92,54,116,566
04/27/2017 10:54:43,290,9.6,2178.700,324.82,2.92,52,119,566
04/27/2017 10:54:53,295,9.7,2179.210,324.81,2.92,54,116,566
04/27/2017 10:55:03,361,9.6,2179.620,325.37,2.92,51,117,566
04/27/2017 10:55:13,252,9.6,2180.110,325.48,2.92,53,117,566
04/27/2017 10:55:23,279,9.6,2180.690,325.13,2.92,53,116,566
04/27/2017 10:55:33,299,9.6,2181.180,326.36,2.92,54,114,566
04/27/2017 10:55:43,332,9.6,2181.640,325.82,2.92,53,115,566
04/27/2017 10:55:53,263,9.7,2182.140,324.99,2.92,53,116,566
04/27/2017 10:56:03,286,9.7,2182.520,325.35,2.91,53,115,566
04/27/2017 10:56:13,348,9.7,2182.770,325.01,2.91,53,118,566

 Ramp status:    SMOOTH RUNNING
 Profile status: PRESSURE RATE ZERO

 Profile restarted at      04/27/2017 10:56:18
 Backtrack performed, possible obstruction
04/27/2017 10:56:19,0,9.8,0.000,0.00,0.00,52,114,566
04/27/2017 10:56:28,168,9.7,0.000,0.00,0.00,52,114,566
04/27/2017 10:56:38,141,9.8,0.000,0.00,0.00,53,115,566
04/27/2017 10:56:47,0,9.8,0.000,0.00,0.00,52,114,566
04/27/2017 10:56:56,233,9.7,0.000,0.00,0.00,53,115,566
04/27/2017 10:57:07,291,9.7,0.000,0.00,0.00,54,115,566
04/27/2017 10:57:19,282,9.7,2179.640,325.47,2.92,54,116,566
04/27/2017 10:57:30,281,9.7,2180.210,324.30,2.92,54,114,566
04/27/2017 10:57:40,318,9.7,2180.720,325.51,2.92,52,116,566
04/27/2017 10:57:50,341,9.7,2181.190,324.85,2.92,53,115,566
04/27/2017 10:58:00,286,9.7,2181.590,324.57,2.92,53,115,566
04/27/2017 10:58:10,267,9.7,2182.080,324.84,2.92,54,115,566
04/27/2017 10:58:20,246,9.7,2182.650,324.99,2.92,53,115,566
04/27/2017 10:58:30,307,9.7,2183.440,324.84,2.92,54,117,566
04/27/2017 10:58:40,344,9.6,2183.790,324.51,2.92,53,114,566
04/27/2017 10:58:50,352,9.7,2184.410,325.13,2.92,53,114,566
04/27/2017 10:59:00,330,9.6,2185.320,325.41,2.91,52,114,566
04/27/2017 10:59:10,345,9.7,2185.680,325.15,2.91,54,116,566
04/27/2017 10:59:20,269,9.7,2186.140,325.00,2.91,53,116,566
04/27/2017 10:59:30,278,9.6,2186.700,325.38,2.91,52,116,566
04/27/2017 10:59:40,277,9.7,2187.090,324.21,2.91,53,116,566
04/27/2017 10:59:50,302,9.6,2187.690,324.00,2.91,53,115,566
04/27/2017 11:00:00,332,9.6,2188.230,324.18,2.91,51,115,566
04/27/2017 11:00:10,334,9.6,2188.650,324.43,2.91,53,115,566
04/27/2017 11:00:20,281,9.6,2189.090,324.93,2.91,52,122,566
04/27/2017 11:00:30,349,9.6,2189.630,324.69,2.91,54,114,566
04/27/2017 11:00:40,285,9.7,2190.020,325.15,2.91,52,116,566
04/27/2017 11:00:50,261,9.6,2190.270,325.12,2.91,53,113,566
04/27/2017 11:01:00,285,9.7,2190.850,325.01,2.91,53,114,566
04/27/2017 11:01:10,249,9.6,2191.340,325.00,2.91,52,116,566

 Ramp status:    SMOOTH RUNNING
 Profile status: PRESSURE RATE ZERO

 Profile restarted at      04/27/2017 11:01:15
 Backtrack performed, possible obstruction
04/27/2017 11:01:16,0,9.8,0.000,0.00,0.00,53,114,566
04/27/2017 11:01:26,157,9.7,0.000,0.00,0.00,53,114,566
04/27/2017 11:01:36,194,9.7,0.000,0.00,0.00,53,112,566
04/27/2017 11:01:44,0,9.8,0.000,0.00,0.00,52,115,566
04/27/2017 11:01:54,234,9.7,0.000,0.00,0.00,52,117,566
04/27/2017 11:02:03,310,9.7,0.000,0.00,0.00,52,115,566
04/27/2017 11:02:16,250,9.7,2188.170,325.26,2.91,52,114,566
04/27/2017 11:02:26,277,9.7,2188.530,324.83,2.91,53,116,566
04/27/2017 11:02:36,259,9.7,2188.730,324.93,2.91,52,116,566
04/27/2017 11:02:46,276,9.7,2189.170,325.19,2.91,53,117,566
04/27/2017 11:02:56,304,9.6,2189.690,324.78,2.91,53,114,566
04/27/2017 11:03:06,313,9.6,2190.020,325.23,2.90,54,114,566
04/27/2017 11:03:16,344,9.7,2190.490,324.96,2.90,52,114,566

 Ramp status:    SMOOTH RUNNING
 Profile status: PRESSURE RATE ZERO

 Profile restarted at      04/27/2017 11:03:21
 Profile could not be completed.

 Ramp exit:    SMOOTH RUNNING
 Profile exit: PRESSURE RATE ZERO

 Vehicle motion stopped at 04/27/2017 11:03:21
 Sensor logging stopped at 04/27/2017 11:05:30
