
 Profile 331

 Sensors were turned on at  04/13/2017 04:00:02
 Vehicle began profiling at 04/13/2017 04:02:03

Date,[mA],[V],[dbar],Oxygen[uM],Optode Temp[C],Chl,NTU,Therm
04/13/2017 04:02:03,0,11.0,0.000,0.00,0.00,55,118,569
04/13/2017 04:02:13,167,10.8,0.000,0.00,0.00,53,115,569
04/13/2017 04:02:23,170,10.8,0.000,0.00,0.00,54,117,569
04/13/2017 04:02:36,184,10.8,2507.430,327.81,2.53,53,116,569
04/13/2017 04:02:46,116,11.0,2504.250,327.31,2.53,54,118,569
04/13/2017 04:02:56,114,11.0,2501.600,326.99,2.54,53,116,569
04/13/2017 04:03:06,112,11.0,2498.880,327.81,2.54,53,116,568
04/13/2017 04:03:16,100,11.0,2496.100,327.25,2.54,51,117,568
04/13/2017 04:03:26,108,11.0,2493.350,327.11,2.55,53,116,568
04/13/2017 04:03:36,105,10.9,2490.680,326.89,2.55,52,115,568
04/13/2017 04:03:46,113,10.9,2487.900,325.50,2.57,52,114,568
04/13/2017 04:03:56,108,10.9,2485.170,325.43,2.58,54,113,568
04/13/2017 04:04:06,109,10.9,2482.410,325.14,2.58,52,117,568
04/13/2017 04:04:16,115,10.9,2479.610,324.62,2.58,53,114,568
04/13/2017 04:04:26,111,10.9,2476.980,324.82,2.59,52,115,568
04/13/2017 04:04:36,115,10.9,2474.090,323.92,2.59,52,114,568
04/13/2017 04:04:46,117,10.9,2471.450,323.88,2.60,54,117,568
04/13/2017 04:04:56,111,10.9,2468.760,323.99,2.60,53,112,568
04/13/2017 04:05:06,110,10.9,2465.980,324.22,2.61,52,118,568
04/13/2017 04:05:16,112,10.9,2463.210,323.81,2.62,55,116,568
04/13/2017 04:05:26,111,10.9,2460.450,323.73,2.62,54,114,568
04/13/2017 04:05:36,108,10.9,2457.760,323.58,2.62,52,114,568
04/13/2017 04:05:46,122,10.9,2455.130,323.92,2.63,53,116,568
04/13/2017 04:05:56,105,10.9,2452.300,322.92,2.64,54,114,568
04/13/2017 04:06:06,112,10.9,2449.610,323.32,2.64,53,113,567
04/13/2017 04:06:16,116,10.8,2446.750,323.06,2.65,54,116,567
04/13/2017 04:06:26,114,10.9,2444.200,322.71,2.66,54,114,567
04/13/2017 04:06:36,108,10.9,2441.480,323.00,2.67,53,112,567
04/13/2017 04:06:46,116,10.9,2438.750,321.87,2.67,54,113,567
04/13/2017 04:06:56,111,10.9,2435.950,322.17,2.68,53,112,567
04/13/2017 04:07:06,128,10.9,2433.340,322.13,2.68,54,112,567
04/13/2017 04:07:16,117,10.9,2430.600,323.25,2.69,53,113,567
04/13/2017 04:07:26,119,10.8,2427.840,321.74,2.69,54,112,567
04/13/2017 04:07:36,121,10.8,2425.050,322.24,2.70,52,114,567
04/13/2017 04:07:46,111,10.9,2422.430,321.65,2.70,54,111,567
04/13/2017 04:07:56,110,10.9,2419.680,321.08,2.70,54,112,567
04/13/2017 04:08:06,111,10.9,2416.960,321.18,2.71,52,114,567
04/13/2017 04:08:16,117,10.8,2414.220,321.99,2.71,54,113,567
04/13/2017 04:08:26,105,10.9,2411.570,322.50,2.72,53,111,567
04/13/2017 04:08:36,116,10.8,2408.960,321.98,2.73,54,112,567
04/13/2017 04:08:46,119,10.8,2406.170,321.11,2.73,53,115,567
04/13/2017 04:08:56,99,10.9,2403.450,320.92,2.73,53,114,567
04/13/2017 04:09:06,117,10.9,2400.800,321.20,2.74,52,118,567
04/13/2017 04:09:16,108,10.8,2398.140,321.80,2.75,55,115,567
04/13/2017 04:09:26,115,10.8,2395.390,321.02,2.75,53,120,567
04/13/2017 04:09:36,118,10.8,2392.690,321.28,2.75,53,114,567
04/13/2017 04:09:46,114,10.8,2389.910,321.62,2.75,53,112,567
04/13/2017 04:09:56,107,10.9,2387.090,320.96,2.75,53,113,567
04/13/2017 04:10:06,127,10.8,2384.450,320.71,2.75,54,113,567
04/13/2017 04:10:16,112,10.8,2381.720,320.80,2.75,54,112,567
04/13/2017 04:10:26,108,10.8,2378.990,320.43,2.76,53,115,567
04/13/2017 04:10:36,114,10.8,2376.310,320.92,2.76,54,115,567
04/13/2017 04:10:46,120,10.8,2373.610,320.46,2.76,52,112,567
04/13/2017 04:10:56,119,10.8,2370.910,321.00,2.76,52,114,567
04/13/2017 04:11:06,126,10.8,2368.150,320.41,2.76,53,111,567
04/13/2017 04:11:16,114,10.8,2365.550,321.11,2.76,52,112,567
04/13/2017 04:11:26,113,10.8,2362.760,320.16,2.77,54,114,567
04/13/2017 04:11:36,120,10.8,2360.090,320.99,2.77,52,111,567
04/13/2017 04:11:46,110,10.8,2357.330,320.48,2.77,52,113,567
04/13/2017 04:11:56,118,10.8,2354.640,320.68,2.78,52,114,567
04/13/2017 04:12:06,127,10.8,2352.000,321.28,2.78,53,113,567
04/13/2017 04:12:16,113,10.8,2349.190,320.44,2.78,53,112,567
04/13/2017 04:12:26,113,10.8,2346.400,320.06,2.79,53,111,567
04/13/2017 04:12:36,112,10.9,2343.860,320.33,2.79,53,112,566
04/13/2017 04:12:46,106,10.8,2341.020,320.63,2.80,53,112,567
04/13/2017 04:12:56,109,10.8,2338.430,321.02,2.80,53,112,567
04/13/2017 04:13:06,111,10.8,2335.590,320.59,2.80,53,112,567
04/13/2017 04:13:16,112,10.8,2333.000,321.03,2.80,53,112,567
04/13/2017 04:13:26,111,10.8,2330.310,320.53,2.81,53,112,567
04/13/2017 04:13:36,123,10.8,2327.490,320.81,2.81,53,112,567
04/13/2017 04:13:46,115,10.8,2324.910,320.80,2.81,52,114,566
04/13/2017 04:13:56,114,10.8,2322.120,320.64,2.81,53,112,566
04/13/2017 04:14:06,121,10.8,2319.400,321.11,2.81,54,110,566
04/13/2017 04:14:16,114,10.8,2316.670,320.60,2.82,53,110,566
04/13/2017 04:14:26,106,10.9,2314.040,320.49,2.83,53,112,567
04/13/2017 04:14:36,119,10.8,2311.310,320.61,2.83,53,113,566
04/13/2017 04:14:46,114,10.8,2308.460,320.19,2.84,53,113,566
04/13/2017 04:14:56,109,10.9,2305.740,319.84,2.85,53,113,566
04/13/2017 04:15:06,124,10.8,2303.140,319.82,2.85,53,112,566
04/13/2017 04:15:16,107,10.9,2300.520,319.58,2.86,53,114,566
04/13/2017 04:15:26,120,10.9,2297.670,319.23,2.86,54,114,566
04/13/2017 04:15:36,126,10.8,2294.880,319.12,2.86,54,115,566
04/13/2017 04:15:46,113,10.8,2292.350,319.56,2.87,51,118,566
04/13/2017 04:15:56,99,10.9,2289.530,319.63,2.87,53,114,566
04/13/2017 04:16:06,118,10.9,2286.870,319.44,2.87,53,113,566
04/13/2017 04:16:16,113,10.9,2284.170,319.41,2.87,53,114,566
04/13/2017 04:16:26,121,10.8,2281.360,320.24,2.88,52,112,566
04/13/2017 04:16:36,115,10.8,2278.740,320.05,2.88,52,112,566
04/13/2017 04:16:46,119,10.8,2275.940,319.46,2.88,52,112,566
04/13/2017 04:16:56,129,10.8,2273.300,319.48,2.89,53,115,566
04/13/2017 04:17:06,116,10.9,2270.600,320.23,2.89,53,113,566
04/13/2017 04:17:16,113,10.9,2267.920,319.46,2.90,53,112,566
04/13/2017 04:17:26,119,10.8,2265.130,319.28,2.90,54,113,566
04/13/2017 04:17:36,122,10.8,2262.360,319.45,2.90,52,112,566
04/13/2017 04:17:46,111,10.9,2259.660,319.10,2.90,53,113,566
04/13/2017 04:17:56,118,10.8,2257.010,319.31,2.90,53,113,566
04/13/2017 04:18:06,116,10.9,2254.260,320.05,2.91,54,113,566
04/13/2017 04:18:16,114,10.9,2251.630,319.40,2.91,53,110,566
04/13/2017 04:18:26,123,10.8,2248.980,320.43,2.90,52,112,566
04/13/2017 04:18:36,118,10.9,2246.260,320.33,2.90,54,113,566
04/13/2017 04:18:46,120,10.9,2243.420,319.50,2.91,52,118,566
04/13/2017 04:18:56,119,10.8,2240.850,320.61,2.92,52,115,566
04/13/2017 04:19:06,118,10.8,2237.940,320.46,2.92,53,111,566
04/13/2017 04:19:16,114,10.9,2235.360,320.08,2.93,54,112,566
04/13/2017 04:19:26,122,10.9,2232.660,320.54,2.93,52,115,566
04/13/2017 04:19:36,122,10.8,2229.910,319.79,2.93,53,114,566
04/13/2017 04:19:46,130,10.8,2227.110,319.46,2.93,53,111,566
04/13/2017 04:19:56,125,10.9,2224.450,319.51,2.94,53,112,566
04/13/2017 04:20:06,120,10.9,2221.770,319.98,2.94,54,111,566
04/13/2017 04:20:16,122,10.8,2219.110,319.59,2.94,53,111,566
04/13/2017 04:20:26,130,10.8,2216.350,319.67,2.94,54,115,566
04/13/2017 04:20:36,114,10.9,2213.650,320.28,2.94,53,110,566
04/13/2017 04:20:46,107,10.9,2210.900,320.42,2.94,53,110,566
04/13/2017 04:20:56,121,10.9,2208.280,319.61,2.94,53,110,566
04/13/2017 04:21:06,119,10.9,2205.470,319.26,2.94,53,110,566
04/13/2017 04:21:16,131,10.8,2202.880,320.81,2.94,53,109,566
04/13/2017 04:21:26,112,10.9,2200.150,319.44,2.95,52,114,566
04/13/2017 04:21:36,117,10.9,2197.450,320.67,2.95,52,113,566
04/13/2017 04:21:46,122,10.9,2194.660,320.29,2.95,53,111,566
04/13/2017 04:21:56,117,10.9,2192.110,321.54,2.95,51,110,566
04/13/2017 04:22:06,118,10.9,2189.290,320.83,2.95,53,108,566
04/13/2017 04:22:16,129,10.9,2186.550,320.60,2.95,54,115,566
04/13/2017 04:22:26,109,10.9,2183.820,320.82,2.95,54,115,566
04/13/2017 04:22:36,114,10.9,2181.040,321.32,2.96,54,110,566
04/13/2017 04:22:46,115,10.9,2178.360,320.68,2.96,53,110,566
04/13/2017 04:22:56,113,10.9,2175.650,321.32,2.96,54,113,566
04/13/2017 04:23:06,127,10.9,2173.070,321.40,2.96,54,116,566
04/13/2017 04:23:16,115,10.9,2170.350,321.45,2.96,52,109,566
04/13/2017 04:23:26,121,10.8,2167.570,320.83,2.96,53,108,566
04/13/2017 04:23:36,128,10.9,2164.850,321.47,2.97,52,110,566
04/13/2017 04:23:46,113,10.9,2162.230,321.11,2.98,55,112,566
04/13/2017 04:23:56,108,10.9,2159.500,320.90,2.98,54,110,566
04/13/2017 04:24:06,115,10.9,2156.800,321.23,2.98,51,110,566
04/13/2017 04:24:16,113,10.9,2154.030,321.29,2.99,53,110,566
04/13/2017 04:24:26,115,10.9,2151.420,320.39,2.99,53,111,566
04/13/2017 04:24:36,112,10.9,2148.540,321.14,3.00,53,111,566
04/13/2017 04:24:46,108,10.9,2145.990,321.33,3.00,52,110,566
04/13/2017 04:24:56,124,10.9,2143.150,320.65,3.00,54,122,566
04/13/2017 04:25:06,109,10.9,2140.520,321.30,3.01,53,112,566
04/13/2017 04:25:16,119,10.9,2137.690,321.16,3.01,52,110,566
04/13/2017 04:25:26,131,10.9,2135.140,320.81,3.01,54,110,566
04/13/2017 04:25:36,110,10.9,2132.340,320.33,3.01,53,112,566
04/13/2017 04:25:46,113,10.9,2129.610,320.83,3.01,53,112,566
04/13/2017 04:25:56,131,10.9,2127.010,321.17,3.01,52,111,566
04/13/2017 04:26:06,108,10.9,2124.290,321.34,3.01,52,109,566
04/13/2017 04:26:16,120,10.9,2121.580,321.58,3.01,53,112,566
04/13/2017 04:26:26,123,10.9,2118.780,321.57,3.01,52,113,566
04/13/2017 04:26:36,115,10.9,2116.130,320.68,3.02,54,110,566
04/13/2017 04:26:46,124,10.9,2113.500,321.68,3.02,54,111,566
04/13/2017 04:26:56,110,10.9,2110.790,321.42,3.02,53,109,566
04/13/2017 04:27:06,119,10.9,2108.040,320.76,3.03,53,112,566
04/13/2017 04:27:16,122,10.9,2105.310,321.96,3.03,54,110,566
04/13/2017 04:27:26,115,10.9,2102.610,321.77,3.04,55,114,566
04/13/2017 04:27:36,125,10.9,2099.760,321.17,3.05,53,112,566
04/13/2017 04:27:46,118,10.9,2097.070,320.24,3.05,54,110,566
04/13/2017 04:27:56,120,10.9,2094.400,320.68,3.04,52,111,566
04/13/2017 04:28:06,103,10.9,2091.750,321.12,3.04,54,110,566
04/13/2017 04:28:16,114,10.9,2088.910,321.22,3.04,52,112,566
04/13/2017 04:28:26,126,10.9,2086.310,321.65,3.04,51,109,566
04/13/2017 04:28:36,113,10.9,2083.650,321.31,3.05,52,111,566
04/13/2017 04:28:46,116,10.9,2080.910,321.59,3.05,53,111,566
04/13/2017 04:28:56,125,10.9,2078.190,321.19,3.06,53,111,566
04/13/2017 04:29:06,117,10.9,2075.420,321.75,3.06,52,109,566
04/13/2017 04:29:16,122,10.9,2072.710,322.00,3.06,53,112,566
04/13/2017 04:29:26,107,10.9,2070.000,321.37,3.06,53,112,566
04/13/2017 04:29:36,117,10.9,2067.270,321.39,3.06,53,112,566
04/13/2017 04:29:46,125,10.9,2064.690,321.71,3.06,53,112,566
04/13/2017 04:29:56,114,10.9,2062.010,321.68,3.06,52,108,566
04/13/2017 04:30:06,114,10.9,2059.360,321.76,3.06,53,110,566
04/13/2017 04:30:16,132,10.9,2056.590,322.03,3.06,53,111,566
04/13/2017 04:30:26,122,10.9,2053.840,322.17,3.06,52,110,566
04/13/2017 04:30:36,122,10.9,2051.200,321.97,3.06,52,110,566
04/13/2017 04:30:46,123,10.9,2048.550,322.06,3.06,53,109,566
04/13/2017 04:30:56,121,10.9,2045.850,321.89,3.06,51,111,566
04/13/2017 04:31:06,125,10.9,2043.160,321.96,3.07,53,111,566
04/13/2017 04:31:16,128,10.9,2040.460,321.08,3.07,53,109,566
04/13/2017 04:31:26,130,10.9,2037.790,321.92,3.08,52,111,566
04/13/2017 04:31:36,99,10.9,2035.040,322.01,3.09,52,111,566
04/13/2017 04:31:46,109,10.9,2032.540,321.43,3.09,53,110,566
04/13/2017 04:31:56,136,10.9,2029.800,321.58,3.10,53,110,566
04/13/2017 04:32:06,139,10.9,2027.040,321.75,3.10,53,110,566
04/13/2017 04:32:16,117,10.9,2024.350,320.91,3.10,54,113,566
04/13/2017 04:32:26,126,10.9,2021.690,321.27,3.10,52,110,566
04/13/2017 04:32:36,134,10.8,2019.110,321.48,3.10,53,114,566
04/13/2017 04:32:46,125,10.9,2016.420,321.43,3.10,53,112,566
04/13/2017 04:32:56,127,10.9,2013.770,321.18,3.10,54,119,566
04/13/2017 04:33:06,105,10.9,2010.990,321.70,3.09,52,111,566
04/13/2017 04:33:16,116,10.9,2008.220,322.26,3.09,53,111,566
04/13/2017 04:33:26,127,10.9,2005.500,321.54,3.10,52,111,565
04/13/2017 04:33:36,124,10.9,2002.890,321.57,3.10,53,110,566
04/13/2017 04:33:46,118,10.9,2000.210,321.76,3.10,53,109,566
04/13/2017 04:33:56,133,10.9,1997.440,321.88,3.10,53,110,566
04/13/2017 04:34:06,117,10.9,1994.730,322.04,3.11,54,110,566
04/13/2017 04:34:16,126,10.9,1992.150,321.99,3.11,53,110,566
04/13/2017 04:34:26,116,10.9,1989.300,321.25,3.11,53,113,566
04/13/2017 04:34:36,135,10.9,1986.690,321.71,3.12,53,111,566
04/13/2017 04:34:46,125,10.9,1983.890,321.83,3.14,54,109,566
04/13/2017 04:34:56,113,10.9,1981.320,321.21,3.14,53,113,565
04/13/2017 04:35:06,118,10.9,1978.680,321.73,3.14,52,111,566
04/13/2017 04:35:16,114,10.9,1975.830,321.63,3.14,53,111,566
04/13/2017 04:35:26,130,10.9,1973.180,321.32,3.15,53,111,566
04/13/2017 04:35:36,134,10.9,1970.530,321.34,3.15,53,111,566
04/13/2017 04:35:46,127,10.9,1967.790,320.78,3.15,53,126,565
04/13/2017 04:35:56,100,10.9,1965.160,320.78,3.15,53,111,565
04/13/2017 04:36:06,122,10.9,1962.520,321.37,3.15,51,110,565
04/13/2017 04:36:16,113,10.9,1959.790,322.13,3.16,54,111,566
04/13/2017 04:36:26,125,10.9,1957.070,321.07,3.16,53,111,565
04/13/2017 04:36:36,119,10.9,1954.390,321.23,3.16,53,114,566
04/13/2017 04:36:46,111,10.9,1951.650,321.10,3.16,54,110,565
04/13/2017 04:36:56,125,10.9,1948.930,321.33,3.16,53,111,566
04/13/2017 04:37:06,122,10.9,1946.310,322.13,3.16,54,113,566
04/13/2017 04:37:16,102,10.9,1943.560,322.16,3.16,54,110,566
04/13/2017 04:37:26,117,10.9,1940.900,322.31,3.17,52,112,565
04/13/2017 04:37:36,124,10.9,1938.320,321.14,3.19,54,110,566
04/13/2017 04:37:46,119,10.9,1935.560,321.57,3.20,53,110,565
04/13/2017 04:37:56,115,10.9,1932.930,321.53,3.20,52,110,565
04/13/2017 04:38:06,127,10.9,1930.240,321.33,3.21,53,109,565
04/13/2017 04:38:16,110,10.9,1927.450,321.29,3.21,52,111,566
04/13/2017 04:38:26,117,10.9,1924.870,321.90,3.21,52,113,565
04/13/2017 04:38:36,121,10.9,1922.100,321.39,3.22,54,112,566
04/13/2017 04:38:46,126,10.9,1919.450,321.22,3.22,53,112,565
04/13/2017 04:38:56,127,10.8,1916.790,321.56,3.22,54,112,565
04/13/2017 04:39:06,112,10.9,1914.040,321.80,3.23,53,110,565
04/13/2017 04:39:16,131,10.9,1911.360,321.74,3.22,53,111,565
04/13/2017 04:39:26,115,10.9,1908.670,321.68,3.22,53,111,566
04/13/2017 04:39:36,107,10.9,1906.000,321.78,3.22,53,111,565
04/13/2017 04:39:46,133,10.9,1903.210,322.27,3.22,53,111,565
04/13/2017 04:39:56,108,10.9,1900.600,321.80,3.22,52,111,565
04/13/2017 04:40:06,109,10.9,1897.860,321.48,3.23,53,109,565
04/13/2017 04:40:16,122,10.9,1895.270,322.46,3.23,53,112,565
04/13/2017 04:40:26,118,10.9,1892.560,321.78,3.24,53,111,565
04/13/2017 04:40:36,119,10.9,1889.870,321.93,3.24,53,111,565
04/13/2017 04:40:46,126,10.9,1887.060,321.62,3.25,53,113,565
04/13/2017 04:40:56,126,10.9,1884.390,322.05,3.25,52,110,566
04/13/2017 04:41:06,129,10.9,1881.750,321.89,3.26,53,111,565
04/13/2017 04:41:16,117,10.9,1879.060,321.64,3.26,53,111,565
04/13/2017 04:41:26,132,10.9,1876.380,321.81,3.28,52,109,565
04/13/2017 04:41:36,126,10.9,1873.540,321.22,3.28,54,110,565
04/13/2017 04:41:46,112,10.9,1870.930,321.36,3.29,53,110,565
04/13/2017 04:41:56,119,10.9,1868.230,321.44,3.30,53,109,565
04/13/2017 04:42:06,118,10.9,1865.340,320.73,3.29,53,115,565
04/13/2017 04:42:16,124,10.9,1862.760,321.68,3.30,53,110,565
04/13/2017 04:42:26,131,10.9,1860.080,321.58,3.29,54,112,565
04/13/2017 04:42:36,114,10.9,1857.400,322.30,3.28,54,110,565
04/13/2017 04:42:46,126,10.9,1854.590,322.28,3.29,52,110,565
04/13/2017 04:42:56,120,10.9,1851.870,322.50,3.29,54,110,565
04/13/2017 04:43:06,125,10.9,1849.200,322.54,3.29,54,111,565
04/13/2017 04:43:16,111,10.9,1846.570,322.26,3.29,53,111,565
04/13/2017 04:43:26,133,10.9,1843.780,321.83,3.29,54,111,565
04/13/2017 04:43:36,116,10.9,1841.050,322.84,3.29,52,109,565
04/13/2017 04:43:46,122,10.9,1838.310,322.19,3.30,54,112,565
04/13/2017 04:43:56,123,10.9,1835.680,322.48,3.30,52,110,565
04/13/2017 04:44:06,120,10.9,1832.870,322.15,3.31,54,111,565
04/13/2017 04:44:16,116,10.9,1830.170,322.14,3.31,52,110,565
04/13/2017 04:44:26,135,10.9,1827.630,322.58,3.31,54,111,565
04/13/2017 04:44:36,128,10.9,1825.010,322.83,3.30,53,111,565
04/13/2017 04:44:46,118,10.9,1822.110,323.65,3.30,53,113,565
04/13/2017 04:44:56,132,10.8,1819.650,322.92,3.30,54,111,565
04/13/2017 04:45:06,122,10.9,1817.030,322.44,3.30,54,111,565
04/13/2017 04:45:16,122,10.9,1814.280,323.13,3.30,54,111,565
04/13/2017 04:45:26,131,10.9,1811.700,322.87,3.30,54,111,565
04/13/2017 04:45:36,121,10.9,1809.100,322.83,3.31,53,112,565
04/13/2017 04:45:46,122,10.9,1806.410,322.34,3.32,52,112,565
04/13/2017 04:45:56,135,10.8,1803.550,322.62,3.32,54,113,565
04/13/2017 04:46:06,130,10.9,1800.870,322.36,3.33,54,115,565
04/13/2017 04:46:16,126,10.9,1798.210,322.94,3.33,53,112,565
04/13/2017 04:46:26,118,10.9,1795.640,322.23,3.33,53,113,565
04/13/2017 04:46:36,91,10.9,1793.260,321.74,3.34,54,112,565
04/13/2017 04:46:46,101,10.9,1790.510,322.64,3.34,53,113,565
04/13/2017 04:46:56,144,10.9,1787.870,322.78,3.33,54,112,565
04/13/2017 04:47:06,121,10.9,1785.120,322.90,3.33,54,114,565
04/13/2017 04:47:16,107,10.9,1782.430,322.17,3.34,54,112,565
04/13/2017 04:47:26,114,10.9,1779.830,324.03,3.34,55,111,565
04/13/2017 04:47:36,125,10.9,1777.060,322.50,3.34,52,111,565
04/13/2017 04:47:46,115,10.9,1774.430,322.54,3.35,54,112,565
04/13/2017 04:47:56,124,10.9,1771.810,322.74,3.34,54,112,565
04/13/2017 04:48:06,118,10.9,1769.020,322.42,3.34,53,111,565
04/13/2017 04:48:16,114,10.9,1766.490,323.42,3.33,54,111,565
04/13/2017 04:48:26,135,10.9,1763.710,323.33,3.34,53,114,565
04/13/2017 04:48:36,120,10.9,1761.050,323.66,3.34,53,111,565
04/13/2017 04:48:46,115,10.9,1758.480,323.33,3.34,53,111,565
04/13/2017 04:48:56,108,10.9,1755.810,322.77,3.34,53,112,565
04/13/2017 04:49:06,133,10.9,1753.120,323.62,3.34,53,118,565
04/13/2017 04:49:16,120,10.9,1750.520,322.36,3.35,52,113,565
04/13/2017 04:49:26,118,10.9,1747.740,322.68,3.35,53,116,565
04/13/2017 04:49:36,147,10.8,1745.130,322.96,3.35,52,113,565
04/13/2017 04:49:46,98,10.9,1742.650,323.89,3.35,52,113,565
04/13/2017 04:49:56,109,10.9,1739.910,322.92,3.35,52,113,565
04/13/2017 04:50:06,131,10.9,1737.230,323.58,3.35,52,113,565
04/13/2017 04:50:16,131,10.9,1734.580,323.26,3.35,53,113,565
04/13/2017 04:50:26,122,10.9,1731.980,323.17,3.35,53,111,565
04/13/2017 04:50:36,115,10.9,1729.290,323.43,3.36,53,111,565
04/13/2017 04:50:46,96,10.9,1726.710,323.52,3.36,53,112,565
04/13/2017 04:50:56,135,10.9,1723.990,323.15,3.36,54,114,565
04/13/2017 04:51:06,118,10.9,1721.380,323.20,3.36,53,113,565
04/13/2017 04:51:16,131,10.9,1718.820,323.25,3.36,52,113,565
04/13/2017 04:51:26,128,10.9,1716.020,323.06,3.37,53,113,565
04/13/2017 04:51:36,109,10.9,1713.330,323.91,3.37,52,112,565
04/13/2017 04:51:46,114,10.9,1710.630,323.67,3.37,53,112,565
04/13/2017 04:51:56,107,10.9,1708.050,323.56,3.38,52,115,565
04/13/2017 04:52:06,118,10.9,1705.490,323.85,3.38,53,113,565
04/13/2017 04:52:16,118,10.9,1702.740,323.40,3.39,52,112,565
04/13/2017 04:52:26,128,10.9,1700.020,323.33,3.39,53,111,565
04/13/2017 04:52:36,125,10.8,1697.500,323.42,3.39,53,112,565
04/13/2017 04:52:46,103,10.9,1694.810,322.65,3.39,52,112,565
04/13/2017 04:52:56,103,10.9,1692.070,323.37,3.40,52,112,565
04/13/2017 04:53:06,122,10.9,1689.520,323.30,3.40,53,115,565
04/13/2017 04:53:16,94,10.9,1686.770,324.16,3.41,52,111,565
04/13/2017 04:53:26,130,10.9,1684.230,323.93,3.41,52,113,565
04/13/2017 04:53:36,121,10.9,1681.480,324.30,3.41,52,113,565
04/13/2017 04:53:46,122,10.9,1679.050,324.11,3.41,51,114,565
04/13/2017 04:53:56,103,10.9,1676.340,324.23,3.41,54,114,565
04/13/2017 04:54:06,95,10.9,1673.560,324.10,3.41,53,112,565
04/13/2017 04:54:16,128,10.9,1670.820,323.23,3.41,52,114,565
04/13/2017 04:54:26,80,10.9,1668.250,324.78,3.42,53,114,565
04/13/2017 04:54:36,122,10.9,1665.660,323.58,3.42,53,113,565
04/13/2017 04:54:46,115,10.9,1662.940,323.26,3.42,52,112,565
04/13/2017 04:54:56,111,10.9,1660.370,324.09,3.42,54,112,565
04/13/2017 04:55:06,116,10.9,1657.670,324.35,3.43,53,115,565
04/13/2017 04:55:16,124,10.9,1654.880,323.89,3.43,53,115,565
04/13/2017 04:55:26,128,10.9,1652.340,324.38,3.43,51,114,565
04/13/2017 04:55:36,137,10.9,1649.760,324.24,3.43,53,114,565
04/13/2017 04:55:46,127,10.9,1647.060,324.19,3.43,54,113,565
04/13/2017 04:55:56,88,10.9,1644.300,323.92,3.43,53,113,565
04/13/2017 04:56:06,138,10.9,1641.650,323.83,3.44,53,114,565
04/13/2017 04:56:16,122,10.9,1639.090,324.26,3.44,53,115,565
04/13/2017 04:56:26,113,10.9,1636.340,325.27,3.44,53,112,565
04/13/2017 04:56:36,94,10.9,1633.630,324.31,3.45,53,113,565
04/13/2017 04:56:46,101,11.0,1631.080,324.22,3.45,52,113,565
04/13/2017 04:56:56,124,10.9,1628.650,324.31,3.45,54,116,565
04/13/2017 04:57:06,132,10.9,1625.890,324.49,3.46,53,115,565
04/13/2017 04:57:16,110,10.9,1623.420,325.36,3.46,53,115,565
04/13/2017 04:57:26,110,10.9,1620.650,324.47,3.47,54,115,565
04/13/2017 04:57:36,109,10.9,1618.010,325.02,3.47,53,115,565
04/13/2017 04:57:46,112,10.9,1615.370,324.76,3.48,53,112,565
04/13/2017 04:57:56,111,10.9,1612.860,325.15,3.48,53,115,565
04/13/2017 04:58:06,125,10.9,1610.280,324.52,3.48,53,112,565
04/13/2017 04:58:16,83,10.9,1607.670,325.56,3.48,54,117,565
04/13/2017 04:58:26,90,10.9,1605.060,325.12,3.49,54,113,565
04/13/2017 04:58:36,117,10.9,1602.350,324.83,3.49,53,113,565
04/13/2017 04:58:46,145,10.9,1599.820,324.57,3.50,53,114,565
04/13/2017 04:58:56,138,10.8,1597.180,325.42,3.50,53,113,565
04/13/2017 04:59:06,107,10.9,1594.630,324.17,3.50,53,114,565
04/13/2017 04:59:16,85,10.9,1592.090,324.64,3.51,53,118,565
04/13/2017 04:59:26,126,10.9,1589.310,324.23,3.51,54,114,565
04/13/2017 04:59:36,132,10.9,1586.820,324.17,3.52,54,114,565
04/13/2017 04:59:46,108,10.9,1584.000,324.13,3.52,53,113,565
04/13/2017 04:59:56,99,10.9,1581.480,324.76,3.52,52,115,565
04/13/2017 05:00:06,123,10.9,1578.730,324.09,3.52,53,113,565
04/13/2017 05:00:16,139,10.9,1576.210,324.29,3.52,53,116,565
04/13/2017 05:00:26,114,10.9,1573.570,325.57,3.52,52,114,565
04/13/2017 05:00:36,137,10.9,1570.820,324.09,3.53,52,115,565
04/13/2017 05:00:46,139,10.9,1568.250,325.97,3.53,53,117,565
04/13/2017 05:00:56,115,10.9,1565.680,325.12,3.53,52,113,565
04/13/2017 05:01:06,129,10.9,1563.060,324.78,3.53,52,112,565
04/13/2017 05:01:16,137,10.9,1560.410,325.09,3.53,53,115,565
04/13/2017 05:01:26,118,10.9,1557.900,324.80,3.54,53,114,565
04/13/2017 05:01:36,111,10.9,1555.200,324.53,3.54,53,114,565
04/13/2017 05:01:46,131,10.9,1552.640,324.74,3.54,53,113,565
04/13/2017 05:01:56,101,10.9,1550.020,325.27,3.54,53,115,565
04/13/2017 05:02:06,143,10.9,1547.290,325.60,3.55,53,114,565
04/13/2017 05:02:16,124,10.9,1544.750,326.21,3.55,53,112,565
04/13/2017 05:02:26,124,10.9,1542.050,325.43,3.55,54,112,565
04/13/2017 05:02:36,104,10.9,1539.310,325.07,3.55,53,114,565
04/13/2017 05:02:46,113,10.9,1536.730,325.52,3.56,53,113,565
04/13/2017 05:02:56,135,10.9,1534.130,325.88,3.56,53,113,565
04/13/2017 05:03:06,127,10.8,1531.440,325.74,3.56,52,117,565
04/13/2017 05:03:16,109,10.9,1528.820,325.44,3.56,55,113,565
04/13/2017 05:03:26,111,10.9,1526.030,325.77,3.56,53,111,565
04/13/2017 05:03:36,96,11.0,1523.430,326.70,3.56,53,115,565
04/13/2017 05:03:46,112,10.9,1520.880,326.10,3.56,53,112,565
04/13/2017 05:03:56,107,10.9,1518.180,325.84,3.57,53,116,565
04/13/2017 05:04:06,135,10.9,1515.600,326.90,3.57,54,113,565
04/13/2017 05:04:16,127,10.9,1512.840,326.86,3.57,52,115,565
04/13/2017 05:04:26,133,10.9,1510.340,326.37,3.57,52,112,565
04/13/2017 05:04:36,110,10.9,1507.600,326.23,3.57,53,113,565
04/13/2017 05:04:46,132,10.9,1505.030,325.36,3.57,52,114,565
04/13/2017 05:04:56,139,10.8,1502.300,326.96,3.57,53,114,565
04/13/2017 05:05:06,144,10.9,1499.680,326.36,3.58,54,113,565
04/13/2017 05:05:16,118,10.9,1496.970,326.73,3.58,53,114,565
04/13/2017 05:05:26,124,10.9,1494.290,326.89,3.58,53,114,565
04/13/2017 05:05:36,126,10.9,1491.780,326.39,3.58,53,114,565
04/13/2017 05:05:46,133,10.9,1489.130,327.48,3.58,54,114,565
04/13/2017 05:05:56,116,10.9,1486.380,328.36,3.58,52,113,565
04/13/2017 05:06:06,106,10.9,1483.740,327.88,3.58,52,114,565
04/13/2017 05:06:16,115,10.9,1481.160,328.78,3.58,54,114,565
04/13/2017 05:06:26,123,10.9,1478.370,327.58,3.58,53,115,565
04/13/2017 05:06:36,118,10.9,1475.850,328.89,3.58,53,112,565
04/13/2017 05:06:46,113,10.9,1473.040,328.84,3.58,53,114,565
04/13/2017 05:06:56,121,10.9,1470.520,329.06,3.58,53,115,565
04/13/2017 05:07:06,132,10.9,1467.800,328.56,3.58,52,113,565
04/13/2017 05:07:16,127,10.9,1465.150,329.08,3.58,53,113,565
04/13/2017 05:07:26,127,10.9,1462.430,329.44,3.58,52,112,565
04/13/2017 05:07:36,125,10.9,1459.780,329.79,3.58,53,113,565
04/13/2017 05:07:46,120,10.9,1457.040,329.06,3.58,51,114,565
04/13/2017 05:07:56,131,10.9,1454.280,328.90,3.57,54,114,565
04/13/2017 05:08:06,134,10.9,1451.620,330.68,3.57,53,115,565
04/13/2017 05:08:16,119,10.9,1448.990,330.42,3.57,53,114,565
04/13/2017 05:08:26,105,10.9,1446.310,330.95,3.57,53,112,565
04/13/2017 05:08:36,125,10.9,1443.710,331.21,3.57,52,113,565
04/13/2017 05:08:46,131,10.9,1441.070,331.39,3.57,52,114,565
04/13/2017 05:08:56,119,10.9,1438.360,331.74,3.57,52,115,565
04/13/2017 05:09:06,141,10.9,1435.720,331.40,3.57,52,112,565
04/13/2017 05:09:16,135,10.9,1433.000,332.00,3.56,52,112,565
04/13/2017 05:09:26,113,10.9,1430.270,332.23,3.56,53,115,565
04/13/2017 05:09:36,128,10.9,1427.710,333.48,3.55,53,114,565
04/13/2017 05:09:46,134,10.9,1424.990,333.65,3.55,53,113,565
04/13/2017 05:09:56,137,10.9,1422.310,334.03,3.55,53,115,565
04/13/2017 05:10:06,108,10.9,1419.730,334.71,3.55,54,113,565
04/13/2017 05:10:16,120,10.9,1416.900,334.18,3.55,54,113,564
04/13/2017 05:10:26,140,10.9,1414.380,333.61,3.55,53,114,565
04/13/2017 05:10:36,129,10.9,1411.710,335.20,3.54,52,113,565
04/13/2017 05:10:46,128,10.9,1409.060,334.29,3.53,53,113,565
04/13/2017 05:10:56,130,10.9,1406.200,335.08,3.53,53,127,565
04/13/2017 05:11:06,136,10.9,1403.660,335.37,3.52,51,113,565
04/13/2017 05:11:16,128,10.9,1400.950,335.78,3.52,52,115,565
04/13/2017 05:11:26,122,10.9,1398.240,336.43,3.52,52,111,565
04/13/2017 05:11:36,135,10.9,1395.660,337.03,3.52,53,113,565
04/13/2017 05:11:46,149,10.8,1392.870,336.44,3.52,53,113,565
04/13/2017 05:11:56,123,10.9,1390.340,337.53,3.52,53,113,565
04/13/2017 05:12:06,137,10.9,1387.610,337.03,3.51,53,112,565
04/13/2017 05:12:16,131,10.9,1384.990,337.25,3.51,53,113,565
04/13/2017 05:12:26,167,10.8,1382.380,338.19,3.50,52,112,565
04/13/2017 05:12:36,138,10.9,1379.670,339.05,3.50,52,114,565
04/13/2017 05:12:46,125,10.9,1377.000,338.89,3.49,53,120,565
04/13/2017 05:12:56,123,10.9,1374.190,339.11,3.49,52,112,565
04/13/2017 05:13:06,131,10.9,1371.600,339.29,3.49,53,113,565
04/13/2017 05:13:16,108,10.9,1368.880,340.10,3.48,53,112,565
04/13/2017 05:13:26,124,10.9,1366.290,340.04,3.48,52,114,565
04/13/2017 05:13:36,133,10.9,1363.510,340.96,3.47,52,114,565
04/13/2017 05:13:46,125,10.9,1360.850,341.18,3.47,52,113,564
04/13/2017 05:13:56,131,10.9,1358.220,341.61,3.46,53,113,565
04/13/2017 05:14:06,133,10.9,1355.590,341.65,3.46,53,113,565
04/13/2017 05:14:16,144,10.9,1352.980,343.16,3.45,52,114,565
04/13/2017 05:14:26,157,10.9,1350.260,343.60,3.44,53,112,565
04/13/2017 05:14:36,130,10.9,1347.650,343.92,3.44,53,113,565
04/13/2017 05:14:46,112,10.9,1345.030,343.67,3.44,53,114,565
04/13/2017 05:14:56,143,10.9,1342.350,344.26,3.43,53,112,565
04/13/2017 05:15:06,122,10.9,1339.690,344.24,3.43,55,113,565
04/13/2017 05:15:16,129,10.9,1336.950,344.47,3.43,53,112,564
04/13/2017 05:15:26,131,10.9,1334.290,345.89,3.42,53,119,565
04/13/2017 05:15:36,137,10.9,1331.710,345.75,3.42,54,112,565
04/13/2017 05:15:46,121,10.9,1328.950,346.19,3.42,52,113,565
04/13/2017 05:15:56,130,10.9,1326.310,346.07,3.42,52,114,565
04/13/2017 05:16:06,133,10.9,1323.710,347.15,3.41,51,112,565
04/13/2017 05:16:16,122,10.9,1321.070,347.34,3.40,53,113,565
04/13/2017 05:16:26,126,10.9,1318.350,347.84,3.40,53,113,565
04/13/2017 05:16:36,105,10.9,1315.680,347.24,3.40,51,114,565
04/13/2017 05:16:46,138,10.9,1313.080,347.99,3.40,51,112,565
04/13/2017 05:16:56,134,10.9,1310.420,348.90,3.40,52,113,565
04/13/2017 05:17:06,129,10.9,1307.810,348.25,3.40,51,112,565
04/13/2017 05:17:16,139,10.9,1305.120,348.18,3.42,52,112,565
04/13/2017 05:17:26,134,10.9,1302.430,347.27,3.42,54,112,565
04/13/2017 05:17:36,138,10.9,1299.810,348.23,3.41,51,113,565
04/13/2017 05:17:46,124,10.9,1297.120,349.37,3.40,52,115,565
04/13/2017 05:17:56,137,10.9,1294.490,348.27,3.40,53,113,565
04/13/2017 05:18:06,150,10.9,1291.780,349.14,3.40,52,117,565
04/13/2017 05:18:16,122,10.9,1289.060,348.30,3.39,52,112,565
04/13/2017 05:18:26,137,10.9,1286.370,349.09,3.39,52,113,565
04/13/2017 05:18:36,135,10.9,1283.800,349.27,3.39,53,112,565
04/13/2017 05:18:46,137,10.9,1281.110,350.12,3.40,51,113,565
04/13/2017 05:18:56,129,10.9,1278.440,349.82,3.41,52,113,565
04/13/2017 05:19:06,112,10.9,1275.640,348.81,3.41,52,113,565
04/13/2017 05:19:16,126,10.9,1273.130,349.50,3.40,52,113,565
04/13/2017 05:19:26,132,10.9,1270.320,350.82,3.41,52,112,565
04/13/2017 05:19:36,142,10.9,1267.740,349.71,3.40,52,113,565
04/13/2017 05:19:46,142,10.9,1265.090,350.21,3.40,53,112,565
04/13/2017 05:19:56,118,10.9,1262.350,350.23,3.40,53,115,565
04/13/2017 05:20:06,134,10.9,1259.720,350.37,3.39,53,114,565
04/13/2017 05:20:16,134,10.9,1257.120,351.17,3.38,51,113,565
04/13/2017 05:20:26,140,10.9,1254.450,351.67,3.37,53,114,565
04/13/2017 05:20:36,146,10.9,1251.760,351.60,3.36,51,112,565
04/13/2017 05:20:46,123,10.9,1249.130,351.80,3.36,53,113,565
04/13/2017 05:20:56,133,10.9,1246.460,352.89,3.37,53,114,565
04/13/2017 05:21:06,150,10.9,1243.800,351.87,3.37,53,113,565
04/13/2017 05:21:16,133,10.9,1241.180,352.46,3.38,52,112,565
04/13/2017 05:21:26,137,10.9,1238.520,351.42,3.38,50,114,565
04/13/2017 05:21:36,132,10.9,1235.900,352.17,3.37,51,114,565
04/13/2017 05:21:46,142,10.9,1233.280,353.39,3.37,52,115,565
04/13/2017 05:21:56,126,10.9,1230.580,353.28,3.37,51,113,565
04/13/2017 05:22:06,139,10.9,1227.820,352.49,3.37,52,113,565
04/13/2017 05:22:16,141,10.9,1225.200,353.30,3.37,52,113,565
04/13/2017 05:22:26,129,10.9,1222.530,352.30,3.38,53,113,565
04/13/2017 05:22:36,141,10.9,1219.850,352.79,3.37,52,113,565
04/13/2017 05:22:46,137,10.9,1217.240,353.32,3.37,51,112,565
04/13/2017 05:22:56,128,10.9,1214.590,353.55,3.37,52,114,565
04/13/2017 05:23:06,137,10.9,1211.890,353.51,3.37,53,113,565
04/13/2017 05:23:16,129,10.9,1209.380,353.48,3.37,52,112,565
04/13/2017 05:23:26,134,10.9,1206.700,352.99,3.37,51,114,565
04/13/2017 05:23:36,124,10.9,1204.060,353.53,3.37,53,113,565
04/13/2017 05:23:46,138,10.9,1201.310,353.84,3.37,51,113,565
04/13/2017 05:23:56,124,10.9,1198.560,353.05,3.36,53,113,565
04/13/2017 05:24:06,132,10.9,1196.000,353.91,3.36,51,114,565
04/13/2017 05:24:16,124,10.9,1193.250,353.97,3.36,52,113,565
04/13/2017 05:24:26,132,10.9,1190.700,353.64,3.35,52,113,565
04/13/2017 05:24:36,132,10.9,1188.050,354.51,3.34,51,115,565
04/13/2017 05:24:46,143,10.9,1185.460,354.90,3.35,51,114,565
04/13/2017 05:24:56,143,10.9,1182.740,354.38,3.35,52,115,565
04/13/2017 05:25:06,132,10.9,1180.110,354.23,3.36,51,116,565
04/13/2017 05:25:16,126,10.9,1177.430,355.26,3.36,51,115,565
04/13/2017 05:25:26,126,10.9,1174.740,355.56,3.36,51,114,565
04/13/2017 05:25:36,130,10.9,1172.120,355.24,3.36,50,114,565
04/13/2017 05:25:46,126,10.9,1169.510,355.06,3.35,50,113,565
04/13/2017 05:25:56,139,10.9,1166.850,354.42,3.34,52,114,565
04/13/2017 05:26:06,110,10.9,1164.210,355.65,3.34,52,114,565
04/13/2017 05:26:16,121,10.9,1161.560,355.88,3.34,52,113,565
04/13/2017 05:26:26,121,10.9,1159.000,356.38,3.34,53,114,565
04/13/2017 05:26:36,137,10.9,1156.480,355.96,3.34,55,114,565
04/13/2017 05:26:46,148,10.9,1153.830,355.49,3.34,52,115,565
04/13/2017 05:26:56,127,10.9,1151.100,356.55,3.34,53,116,565
04/13/2017 05:27:06,138,10.9,1148.550,355.79,3.34,51,114,565
04/13/2017 05:27:16,129,10.9,1145.830,355.99,3.34,54,112,565
04/13/2017 05:27:26,129,10.9,1143.270,356.14,3.34,53,115,565
04/13/2017 05:27:36,140,10.9,1140.600,356.41,3.34,53,115,565
04/13/2017 05:27:46,115,10.9,1138.000,356.18,3.34,54,114,565
04/13/2017 05:27:56,133,10.9,1135.340,356.35,3.34,53,112,565
04/13/2017 05:28:06,148,10.9,1132.750,355.58,3.34,53,114,565
04/13/2017 05:28:16,144,10.9,1130.160,356.69,3.34,52,115,565
04/13/2017 05:28:26,135,10.9,1127.500,355.92,3.34,52,115,565
04/13/2017 05:28:36,137,10.9,1124.880,356.81,3.34,53,113,565
04/13/2017 05:28:46,140,10.9,1122.180,356.27,3.34,52,116,565
04/13/2017 05:28:56,141,10.9,1119.600,356.26,3.34,52,113,565
04/13/2017 05:29:06,140,10.9,1116.890,356.41,3.34,53,115,565
04/13/2017 05:29:16,135,10.9,1114.180,356.20,3.34,53,112,565
04/13/2017 05:29:26,140,10.9,1111.490,356.33,3.34,51,113,565
04/13/2017 05:29:36,149,10.9,1108.790,356.01,3.35,51,116,565
04/13/2017 05:29:46,135,10.9,1106.260,355.91,3.35,53,116,565
04/13/2017 05:29:56,128,10.9,1103.650,356.65,3.35,53,113,565
04/13/2017 05:30:06,148,10.9,1100.970,357.54,3.35,51,116,565
04/13/2017 05:30:16,134,10.9,1098.200,356.94,3.35,53,115,565
04/13/2017 05:30:26,144,10.9,1095.570,356.64,3.35,51,114,565
04/13/2017 05:30:36,138,10.9,1092.850,356.30,3.35,50,113,565
04/13/2017 05:30:46,146,10.9,1090.260,357.12,3.35,53,114,565
04/13/2017 05:30:56,147,10.9,1087.650,357.05,3.35,53,117,565
04/13/2017 05:31:06,134,10.9,1084.890,357.09,3.35,51,113,565
04/13/2017 05:31:16,151,10.9,1082.390,356.68,3.35,53,114,565
04/13/2017 05:31:26,145,10.9,1079.650,356.77,3.35,51,115,565
04/13/2017 05:31:36,141,10.8,1077.060,357.56,3.35,52,115,565
04/13/2017 05:31:46,143,10.9,1074.360,356.34,3.35,52,116,565
04/13/2017 05:31:56,145,10.9,1071.620,356.80,3.35,52,115,565
04/13/2017 05:32:06,137,10.9,1069.060,357.08,3.35,53,114,565
04/13/2017 05:32:16,136,10.9,1066.370,357.03,3.36,51,114,565
04/13/2017 05:32:26,142,10.9,1063.710,356.69,3.36,52,116,565
04/13/2017 05:32:36,138,10.9,1061.100,357.06,3.36,54,115,565
04/13/2017 05:32:46,142,10.9,1058.460,356.94,3.36,53,114,565
04/13/2017 05:32:56,130,10.9,1055.760,357.60,3.36,52,114,565
04/13/2017 05:33:06,125,10.9,1053.090,356.10,3.36,50,114,565
04/13/2017 05:33:16,141,10.9,1050.480,357.75,3.36,52,115,565
04/13/2017 05:33:26,139,10.9,1047.850,357.54,3.36,53,117,565
04/13/2017 05:33:36,122,10.9,1045.150,356.49,3.36,53,115,565
04/13/2017 05:33:46,153,10.9,1042.420,357.90,3.36,52,115,565
04/13/2017 05:33:56,127,10.9,1039.760,358.00,3.36,52,115,565
04/13/2017 05:34:06,130,10.9,1037.120,357.24,3.36,53,115,565
04/13/2017 05:34:16,140,10.9,1034.450,358.67,3.36,51,114,565
04/13/2017 05:34:26,135,10.9,1031.850,357.72,3.36,53,115,565
04/13/2017 05:34:36,129,10.9,1029.200,357.47,3.36,53,114,565
04/13/2017 05:34:46,146,10.9,1026.570,357.64,3.36,53,115,565
04/13/2017 05:34:56,123,10.9,1024.020,357.57,3.36,53,115,565
04/13/2017 05:35:06,128,10.9,1021.290,357.31,3.36,53,114,565
04/13/2017 05:35:16,131,10.9,1018.560,358.01,3.36,53,116,565
04/13/2017 05:35:26,152,10.8,1016.060,357.73,3.36,52,115,565
04/13/2017 05:35:36,134,10.9,1013.310,358.09,3.36,53,115,565
04/13/2017 05:35:46,134,10.9,1010.620,357.59,3.36,53,114,565
04/13/2017 05:35:56,135,10.9,1007.960,357.69,3.36,52,116,565
04/13/2017 05:36:06,136,10.9,1005.430,358.19,3.37,53,115,565
04/13/2017 05:36:16,141,10.9,1002.670,357.96,3.37,52,115,565
04/13/2017 05:36:26,148,10.9,1000.000,358.49,3.37,51,115,565
04/13/2017 05:36:36,139,10.9,997.390,358.18,3.37,52,113,565
04/13/2017 05:36:46,150,10.9,994.760,358.47,3.37,52,123,565
04/13/2017 05:36:56,130,10.9,992.110,357.96,3.37,53,113,565
04/13/2017 05:37:06,133,10.9,989.410,357.62,3.37,53,115,565
04/13/2017 05:37:16,135,10.9,986.870,358.32,3.37,51,116,565
04/13/2017 05:37:26,146,10.9,984.080,358.00,3.37,52,115,565
04/13/2017 05:37:36,147,10.9,981.580,357.97,3.37,52,116,565
04/13/2017 05:37:46,130,10.9,978.930,358.62,3.37,52,115,565
04/13/2017 05:37:56,143,10.9,976.280,358.62,3.37,53,116,565
04/13/2017 05:38:06,141,10.9,973.620,358.22,3.37,52,114,565
04/13/2017 05:38:16,147,10.9,970.960,358.19,3.37,50,113,565
04/13/2017 05:38:26,150,10.9,968.240,357.96,3.38,51,115,565
04/13/2017 05:38:36,126,10.9,965.740,358.43,3.38,53,115,565
04/13/2017 05:38:46,144,10.9,962.960,358.76,3.38,52,114,565
04/13/2017 05:38:56,144,10.9,960.290,358.85,3.38,53,115,565
04/13/2017 05:39:06,148,10.9,957.660,358.31,3.38,52,114,565
04/13/2017 05:39:16,137,10.9,954.960,358.12,3.38,53,117,565
04/13/2017 05:39:26,142,10.9,952.340,359.19,3.38,54,125,565
04/13/2017 05:39:36,146,10.9,949.790,358.35,3.38,53,116,565
04/13/2017 05:39:46,137,10.9,947.160,358.46,3.38,51,117,565
04/13/2017 05:39:56,153,10.9,944.470,359.11,3.38,52,115,565
04/13/2017 05:40:06,129,10.9,941.890,359.20,3.38,52,114,565
04/13/2017 05:40:16,165,10.9,939.250,359.16,3.38,53,115,565
04/13/2017 05:40:26,147,10.9,936.610,357.99,3.39,50,114,565
04/13/2017 05:40:36,132,10.9,933.990,358.99,3.39,52,115,565
04/13/2017 05:40:46,135,10.9,931.300,358.91,3.39,53,114,565
04/13/2017 05:40:56,139,10.8,928.580,358.49,3.39,51,115,565
04/13/2017 05:41:06,133,10.9,925.900,358.54,3.39,50,114,565
04/13/2017 05:41:16,123,10.9,923.240,359.23,3.39,53,116,565
04/13/2017 05:41:26,156,10.9,920.590,358.93,3.39,53,115,565
04/13/2017 05:41:36,135,10.9,918.090,358.78,3.39,53,118,565
04/13/2017 05:41:46,136,10.9,915.440,358.84,3.40,52,117,565
04/13/2017 05:41:56,150,10.9,912.690,359.04,3.40,53,115,565
04/13/2017 05:42:06,143,10.9,910.010,359.28,3.40,53,116,565
04/13/2017 05:42:16,154,10.8,907.330,358.81,3.40,53,116,565
04/13/2017 05:42:26,144,10.9,904.790,359.16,3.40,54,116,565
04/13/2017 05:42:36,154,10.9,902.140,359.19,3.40,52,116,565
04/13/2017 05:42:46,152,10.9,899.390,358.98,3.40,52,116,565
04/13/2017 05:42:56,146,10.9,896.830,359.74,3.40,52,117,565
04/13/2017 05:43:06,130,10.9,894.200,360.23,3.40,51,116,565
04/13/2017 05:43:16,130,10.9,891.540,359.47,3.40,52,115,565
04/13/2017 05:43:26,156,10.9,888.920,360.34,3.41,53,126,565
04/13/2017 05:43:36,139,10.9,886.300,359.39,3.41,52,117,565
04/13/2017 05:43:46,128,10.9,883.620,359.62,3.41,53,119,565
04/13/2017 05:43:56,143,10.9,880.970,359.90,3.41,52,117,565
04/13/2017 05:44:06,138,10.9,878.210,359.36,3.41,52,120,565
04/13/2017 05:44:16,152,10.9,875.590,359.66,3.41,51,115,565
04/13/2017 05:44:26,136,10.9,873.060,359.81,3.41,51,116,565
04/13/2017 05:44:36,145,10.9,870.290,359.25,3.41,53,120,565
04/13/2017 05:44:46,145,10.9,867.590,360.10,3.41,53,116,565
04/13/2017 05:44:56,135,10.8,864.940,359.82,3.42,51,116,565
04/13/2017 05:45:06,152,10.9,862.400,359.60,3.42,53,114,565
04/13/2017 05:45:16,160,10.9,859.600,359.99,3.42,52,115,565
04/13/2017 05:45:26,148,10.9,857.080,359.56,3.42,53,115,565
04/13/2017 05:45:36,138,10.9,854.290,360.03,3.42,51,114,565
04/13/2017 05:45:46,150,10.9,851.780,360.15,3.42,53,119,565
04/13/2017 05:45:56,148,10.9,849.040,360.22,3.42,53,116,565
04/13/2017 05:46:06,162,10.9,846.440,359.49,3.42,52,115,565
04/13/2017 05:46:16,143,10.9,843.830,360.10,3.42,52,115,565
04/13/2017 05:46:26,143,10.9,841.070,360.28,3.43,52,116,565
04/13/2017 05:46:36,141,10.9,838.440,360.28,3.44,52,117,565
04/13/2017 05:46:46,144,10.8,835.920,359.54,3.44,53,117,565
04/13/2017 05:46:56,150,10.9,833.120,359.91,3.44,53,115,565
04/13/2017 05:47:06,102,10.9,830.500,359.96,3.44,53,114,565
04/13/2017 05:47:16,146,10.9,827.880,360.34,3.44,53,116,565
04/13/2017 05:47:26,141,10.9,825.150,360.48,3.44,53,115,565
04/13/2017 05:47:36,156,10.9,822.600,360.31,3.45,53,119,565
04/13/2017 05:47:46,135,10.9,819.980,360.05,3.45,54,117,565
04/13/2017 05:47:56,140,10.9,817.300,360.90,3.45,54,116,565
04/13/2017 05:48:06,147,10.9,814.590,361.06,3.46,55,116,565
04/13/2017 05:48:16,149,10.9,812.050,360.99,3.46,54,117,565
04/13/2017 05:48:26,166,10.9,809.270,362.26,3.46,55,115,565
04/13/2017 05:48:36,138,10.9,806.700,363.33,3.46,55,118,565
04/13/2017 05:48:46,141,10.9,803.960,362.43,3.46,55,116,565
04/13/2017 05:48:56,151,10.9,801.470,362.68,3.46,56,117,565
04/13/2017 05:49:06,128,10.9,798.740,364.32,3.46,57,117,565
04/13/2017 05:49:16,168,10.9,796.020,365.07,3.46,57,124,565
04/13/2017 05:49:26,134,10.9,793.370,364.80,3.46,58,120,565
04/13/2017 05:49:36,141,10.9,790.770,367.14,3.46,59,122,565
04/13/2017 05:49:46,146,10.9,788.170,367.03,3.46,58,120,565
04/13/2017 05:49:56,146,10.9,785.480,367.18,3.47,57,119,565
04/13/2017 05:50:06,131,10.9,782.930,367.49,3.47,58,118,565
04/13/2017 05:50:16,156,10.9,780.080,367.05,3.47,59,119,565
04/13/2017 05:50:26,133,10.9,777.550,366.69,3.47,58,119,565
04/13/2017 05:50:36,129,10.9,774.930,366.63,3.48,60,120,565
04/13/2017 05:50:46,139,10.8,772.180,367.43,3.48,60,118,565
04/13/2017 05:50:56,150,10.9,769.620,366.64,3.49,59,119,565
04/13/2017 05:51:06,159,10.9,766.990,366.21,3.50,60,118,565
04/13/2017 05:51:16,161,10.8,764.270,367.04,3.50,61,119,565
04/13/2017 05:51:26,156,10.9,761.580,367.50,3.51,59,118,565
04/13/2017 05:51:36,152,10.9,759.100,367.73,3.51,59,119,565
04/13/2017 05:51:46,153,10.8,756.410,367.61,3.51,60,118,565
04/13/2017 05:51:56,153,10.9,753.680,367.19,3.51,60,120,565
04/13/2017 05:52:06,137,10.9,751.060,367.16,3.52,60,119,565
04/13/2017 05:52:16,152,10.9,748.390,367.36,3.52,60,121,565
04/13/2017 05:52:26,138,10.9,745.860,367.42,3.53,62,120,565
04/13/2017 05:52:36,143,10.9,743.120,367.97,3.53,63,121,565
04/13/2017 05:52:46,134,10.9,740.520,367.97,3.54,63,121,565
04/13/2017 05:52:56,149,10.9,737.950,368.03,3.54,62,120,565
04/13/2017 05:53:06,136,10.9,735.260,369.24,3.54,61,121,565
04/13/2017 05:53:16,150,10.9,732.660,369.10,3.53,64,120,565
04/13/2017 05:53:26,140,10.9,729.930,369.70,3.54,62,119,565
04/13/2017 05:53:36,146,10.9,727.230,369.25,3.54,63,120,565
04/13/2017 05:53:46,132,10.9,724.570,370.03,3.55,63,124,565
04/13/2017 05:53:56,155,10.9,721.940,370.26,3.55,62,121,565
04/13/2017 05:54:06,150,10.8,719.240,370.44,3.56,63,122,565
04/13/2017 05:54:16,132,10.9,716.690,370.11,3.56,64,120,565
04/13/2017 05:54:26,153,10.9,714.110,370.93,3.56,62,120,565
04/13/2017 05:54:36,137,10.9,711.470,369.77,3.56,63,120,565
04/13/2017 05:54:46,125,10.9,708.740,369.92,3.56,65,121,565
04/13/2017 05:54:56,162,10.9,706.180,370.42,3.56,64,128,565
04/13/2017 05:55:06,130,10.9,703.460,370.33,3.56,64,122,565
04/13/2017 05:55:16,162,10.9,700.740,370.53,3.56,64,125,565
04/13/2017 05:55:26,138,10.9,698.220,371.26,3.55,65,121,565
04/13/2017 05:55:36,151,10.9,695.510,371.92,3.54,66,122,565
04/13/2017 05:55:46,138,10.9,692.820,372.07,3.54,65,120,565
04/13/2017 05:55:56,150,10.9,690.240,372.70,3.54,65,121,565
04/13/2017 05:56:06,154,10.9,687.590,370.73,3.53,64,120,565
04/13/2017 05:56:16,151,10.9,684.990,372.16,3.53,65,123,565
04/13/2017 05:56:26,143,10.9,682.390,373.05,3.52,66,124,565
04/13/2017 05:56:36,147,10.9,679.690,373.55,3.51,65,122,565
04/13/2017 05:56:46,152,10.9,677.130,373.66,3.51,68,123,565
04/13/2017 05:56:56,152,10.9,674.420,373.29,3.52,66,124,565
04/13/2017 05:57:06,148,10.9,671.800,372.87,3.51,64,125,565
04/13/2017 05:57:16,147,10.9,669.170,373.36,3.52,66,124,565
04/13/2017 05:57:26,146,10.9,666.410,372.86,3.52,64,124,565
04/13/2017 05:57:36,154,10.9,663.790,373.17,3.52,67,122,565
04/13/2017 05:57:46,139,10.9,661.250,372.75,3.52,66,122,565
04/13/2017 05:57:56,151,10.9,658.630,373.14,3.51,66,122,565
04/13/2017 05:58:06,143,10.9,655.900,373.18,3.51,67,122,565
04/13/2017 05:58:16,164,10.9,653.270,373.15,3.51,66,121,565
04/13/2017 05:58:26,156,10.9,650.640,373.37,3.51,67,122,565
04/13/2017 05:58:36,157,10.9,648.110,373.76,3.51,66,124,565
04/13/2017 05:58:46,154,10.9,645.340,373.81,3.50,67,123,565
04/13/2017 05:58:56,156,10.9,642.830,373.40,3.50,67,129,565
04/13/2017 05:59:06,155,10.9,640.120,375.62,3.50,68,125,565
04/13/2017 05:59:16,156,10.9,637.490,374.60,3.49,66,122,565
04/13/2017 05:59:26,151,10.9,634.780,374.65,3.49,68,123,565
04/13/2017 05:59:36,151,10.9,632.220,373.45,3.49,67,123,565
04/13/2017 05:59:46,162,10.9,629.710,374.30,3.49,66,125,565
04/13/2017 05:59:56,155,10.9,626.930,374.58,3.49,67,123,565
04/13/2017 06:00:06,158,10.9,624.250,374.97,3.49,68,123,565
04/13/2017 06:00:16,134,10.9,621.600,374.61,3.49,67,122,565
04/13/2017 06:00:26,151,10.9,619.110,375.22,3.49,67,124,565
04/13/2017 06:00:36,143,10.9,616.470,375.25,3.49,69,125,565
04/13/2017 06:00:46,129,10.9,613.710,374.98,3.49,68,124,565
04/13/2017 06:00:56,159,10.9,611.240,375.08,3.50,67,124,565
04/13/2017 06:01:06,150,10.9,608.400,375.59,3.50,68,123,565
04/13/2017 06:01:16,156,10.9,605.900,375.74,3.50,68,124,565
04/13/2017 06:01:26,149,10.9,603.200,375.91,3.49,68,123,565
04/13/2017 06:01:36,157,10.9,600.470,375.12,3.50,67,122,565
04/13/2017 06:01:46,145,10.9,597.910,375.48,3.50,68,126,565
04/13/2017 06:01:56,148,10.9,595.260,374.64,3.50,68,122,565
04/13/2017 06:02:06,159,10.9,592.700,375.29,3.51,67,123,565
04/13/2017 06:02:16,161,10.9,589.930,375.14,3.50,68,124,565
04/13/2017 06:02:26,140,10.8,587.340,376.03,3.50,66,124,565
04/13/2017 06:02:36,172,10.9,584.650,375.57,3.50,68,127,565
04/13/2017 06:02:46,147,10.9,582.040,375.94,3.50,66,122,565
04/13/2017 06:02:56,151,10.8,579.480,375.24,3.50,66,123,565
04/13/2017 06:03:06,155,10.9,576.770,375.39,3.52,66,123,565
04/13/2017 06:03:16,150,10.9,574.280,374.64,3.53,67,122,565
04/13/2017 06:03:26,160,10.8,571.500,374.35,3.52,69,124,565
04/13/2017 06:03:36,152,10.8,568.910,375.12,3.52,68,123,565
04/13/2017 06:03:46,162,10.9,566.350,374.26,3.52,66,120,565
04/13/2017 06:03:56,156,10.9,563.730,375.45,3.54,63,121,565
04/13/2017 06:04:06,154,10.9,561.040,373.73,3.55,65,122,565
04/13/2017 06:04:16,164,10.9,558.320,375.02,3.55,63,121,565
04/13/2017 06:04:26,158,10.9,555.820,372.89,3.55,61,121,565
04/13/2017 06:04:36,171,10.9,553.070,372.79,3.55,59,122,565
04/13/2017 06:04:46,147,10.9,550.520,372.08,3.55,59,120,565
04/13/2017 06:04:56,174,10.8,547.860,371.73,3.56,60,118,565
04/13/2017 06:05:06,155,10.9,545.190,372.12,3.56,60,120,565
04/13/2017 06:05:16,163,10.8,542.610,371.48,3.57,63,123,565
04/13/2017 06:05:26,167,10.8,539.910,373.70,3.58,65,122,565
04/13/2017 06:05:36,165,10.9,537.320,373.85,3.58,66,122,565
04/13/2017 06:05:46,156,10.9,534.710,374.00,3.58,64,121,565
04/13/2017 06:05:56,164,10.9,532.050,374.62,3.58,65,122,565
04/13/2017 06:06:06,164,10.9,529.430,375.45,3.58,65,121,565
04/13/2017 06:06:16,160,10.9,526.800,374.15,3.58,67,121,565
04/13/2017 06:06:26,149,10.9,524.150,374.42,3.58,65,123,565
04/13/2017 06:06:36,166,10.9,521.640,375.70,3.58,67,124,565
04/13/2017 06:06:46,148,10.9,519.020,375.08,3.58,67,122,565
04/13/2017 06:06:56,161,10.9,516.270,375.54,3.58,66,124,565
04/13/2017 06:07:06,153,10.9,513.760,374.33,3.58,65,126,565
04/13/2017 06:07:16,158,10.9,511.010,375.52,3.58,65,123,565
04/13/2017 06:07:26,155,10.8,508.440,374.88,3.58,65,123,565
04/13/2017 06:07:36,178,10.8,505.860,374.93,3.58,65,121,565
04/13/2017 06:07:46,163,10.9,503.160,375.53,3.58,64,124,565
04/13/2017 06:07:56,146,10.8,500.570,374.91,3.58,66,123,565
04/13/2017 06:08:06,164,10.9,498.010,374.78,3.57,63,120,565
04/13/2017 06:08:16,174,10.9,495.310,374.14,3.57,64,121,565
04/13/2017 06:08:26,153,10.9,492.720,375.34,3.57,65,124,565
04/13/2017 06:08:36,153,10.8,490.160,374.08,3.57,62,122,564
04/13/2017 06:08:46,164,10.8,487.390,374.25,3.57,64,122,565
04/13/2017 06:08:56,160,10.9,484.840,373.90,3.58,63,123,565
04/13/2017 06:09:06,160,10.9,482.250,375.03,3.58,63,126,565
04/13/2017 06:09:16,169,10.8,479.530,375.35,3.58,64,121,565
04/13/2017 06:09:26,171,10.9,476.880,375.60,3.58,65,122,565
04/13/2017 06:09:36,162,10.8,474.350,375.35,3.59,65,124,565
04/13/2017 06:09:46,172,10.8,471.680,374.93,3.59,65,122,565
04/13/2017 06:09:56,158,10.9,469.120,374.74,3.60,65,122,565
04/13/2017 06:10:06,164,10.9,466.440,375.98,3.61,67,122,565
04/13/2017 06:10:16,153,10.9,463.750,376.09,3.61,66,124,565
04/13/2017 06:10:26,169,10.9,461.190,375.42,3.61,65,124,565
04/13/2017 06:10:36,167,10.8,458.560,375.95,3.61,65,122,565
04/13/2017 06:10:46,171,10.9,455.880,376.96,3.61,66,128,565
04/13/2017 06:10:56,153,10.9,453.390,376.13,3.61,66,122,565
04/13/2017 06:11:06,182,10.8,450.630,376.31,3.61,67,122,564
04/13/2017 06:11:16,168,10.8,448.050,375.71,3.61,66,123,565
04/13/2017 06:11:26,161,10.9,445.500,375.90,3.61,68,122,565
04/13/2017 06:11:36,161,10.9,442.770,376.61,3.61,66,125,565
04/13/2017 06:11:46,169,10.9,440.090,376.23,3.61,66,123,565
04/13/2017 06:11:56,174,10.8,437.530,375.64,3.61,66,132,565
04/13/2017 06:12:06,166,10.9,434.960,377.28,3.61,65,122,565
04/13/2017 06:12:16,163,10.8,432.220,376.17,3.60,65,122,565
04/13/2017 06:12:26,154,10.9,429.700,375.82,3.60,67,123,565
04/13/2017 06:12:36,167,10.8,426.930,376.37,3.59,64,122,564
04/13/2017 06:12:46,155,10.9,424.440,376.45,3.58,64,126,565
04/13/2017 06:12:56,174,10.8,421.830,374.92,3.58,64,123,565
04/13/2017 06:13:06,171,10.9,419.030,375.89,3.58,63,122,565
04/13/2017 06:13:16,166,10.9,416.560,375.31,3.58,65,122,564
04/13/2017 06:13:26,152,10.9,413.830,374.54,3.57,62,122,565
04/13/2017 06:13:36,165,10.9,411.270,375.27,3.56,61,120,565
04/13/2017 06:13:46,180,10.9,408.610,373.16,3.56,63,122,565
04/13/2017 06:13:56,162,10.9,406.030,373.89,3.57,62,122,564
04/13/2017 06:14:06,166,10.8,403.350,373.64,3.56,61,121,565
04/13/2017 06:14:16,172,10.9,400.840,374.03,3.56,61,121,565
04/13/2017 06:14:26,166,10.8,398.190,372.99,3.56,61,123,565
04/13/2017 06:14:36,174,10.8,395.500,373.86,3.56,60,121,565
04/13/2017 06:14:46,166,10.8,392.940,374.69,3.55,60,123,565
04/13/2017 06:14:56,164,10.9,390.250,373.52,3.56,62,121,565
04/13/2017 06:15:06,155,10.9,387.620,373.32,3.57,61,122,565
04/13/2017 06:15:16,170,10.9,385.050,374.32,3.57,62,121,565
04/13/2017 06:15:26,160,10.9,382.410,373.61,3.57,62,122,565
04/13/2017 06:15:36,148,10.8,379.860,374.18,3.58,64,121,564
04/13/2017 06:15:46,152,10.9,377.070,374.27,3.59,67,131,565
04/13/2017 06:15:56,156,10.9,374.590,375.91,3.59,66,125,565
04/13/2017 06:16:06,160,10.9,371.880,375.81,3.59,67,123,564
04/13/2017 06:16:16,161,10.9,369.160,375.84,3.59,66,124,565
04/13/2017 06:16:26,166,10.9,366.540,376.34,3.59,65,123,565
04/13/2017 06:16:36,174,10.9,363.920,376.96,3.59,67,124,565
04/13/2017 06:16:46,164,10.8,361.290,376.64,3.59,65,124,565
04/13/2017 06:16:56,172,10.9,358.710,376.17,3.60,65,123,565
04/13/2017 06:17:06,171,10.9,356.220,375.87,3.60,66,123,564
04/13/2017 06:17:16,154,10.9,353.450,376.64,3.60,66,122,564
04/13/2017 06:17:26,170,10.9,350.950,376.50,3.60,65,123,565
04/13/2017 06:17:36,157,10.9,348.240,376.58,3.60,67,122,565
04/13/2017 06:17:46,153,10.9,345.600,377.13,3.60,66,122,565
04/13/2017 06:17:56,172,10.9,343.010,376.33,3.60,65,123,565
04/13/2017 06:18:06,173,10.9,340.300,376.40,3.60,65,123,564
04/13/2017 06:18:16,178,10.9,337.720,376.90,3.60,67,122,565
04/13/2017 06:18:26,167,10.8,335.200,377.13,3.60,67,123,565
04/13/2017 06:18:36,168,10.8,332.570,377.54,3.60,65,122,565
04/13/2017 06:18:46,165,10.9,329.920,376.51,3.60,66,122,565
04/13/2017 06:18:56,165,10.9,327.270,377.03,3.60,67,126,565
04/13/2017 06:19:06,160,10.9,324.600,376.96,3.60,67,121,565
04/13/2017 06:19:16,169,10.9,322.030,376.92,3.60,65,123,565
04/13/2017 06:19:26,176,10.9,319.490,377.08,3.59,66,121,565
04/13/2017 06:19:36,154,10.9,316.730,378.21,3.59,66,123,565
04/13/2017 06:19:46,155,10.9,314.180,377.82,3.59,70,122,565
04/13/2017 06:19:56,173,10.9,311.530,378.37,3.58,71,125,565
04/13/2017 06:20:06,172,10.9,308.880,378.45,3.59,73,124,564
04/13/2017 06:20:16,173,10.9,306.410,379.52,3.59,73,125,565
04/13/2017 06:20:26,167,10.8,303.720,378.81,3.59,73,123,565
04/13/2017 06:20:36,178,10.9,301.000,378.72,3.59,73,124,565
04/13/2017 06:20:46,172,10.8,298.500,378.74,3.59,74,126,565
04/13/2017 06:20:56,157,10.8,295.770,378.98,3.59,75,124,565
04/13/2017 06:21:06,166,10.9,293.240,379.19,3.60,77,127,565
04/13/2017 06:21:16,158,10.9,290.630,379.12,3.59,76,124,564
04/13/2017 06:21:26,163,10.8,287.880,380.09,3.59,77,129,565
04/13/2017 06:21:36,125,10.9,285.270,378.56,3.59,77,126,565
04/13/2017 06:21:46,154,10.9,282.710,379.97,3.59,76,124,565
04/13/2017 06:21:56,167,10.8,280.140,379.24,3.59,76,125,565
04/13/2017 06:22:06,166,10.9,277.510,379.06,3.60,75,125,565
04/13/2017 06:22:16,156,10.9,274.850,380.55,3.60,75,126,565
04/13/2017 06:22:26,156,10.9,272.180,379.50,3.60,76,125,564
04/13/2017 06:22:36,168,10.9,269.710,380.41,3.60,76,125,565
04/13/2017 06:22:46,152,10.9,266.960,380.44,3.60,76,124,564
04/13/2017 06:22:56,184,10.9,264.300,379.86,3.61,75,127,564
04/13/2017 06:23:06,159,10.9,261.670,380.55,3.61,78,182,565
04/13/2017 06:23:16,180,10.8,259.100,379.86,3.61,78,125,565
04/13/2017 06:23:26,163,10.8,256.460,380.35,3.61,77,125,565
04/13/2017 06:23:36,162,10.8,253.900,380.05,3.61,76,124,565
04/13/2017 06:23:46,161,10.8,251.360,380.71,3.61,78,125,564
04/13/2017 06:23:56,171,10.9,248.660,380.45,3.61,75,126,565
04/13/2017 06:24:06,178,10.9,246.020,380.86,3.61,79,125,565
04/13/2017 06:24:16,171,10.9,243.470,380.07,3.61,77,125,565
04/13/2017 06:24:26,161,10.9,240.820,380.17,3.61,79,124,565
04/13/2017 06:24:36,156,10.9,238.210,380.71,3.62,78,125,565
04/13/2017 06:24:46,174,10.8,235.580,380.62,3.62,77,125,565
04/13/2017 06:24:56,160,10.9,232.990,380.79,3.62,76,126,565
04/13/2017 06:25:06,178,10.9,230.370,380.93,3.61,78,126,565
04/13/2017 06:25:16,158,10.9,227.670,380.34,3.61,78,124,564
04/13/2017 06:25:26,166,10.9,225.090,380.34,3.61,78,126,565
04/13/2017 06:25:36,167,10.9,222.580,380.37,3.61,80,128,565
04/13/2017 06:25:46,176,10.8,219.920,381.12,3.61,79,125,565
04/13/2017 06:25:56,162,10.9,217.150,380.66,3.61,76,124,564
04/13/2017 06:26:06,173,10.8,214.540,381.55,3.61,77,125,565
04/13/2017 06:26:16,173,10.9,212.010,379.92,3.60,73,128,564
04/13/2017 06:26:26,160,10.9,209.370,380.88,3.60,77,127,565
04/13/2017 06:26:36,162,10.9,206.830,380.65,3.59,76,124,565
04/13/2017 06:26:46,174,10.9,204.210,380.41,3.60,74,124,564
04/13/2017 06:26:56,171,10.8,201.460,379.60,3.59,70,125,565
04/13/2017 06:27:06,172,10.9,198.940,379.62,3.59,70,153,565
04/13/2017 06:27:16,174,10.9,196.260,379.56,3.59,69,128,564
04/13/2017 06:27:26,167,10.9,193.750,379.17,3.59,65,124,565
04/13/2017 06:27:36,167,10.9,191.030,378.24,3.59,67,123,565
04/13/2017 06:27:46,165,10.9,188.430,379.14,3.59,64,125,565
04/13/2017 06:27:56,168,10.8,185.860,378.98,3.59,65,122,565
04/13/2017 06:28:06,172,10.8,183.220,378.53,3.59,66,124,565
04/13/2017 06:28:16,163,10.9,180.550,378.18,3.59,64,123,565
04/13/2017 06:28:26,236,10.9,179.780,378.42,3.59,68,125,565
04/13/2017 06:28:36,461,10.6,179.760,378.21,3.59,65,126,564
04/13/2017 06:28:46,436,10.5,179.750,379.06,3.59,66,127,565
04/13/2017 06:28:56,393,10.5,179.720,378.03,3.59,65,124,565
04/13/2017 06:29:06,416,10.6,179.670,379.29,3.59,66,124,565
04/13/2017 06:29:16,419,10.5,179.650,377.86,3.59,66,124,565
04/13/2017 06:29:26,391,10.5,179.670,378.15,3.59,66,124,565

 Ramp exit:    SMOOTH RUNNING
 Profile exit: TOP PRESSURE

 Vehicle motion stopped at 04/13/2017 06:29:30
 Sensor logging stopped at 04/13/2017 06:31:38
