
 Profile 325

 Sensors were turned on at  04/08/2017 04:00:02
 Vehicle began profiling at 04/08/2017 04:02:04

Date,[mA],[V],[dbar],Oxygen[uM],Optode Temp[C],Chl,NTU,Therm
04/08/2017 04:02:04,0,11.0,0.000,0.00,0.00,52,116,569
04/08/2017 04:02:14,159,10.8,0.000,0.00,0.00,54,115,569
04/08/2017 04:02:24,127,10.9,0.000,0.00,0.00,53,121,569
04/08/2017 04:02:37,214,10.7,2512.820,326.17,2.57,53,116,569
04/08/2017 04:02:48,103,11.0,2509.650,326.03,2.58,53,115,569
04/08/2017 04:02:58,113,11.0,2506.910,325.97,2.58,53,114,569
04/08/2017 04:03:08,114,11.0,2504.190,325.71,2.59,52,115,568
04/08/2017 04:03:18,104,11.0,2501.420,325.50,2.60,52,113,568
04/08/2017 04:03:28,108,10.9,2498.710,324.40,2.60,53,114,568
04/08/2017 04:03:38,108,10.9,2495.910,324.24,2.61,53,114,568
04/08/2017 04:03:48,100,11.0,2493.080,324.26,2.61,53,117,568
04/08/2017 04:03:58,107,10.9,2490.350,324.63,2.61,54,115,568
04/08/2017 04:04:08,109,10.9,2487.640,324.80,2.62,53,113,568
04/08/2017 04:04:18,109,10.9,2484.870,324.00,2.62,52,113,568
04/08/2017 04:04:28,101,10.9,2482.160,324.75,2.62,53,112,568
04/08/2017 04:04:38,97,10.9,2479.360,324.33,2.63,53,112,568
04/08/2017 04:04:48,115,10.9,2476.530,324.20,2.63,52,114,568
04/08/2017 04:04:58,100,10.9,2473.760,324.94,2.64,54,113,568
04/08/2017 04:05:08,94,10.9,2470.980,324.41,2.64,52,115,568
04/08/2017 04:05:18,99,10.9,2468.260,323.68,2.65,53,115,567
04/08/2017 04:05:28,104,10.9,2465.460,323.64,2.65,53,113,568
04/08/2017 04:05:38,112,10.9,2462.750,323.84,2.65,53,114,568
04/08/2017 04:05:48,102,10.9,2459.910,323.51,2.65,54,113,567
04/08/2017 04:05:58,111,10.9,2457.260,323.03,2.66,54,115,567
04/08/2017 04:06:08,105,10.9,2454.450,323.45,2.67,55,114,567
04/08/2017 04:06:18,98,10.9,2451.750,323.08,2.68,52,111,567
04/08/2017 04:06:28,107,10.9,2448.990,323.33,2.68,54,114,567
04/08/2017 04:06:38,95,10.9,2446.200,322.56,2.68,52,113,567
04/08/2017 04:06:48,106,10.9,2443.350,323.37,2.69,53,112,567
04/08/2017 04:06:58,105,10.9,2440.800,323.28,2.70,54,112,567
04/08/2017 04:07:08,99,10.9,2437.920,322.90,2.70,54,114,567
04/08/2017 04:07:18,98,10.9,2435.240,322.93,2.70,54,112,567
04/08/2017 04:07:28,107,10.9,2432.490,322.81,2.71,51,113,567
04/08/2017 04:07:38,98,10.9,2429.740,321.91,2.71,53,113,567
04/08/2017 04:07:48,105,10.9,2426.970,322.60,2.72,54,110,567
04/08/2017 04:07:58,105,10.9,2424.290,322.32,2.73,52,112,567
04/08/2017 04:08:08,98,10.9,2421.480,322.24,2.73,53,111,567
04/08/2017 04:08:18,109,10.9,2418.750,322.44,2.73,52,113,567
04/08/2017 04:08:28,105,10.8,2416.050,321.92,2.74,53,114,567
04/08/2017 04:08:38,106,10.9,2413.160,322.45,2.74,55,114,567
04/08/2017 04:08:48,105,10.8,2410.550,322.26,2.75,53,111,567
04/08/2017 04:08:58,102,10.8,2407.760,321.63,2.75,54,112,567
04/08/2017 04:09:08,101,10.9,2404.970,321.83,2.75,54,113,567
04/08/2017 04:09:18,98,10.9,2402.280,321.99,2.76,51,111,567
04/08/2017 04:09:28,108,10.9,2399.400,321.89,2.76,53,114,567
04/08/2017 04:09:38,94,10.9,2396.710,321.34,2.77,55,113,567
04/08/2017 04:09:48,114,10.9,2394.030,321.89,2.77,53,113,567
04/08/2017 04:09:58,106,10.9,2391.230,321.20,2.77,53,112,567
04/08/2017 04:10:08,104,10.9,2388.430,321.29,2.77,54,111,567
04/08/2017 04:10:18,118,10.8,2385.760,321.18,2.78,54,112,567
04/08/2017 04:10:28,114,10.8,2383.130,320.46,2.78,53,113,567
04/08/2017 04:10:38,101,10.9,2380.330,320.87,2.78,52,111,567
04/08/2017 04:10:48,106,10.8,2377.510,321.16,2.79,54,111,567
04/08/2017 04:10:58,123,10.8,2374.680,321.11,2.79,54,111,567
04/08/2017 04:11:08,115,10.8,2371.980,321.32,2.79,51,113,567
04/08/2017 04:11:18,111,10.9,2369.350,321.42,2.80,52,112,567
04/08/2017 04:11:28,100,10.9,2366.650,320.72,2.80,52,112,566
04/08/2017 04:11:38,108,10.8,2363.810,320.66,2.80,54,112,567
04/08/2017 04:11:48,97,10.9,2361.110,320.94,2.81,55,112,567
04/08/2017 04:11:58,91,10.9,2358.340,320.66,2.81,53,111,567
04/08/2017 04:12:08,101,10.9,2355.660,320.99,2.82,54,111,566
04/08/2017 04:12:18,103,10.9,2353.030,321.12,2.82,53,110,566
04/08/2017 04:12:28,103,10.9,2350.220,321.20,2.82,53,110,566
04/08/2017 04:12:38,96,10.9,2347.420,320.03,2.82,53,111,566
04/08/2017 04:12:48,114,10.9,2344.610,320.57,2.83,53,112,566
04/08/2017 04:12:58,117,10.9,2341.890,320.02,2.83,53,117,566
04/08/2017 04:13:08,104,10.9,2339.190,320.28,2.83,53,112,567
04/08/2017 04:13:18,109,10.9,2336.390,321.35,2.83,53,111,566
04/08/2017 04:13:28,106,10.8,2333.780,320.28,2.84,54,111,566
04/08/2017 04:13:38,110,10.9,2331.030,319.67,2.84,53,110,566
04/08/2017 04:13:48,104,10.9,2328.180,320.41,2.84,53,110,566
04/08/2017 04:13:58,106,10.9,2325.570,320.11,2.84,53,110,566
04/08/2017 04:14:08,108,10.9,2322.840,319.89,2.85,53,110,566
04/08/2017 04:14:18,109,10.9,2319.970,320.12,2.86,53,109,566
04/08/2017 04:14:28,107,10.9,2317.340,319.36,2.86,53,112,566
04/08/2017 04:14:38,104,10.8,2314.650,319.94,2.86,53,112,566
04/08/2017 04:14:48,97,10.9,2311.930,320.05,2.87,53,112,566
04/08/2017 04:14:58,101,10.9,2309.050,319.90,2.87,52,111,566
04/08/2017 04:15:08,110,10.9,2306.410,320.34,2.87,51,109,566
04/08/2017 04:15:18,111,10.9,2303.720,320.30,2.87,53,121,566
04/08/2017 04:15:28,100,10.9,2300.880,319.46,2.87,53,111,566
04/08/2017 04:15:38,112,10.8,2298.120,319.94,2.88,52,112,566
04/08/2017 04:15:48,111,10.8,2295.410,320.60,2.88,51,110,566
04/08/2017 04:15:58,110,10.8,2292.700,320.12,2.88,52,111,566
04/08/2017 04:16:08,100,10.9,2289.950,320.14,2.89,52,110,566
04/08/2017 04:16:18,105,10.9,2287.180,320.42,2.89,54,110,566
04/08/2017 04:16:28,112,10.9,2284.460,320.20,2.89,53,110,566
04/08/2017 04:16:38,110,10.9,2281.820,320.86,2.89,53,110,566
04/08/2017 04:16:48,107,10.9,2279.070,319.79,2.89,53,110,566
04/08/2017 04:16:58,108,10.9,2276.260,320.51,2.89,53,111,566
04/08/2017 04:17:08,108,10.9,2273.570,319.88,2.90,53,111,566
04/08/2017 04:17:18,105,10.9,2270.820,320.54,2.90,53,109,566
04/08/2017 04:17:28,107,10.9,2268.010,320.87,2.90,53,110,566
04/08/2017 04:17:38,108,10.9,2265.380,320.34,2.90,52,116,566
04/08/2017 04:17:48,122,10.9,2262.660,320.61,2.90,53,111,566
04/08/2017 04:17:58,108,10.9,2260.010,321.03,2.90,53,110,566
04/08/2017 04:18:08,105,10.8,2257.190,320.57,2.90,53,111,566
04/08/2017 04:18:18,113,10.9,2254.420,320.19,2.91,53,111,566
04/08/2017 04:18:28,131,10.8,2251.810,320.87,2.91,53,110,566
04/08/2017 04:18:38,105,10.9,2248.970,320.21,2.92,54,110,566
04/08/2017 04:18:48,111,10.9,2246.180,320.66,2.92,53,116,566
04/08/2017 04:18:58,121,10.8,2243.510,320.57,2.92,52,110,566
04/08/2017 04:19:08,110,10.9,2240.790,320.79,2.92,54,109,566
04/08/2017 04:19:18,109,10.9,2238.120,320.30,2.92,52,111,566
04/08/2017 04:19:28,99,10.9,2235.390,320.03,2.93,52,112,566
04/08/2017 04:19:38,118,10.9,2232.660,320.48,2.93,53,112,566
04/08/2017 04:19:48,104,10.9,2229.810,320.43,2.93,53,111,566
04/08/2017 04:19:58,101,10.9,2227.120,320.76,2.93,52,112,566
04/08/2017 04:20:08,119,10.9,2224.360,321.36,2.93,53,110,566
04/08/2017 04:20:18,108,10.9,2221.620,320.39,2.93,54,112,566
04/08/2017 04:20:28,109,10.9,2218.900,320.51,2.94,52,112,566
04/08/2017 04:20:38,103,10.9,2216.160,320.66,2.94,51,111,566
04/08/2017 04:20:48,110,10.9,2213.370,320.98,2.94,54,109,566
04/08/2017 04:20:58,110,10.9,2210.710,320.25,2.94,52,109,566
04/08/2017 04:21:08,91,10.9,2207.910,320.54,2.95,55,109,566
04/08/2017 04:21:18,103,10.9,2205.240,321.30,2.95,51,111,566
04/08/2017 04:21:28,117,10.8,2202.360,321.26,2.95,54,112,566
04/08/2017 04:21:38,90,10.9,2199.740,321.24,2.95,54,110,566
04/08/2017 04:21:48,99,10.9,2197.040,320.87,2.95,53,123,566
04/08/2017 04:21:58,110,10.9,2194.210,321.83,2.96,53,110,566
04/08/2017 04:22:08,97,10.9,2191.560,321.74,2.96,54,111,566
04/08/2017 04:22:18,105,10.9,2188.880,320.62,2.97,53,110,566
04/08/2017 04:22:28,106,10.9,2185.990,320.93,2.97,53,109,566
04/08/2017 04:22:38,120,10.9,2183.360,320.77,2.98,54,111,566
04/08/2017 04:22:48,100,10.9,2180.510,320.78,2.98,54,111,566
04/08/2017 04:22:58,112,10.9,2177.940,320.97,2.98,52,110,566
04/08/2017 04:23:08,104,10.9,2175.090,320.33,2.98,53,111,566
04/08/2017 04:23:18,116,10.9,2172.310,320.02,2.99,53,111,566
04/08/2017 04:23:28,92,10.9,2169.650,320.73,2.99,55,111,566
04/08/2017 04:23:38,111,10.9,2166.870,319.88,2.99,53,111,566
04/08/2017 04:23:48,99,10.9,2164.220,320.08,2.99,52,110,566
04/08/2017 04:23:58,84,10.9,2161.620,320.12,2.99,53,110,566
04/08/2017 04:24:08,104,10.9,2158.790,321.41,2.99,54,111,566
04/08/2017 04:24:18,98,10.9,2155.980,320.34,2.99,53,110,566
04/08/2017 04:24:28,89,10.9,2153.290,320.07,3.00,54,112,566
04/08/2017 04:24:38,112,10.9,2150.670,320.02,3.00,53,119,566
04/08/2017 04:24:48,99,10.9,2147.920,320.62,3.00,53,111,566
04/08/2017 04:24:58,108,10.9,2145.110,320.36,3.01,54,112,566
04/08/2017 04:25:08,107,10.9,2142.440,320.66,3.01,53,111,566
04/08/2017 04:25:18,101,10.9,2139.650,320.31,3.02,52,111,566
04/08/2017 04:25:28,106,10.9,2136.940,320.09,3.03,53,114,566
04/08/2017 04:25:38,124,10.9,2134.270,320.22,3.02,52,116,566
04/08/2017 04:25:48,96,10.9,2131.570,320.09,3.02,53,111,566
04/08/2017 04:25:58,112,10.9,2128.750,321.02,3.02,55,112,566
04/08/2017 04:26:08,111,10.9,2126.020,321.11,3.01,54,110,566
04/08/2017 04:26:18,120,10.9,2123.240,321.27,3.01,54,112,566
04/08/2017 04:26:28,121,10.9,2120.690,321.61,3.01,52,112,566
04/08/2017 04:26:38,124,10.9,2117.790,321.49,3.01,54,109,566
04/08/2017 04:26:48,95,10.9,2115.120,321.27,3.01,54,109,566
04/08/2017 04:26:58,120,10.9,2112.490,321.22,3.01,52,110,566
04/08/2017 04:27:08,113,10.9,2109.720,322.11,3.01,53,111,566
04/08/2017 04:27:18,107,10.9,2107.120,321.94,3.02,53,110,566
04/08/2017 04:27:28,119,10.9,2104.260,322.40,3.02,53,113,566
04/08/2017 04:27:38,123,10.9,2101.670,322.13,3.02,52,111,565
04/08/2017 04:27:48,112,10.9,2098.830,321.92,3.02,54,111,566
04/08/2017 04:27:58,106,10.9,2096.180,322.81,3.02,54,111,566
04/08/2017 04:28:08,110,10.9,2093.370,322.26,3.03,53,112,566
04/08/2017 04:28:18,116,10.9,2090.830,322.58,3.03,54,110,566
04/08/2017 04:28:28,112,10.9,2087.960,322.65,3.03,53,111,566
04/08/2017 04:28:38,122,10.9,2085.210,322.60,3.03,53,112,566
04/08/2017 04:28:48,120,10.9,2082.520,323.10,3.03,53,112,566
04/08/2017 04:28:58,99,10.9,2079.810,322.46,3.03,53,111,566
04/08/2017 04:29:08,107,10.9,2077.140,322.61,3.04,52,111,566
04/08/2017 04:29:18,113,10.9,2074.390,322.30,3.05,52,112,566
04/08/2017 04:29:28,94,10.9,2071.620,323.13,3.05,53,110,566
04/08/2017 04:29:38,118,10.9,2069.000,323.42,3.05,52,111,566
04/08/2017 04:29:48,112,10.9,2066.180,323.09,3.05,52,111,565
04/08/2017 04:29:58,117,10.9,2063.580,322.87,3.05,54,112,566
04/08/2017 04:30:08,112,10.9,2060.680,322.95,3.06,53,113,566
04/08/2017 04:30:18,115,10.9,2058.130,322.33,3.07,53,111,566
04/08/2017 04:30:28,115,10.9,2055.300,323.29,3.07,53,109,566
04/08/2017 04:30:38,107,10.9,2052.590,322.43,3.08,53,109,566
04/08/2017 04:30:48,108,10.8,2049.880,322.79,3.09,52,112,566
04/08/2017 04:30:58,119,10.9,2047.160,321.88,3.09,53,110,566
04/08/2017 04:31:08,104,10.9,2044.360,321.44,3.09,53,110,565
04/08/2017 04:31:18,116,10.9,2041.710,321.70,3.09,53,110,565
04/08/2017 04:31:28,115,10.9,2039.100,322.02,3.10,53,110,565
04/08/2017 04:31:38,106,10.9,2036.370,321.91,3.10,54,112,566
04/08/2017 04:31:48,109,10.9,2033.650,321.74,3.10,54,111,566
04/08/2017 04:31:58,122,10.8,2030.930,321.74,3.10,53,110,566
04/08/2017 04:32:08,102,10.9,2028.200,321.74,3.10,54,112,566
04/08/2017 04:32:18,120,10.9,2025.510,321.98,3.08,53,111,566
04/08/2017 04:32:28,122,10.9,2022.730,321.89,3.08,54,111,566
04/08/2017 04:32:38,118,10.9,2020.040,321.62,3.09,53,109,566
04/08/2017 04:32:48,90,10.9,2017.300,322.37,3.09,54,110,566
04/08/2017 04:32:58,112,10.9,2014.680,322.20,3.09,52,109,566
04/08/2017 04:33:08,104,10.9,2012.040,322.87,3.10,54,112,566
04/08/2017 04:33:18,105,10.9,2009.200,322.26,3.10,53,110,565
04/08/2017 04:33:28,113,10.9,2006.600,322.30,3.10,53,109,566
04/08/2017 04:33:38,113,10.9,2003.900,321.94,3.10,53,110,566
04/08/2017 04:33:48,110,10.9,2001.200,322.31,3.10,53,109,566
04/08/2017 04:33:58,124,10.8,1998.550,322.02,3.11,53,111,566
04/08/2017 04:34:08,105,10.9,1995.750,322.41,3.11,53,110,565
04/08/2017 04:34:18,116,10.9,1993.090,322.14,3.11,53,109,566
04/08/2017 04:34:28,120,10.9,1990.300,321.46,3.11,53,109,566
04/08/2017 04:34:38,111,10.9,1987.620,322.59,3.11,53,110,565
04/08/2017 04:34:48,101,10.9,1984.900,321.98,3.12,52,109,566
04/08/2017 04:34:58,112,10.9,1982.110,322.94,3.13,52,110,566
04/08/2017 04:35:08,112,10.9,1979.370,322.88,3.13,54,110,565
04/08/2017 04:35:18,95,10.9,1976.680,322.58,3.13,53,113,566
04/08/2017 04:35:28,106,10.9,1974.150,322.30,3.13,53,111,565
04/08/2017 04:35:38,104,10.9,1971.280,323.07,3.14,52,110,565
04/08/2017 04:35:48,98,10.9,1968.660,322.62,3.14,53,111,566
04/08/2017 04:35:58,90,10.9,1966.020,321.88,3.14,52,111,566
04/08/2017 04:36:08,116,10.9,1963.220,322.79,3.15,53,113,565
04/08/2017 04:36:18,134,10.9,1960.510,322.29,3.15,55,110,565
04/08/2017 04:36:28,111,10.9,1957.720,322.54,3.15,52,111,565
04/08/2017 04:36:38,113,10.9,1955.130,322.51,3.16,53,115,566
04/08/2017 04:36:48,117,10.9,1952.270,323.09,3.16,54,110,565
04/08/2017 04:36:58,120,10.9,1949.590,322.56,3.16,52,111,565
04/08/2017 04:37:08,127,10.9,1946.940,322.61,3.17,52,111,566
04/08/2017 04:37:18,121,10.9,1944.190,322.86,3.17,53,111,565
04/08/2017 04:37:28,130,10.8,1941.370,322.91,3.17,53,110,565
04/08/2017 04:37:38,121,10.9,1938.880,321.83,3.18,53,110,565
04/08/2017 04:37:48,94,10.9,1936.140,322.07,3.18,52,111,565
04/08/2017 04:37:58,131,10.8,1933.350,322.73,3.19,54,109,566
04/08/2017 04:38:08,115,10.8,1930.390,321.24,3.20,54,108,565
04/08/2017 04:38:18,102,10.9,1928.090,321.68,3.20,53,110,565
04/08/2017 04:38:28,114,10.9,1925.370,321.15,3.20,53,111,565
04/08/2017 04:38:38,110,10.9,1922.650,322.17,3.20,54,112,565
04/08/2017 04:38:48,119,10.9,1919.630,321.68,3.21,54,111,566
04/08/2017 04:38:58,112,10.9,1916.950,321.76,3.21,53,112,565
04/08/2017 04:39:08,113,10.9,1914.620,321.90,3.20,53,113,565
04/08/2017 04:39:18,122,10.9,1911.840,321.51,3.20,53,111,566
04/08/2017 04:39:28,122,10.9,1909.200,321.91,3.20,51,111,565
04/08/2017 04:39:38,119,10.9,1906.060,322.64,3.20,53,109,565
04/08/2017 04:39:48,116,10.9,1903.680,322.79,3.21,53,111,565
04/08/2017 04:39:58,122,10.9,1901.080,322.25,3.21,54,110,565
04/08/2017 04:40:08,119,10.9,1898.010,322.68,3.22,53,111,565
04/08/2017 04:40:18,113,10.9,1895.310,322.51,3.23,52,112,565
04/08/2017 04:40:28,120,10.9,1892.890,323.02,3.24,53,111,565
04/08/2017 04:40:38,106,10.9,1889.950,321.36,3.24,53,111,565
04/08/2017 04:40:48,113,10.9,1887.100,322.40,3.24,54,109,565
04/08/2017 04:40:58,107,10.9,1884.470,321.85,3.25,52,112,565
04/08/2017 04:41:08,119,10.9,1881.750,321.55,3.25,53,112,565
04/08/2017 04:41:18,123,10.9,1879.050,321.91,3.26,53,112,565
04/08/2017 04:41:28,119,10.9,1876.320,321.85,3.26,53,111,565
04/08/2017 04:41:38,107,10.9,1873.750,321.40,3.25,54,110,565
04/08/2017 04:41:48,99,10.9,1870.980,321.84,3.26,53,110,565
04/08/2017 04:41:58,115,10.9,1868.220,322.07,3.26,52,108,565
04/08/2017 04:42:08,109,10.9,1865.610,322.72,3.25,53,112,565
04/08/2017 04:42:18,109,10.9,1863.110,321.37,3.26,53,109,565
04/08/2017 04:42:28,120,10.9,1860.430,321.74,3.26,53,112,565
04/08/2017 04:42:38,100,10.9,1857.500,321.58,3.26,53,112,565
04/08/2017 04:42:48,133,10.9,1854.750,322.67,3.26,54,110,565
04/08/2017 04:42:58,94,10.9,1851.960,321.71,3.27,54,111,565
04/08/2017 04:43:08,105,10.9,1849.300,321.94,3.27,53,110,565
04/08/2017 04:43:18,95,10.9,1846.670,321.99,3.27,53,110,565
04/08/2017 04:43:28,111,10.9,1843.860,322.29,3.28,54,111,565
04/08/2017 04:43:38,111,10.9,1841.180,322.11,3.28,53,111,565
04/08/2017 04:43:48,113,10.9,1838.500,322.42,3.28,53,111,565
04/08/2017 04:43:58,124,10.9,1836.080,323.07,3.28,53,109,565
04/08/2017 04:44:08,108,10.9,1833.140,322.40,3.28,53,110,565
04/08/2017 04:44:18,106,10.9,1830.350,321.74,3.28,53,110,565
04/08/2017 04:44:28,122,10.9,1827.840,322.70,3.29,53,113,565
04/08/2017 04:44:38,117,10.9,1824.940,321.79,3.29,52,115,565
04/08/2017 04:44:48,109,10.9,1822.400,322.49,3.29,53,111,565
04/08/2017 04:44:58,115,10.9,1819.870,323.04,3.29,54,112,565
04/08/2017 04:45:08,103,10.9,1817.000,322.74,3.29,52,111,565
04/08/2017 04:45:18,105,10.9,1814.250,322.16,3.29,53,112,565
04/08/2017 04:45:28,81,10.9,1811.620,323.37,3.29,53,111,565
04/08/2017 04:45:38,119,10.9,1808.830,322.10,3.30,53,116,565
04/08/2017 04:45:48,105,10.9,1806.250,322.25,3.30,52,110,565
04/08/2017 04:45:58,89,10.9,1803.420,322.47,3.30,52,111,565
04/08/2017 04:46:08,119,10.9,1800.830,322.69,3.31,53,112,565
04/08/2017 04:46:18,93,10.9,1798.220,322.43,3.31,52,112,565
04/08/2017 04:46:28,106,10.9,1795.750,322.67,3.31,52,112,565
04/08/2017 04:46:38,106,10.9,1792.750,322.84,3.31,52,111,565
04/08/2017 04:46:48,98,10.9,1790.050,322.96,3.31,53,113,565
04/08/2017 04:46:58,90,10.9,1787.390,322.86,3.31,54,111,565
04/08/2017 04:47:08,105,10.9,1784.730,322.39,3.31,53,111,565
04/08/2017 04:47:18,108,10.9,1782.100,323.48,3.31,53,111,565
04/08/2017 04:47:28,126,10.9,1779.480,323.12,3.32,53,111,565
04/08/2017 04:47:38,114,10.8,1776.720,322.07,3.32,52,111,565
04/08/2017 04:47:48,112,10.9,1774.040,323.07,3.32,54,112,565
04/08/2017 04:47:58,98,10.9,1771.390,322.39,3.33,54,112,565
04/08/2017 04:48:08,114,10.9,1768.800,323.19,3.33,54,111,565
04/08/2017 04:48:18,95,10.9,1766.100,322.90,3.33,53,112,565
04/08/2017 04:48:28,124,10.9,1763.790,322.62,3.33,54,111,565
04/08/2017 04:48:38,97,10.9,1760.850,323.62,3.33,55,110,565
04/08/2017 04:48:48,107,10.9,1758.080,322.97,3.33,53,111,565
04/08/2017 04:48:58,119,10.9,1755.360,322.80,3.34,53,112,565
04/08/2017 04:49:08,81,10.9,1752.710,323.28,3.34,53,111,565
04/08/2017 04:49:18,106,10.9,1750.090,323.22,3.34,53,112,565
04/08/2017 04:49:28,100,10.9,1747.470,323.52,3.34,54,111,565
04/08/2017 04:49:38,107,10.9,1744.710,323.56,3.34,53,111,565
04/08/2017 04:49:48,115,10.9,1742.090,323.42,3.34,53,113,565
04/08/2017 04:49:58,107,10.9,1739.400,322.85,3.34,53,113,565
04/08/2017 04:50:08,92,10.9,1736.670,323.88,3.35,54,113,565
04/08/2017 04:50:18,94,10.9,1734.140,323.23,3.35,53,112,565
04/08/2017 04:50:28,128,10.9,1731.400,322.62,3.35,51,112,565
04/08/2017 04:50:38,118,10.9,1728.810,323.79,3.35,53,112,565
04/08/2017 04:50:48,126,10.9,1726.020,323.59,3.35,53,112,565
04/08/2017 04:50:58,103,10.9,1723.360,323.09,3.35,54,112,565
04/08/2017 04:51:08,115,10.9,1720.820,323.88,3.35,54,111,565
04/08/2017 04:51:18,90,10.9,1718.160,323.69,3.36,52,111,565
04/08/2017 04:51:28,86,10.9,1715.450,323.22,3.36,53,113,565
04/08/2017 04:51:38,76,10.9,1712.840,322.91,3.36,53,111,565
04/08/2017 04:51:48,100,10.9,1710.220,322.96,3.36,52,114,565
04/08/2017 04:51:58,105,10.9,1707.430,323.28,3.36,53,114,565
04/08/2017 04:52:08,119,10.9,1704.880,323.78,3.36,52,111,565
04/08/2017 04:52:18,115,10.9,1702.140,324.03,3.36,51,113,565
04/08/2017 04:52:28,97,10.9,1699.620,323.44,3.37,53,114,565
04/08/2017 04:52:38,78,10.9,1696.920,323.37,3.37,53,116,565
04/08/2017 04:52:48,93,10.9,1694.210,324.34,3.37,53,112,565
04/08/2017 04:52:58,82,10.9,1691.490,324.01,3.37,53,115,565
04/08/2017 04:53:08,109,10.9,1689.020,323.88,3.38,55,113,565
04/08/2017 04:53:18,116,10.9,1686.400,323.67,3.38,53,113,565
04/08/2017 04:53:28,96,10.9,1683.710,323.68,3.38,53,112,565
04/08/2017 04:53:38,97,10.9,1681.030,324.24,3.39,52,113,565
04/08/2017 04:53:48,103,10.9,1678.380,323.64,3.39,52,116,565
04/08/2017 04:53:58,110,10.9,1675.650,324.13,3.39,52,114,565
04/08/2017 04:54:08,123,10.9,1673.040,324.83,3.39,53,114,565
04/08/2017 04:54:18,122,10.9,1670.400,324.16,3.40,54,111,565
04/08/2017 04:54:28,107,10.9,1667.760,325.16,3.40,54,112,565
04/08/2017 04:54:38,103,10.9,1664.910,324.56,3.41,53,117,565
04/08/2017 04:54:48,134,10.9,1662.410,325.03,3.41,54,113,565
04/08/2017 04:54:58,110,10.9,1659.810,325.05,3.41,53,113,565
04/08/2017 04:55:08,111,10.9,1657.080,325.19,3.41,52,114,565
04/08/2017 04:55:18,102,10.9,1654.410,325.28,3.41,53,116,565
04/08/2017 04:55:28,105,10.9,1651.780,324.33,3.42,53,113,565
04/08/2017 04:55:38,100,10.9,1649.100,325.00,3.42,54,113,565
04/08/2017 04:55:48,109,10.9,1646.420,324.60,3.42,53,114,565
04/08/2017 04:55:58,128,10.9,1643.700,324.73,3.42,52,113,565
04/08/2017 04:56:08,123,10.9,1641.040,325.02,3.42,54,113,565
04/08/2017 04:56:18,120,10.9,1638.490,325.07,3.43,52,114,565
04/08/2017 04:56:28,108,10.9,1635.780,325.01,3.43,53,116,565
04/08/2017 04:56:38,91,10.9,1633.120,324.86,3.43,51,114,565
04/08/2017 04:56:48,98,10.9,1630.600,324.24,3.43,54,117,565
04/08/2017 04:56:58,117,10.9,1627.770,324.87,3.44,53,113,565
04/08/2017 04:57:08,110,10.9,1625.180,324.65,3.44,54,114,565
04/08/2017 04:57:18,110,10.9,1622.500,324.87,3.44,52,114,565
04/08/2017 04:57:28,99,10.9,1619.940,324.83,3.44,54,112,565
04/08/2017 04:57:38,122,10.9,1617.240,324.76,3.44,53,112,565
04/08/2017 04:57:48,134,10.9,1614.690,324.48,3.45,53,114,565
04/08/2017 04:57:58,113,10.9,1611.960,324.89,3.45,52,113,565
04/08/2017 04:58:08,108,10.9,1609.350,324.25,3.46,53,113,565
04/08/2017 04:58:18,105,10.9,1606.620,325.25,3.46,53,113,565
04/08/2017 04:58:28,131,10.8,1603.930,325.33,3.46,52,113,565
04/08/2017 04:58:38,117,10.9,1601.420,325.08,3.46,52,113,565
04/08/2017 04:58:48,112,10.9,1598.620,324.44,3.47,52,111,565
04/08/2017 04:58:58,139,10.8,1595.940,325.08,3.47,52,114,565
04/08/2017 04:59:08,115,10.9,1593.260,324.50,3.47,54,120,565
04/08/2017 04:59:18,114,10.9,1590.560,325.06,3.47,52,112,565
04/08/2017 04:59:28,135,10.8,1587.930,324.56,3.48,53,113,565
04/08/2017 04:59:38,110,10.9,1585.190,324.98,3.48,53,113,565
04/08/2017 04:59:48,98,10.9,1582.550,325.66,3.49,54,113,565
04/08/2017 04:59:58,149,10.9,1579.870,324.85,3.49,53,114,565
04/08/2017 05:00:08,105,10.9,1577.120,325.40,3.49,54,114,565
04/08/2017 05:00:18,117,10.9,1574.470,325.58,3.50,53,112,565
04/08/2017 05:00:28,125,10.9,1571.810,325.11,3.50,53,114,565
04/08/2017 05:00:38,104,10.9,1569.000,325.26,3.50,53,114,565
04/08/2017 05:00:48,120,10.9,1566.350,326.19,3.50,52,114,565
04/08/2017 05:00:58,104,10.9,1563.660,325.85,3.50,53,114,565
04/08/2017 05:01:08,131,10.9,1561.110,326.18,3.51,53,114,565
04/08/2017 05:01:18,130,10.9,1558.350,325.87,3.51,52,114,565
04/08/2017 05:01:28,108,10.9,1555.630,325.52,3.51,53,116,565
04/08/2017 05:01:38,134,10.8,1552.960,326.55,3.51,53,114,565
04/08/2017 05:01:48,118,10.9,1550.300,325.83,3.51,52,115,565
04/08/2017 05:01:58,109,10.9,1547.630,325.67,3.51,53,114,565
04/08/2017 05:02:08,115,10.9,1544.900,326.45,3.52,53,114,565
04/08/2017 05:02:18,114,10.9,1542.210,326.20,3.52,52,114,565
04/08/2017 05:02:28,130,10.9,1539.580,326.02,3.52,53,115,565
04/08/2017 05:02:38,130,10.9,1536.900,326.45,3.53,54,113,565
04/08/2017 05:02:48,126,10.9,1534.210,325.68,3.53,52,114,565
04/08/2017 05:02:58,108,10.9,1531.540,325.96,3.53,52,114,565
04/08/2017 05:03:08,139,10.9,1528.870,325.67,3.53,54,114,565
04/08/2017 05:03:18,109,10.9,1526.200,325.37,3.53,52,115,565
04/08/2017 05:03:28,110,10.9,1523.440,325.79,3.53,53,114,565
04/08/2017 05:03:38,124,10.9,1520.720,324.98,3.53,53,113,565
04/08/2017 05:03:48,131,10.9,1518.040,325.32,3.54,52,114,565
04/08/2017 05:03:58,111,10.9,1515.210,325.47,3.54,53,112,565
04/08/2017 05:04:08,112,10.9,1512.600,326.00,3.54,52,114,565
04/08/2017 05:04:18,132,10.9,1509.880,326.48,3.54,53,114,565
04/08/2017 05:04:28,130,10.9,1507.150,325.46,3.54,52,114,565
04/08/2017 05:04:38,90,10.9,1504.640,325.83,3.55,53,113,565
04/08/2017 05:04:48,103,10.9,1501.810,325.31,3.55,52,113,565
04/08/2017 05:04:58,141,10.9,1499.100,325.98,3.55,54,114,565
04/08/2017 05:05:08,117,10.9,1496.450,325.70,3.55,53,115,565
04/08/2017 05:05:18,115,10.9,1493.850,326.00,3.55,54,113,565
04/08/2017 05:05:28,135,10.9,1491.050,326.31,3.56,53,116,565
04/08/2017 05:05:38,112,10.9,1488.370,326.22,3.56,53,113,565
04/08/2017 05:05:48,104,10.9,1485.730,326.50,3.56,53,113,565
04/08/2017 05:05:58,127,10.9,1482.920,326.25,3.56,53,121,565
04/08/2017 05:06:08,116,10.9,1480.390,325.42,3.56,54,113,565
04/08/2017 05:06:18,113,10.9,1477.620,326.45,3.57,53,114,565
04/08/2017 05:06:28,153,10.9,1474.830,326.55,3.57,52,113,565
04/08/2017 05:06:38,111,10.9,1472.240,325.53,3.57,52,114,565
04/08/2017 05:06:48,105,10.9,1469.510,325.73,3.57,54,114,565
04/08/2017 05:06:58,161,10.9,1466.780,326.68,3.57,53,113,565
04/08/2017 05:07:08,100,10.9,1464.140,326.09,3.57,52,115,565
04/08/2017 05:07:18,120,10.9,1461.430,326.81,3.57,53,113,565
04/08/2017 05:07:28,138,10.9,1458.720,326.34,3.57,52,112,565
04/08/2017 05:07:38,101,10.9,1456.030,326.98,3.57,54,114,565
04/08/2017 05:07:48,134,10.9,1453.370,326.40,3.57,54,115,565
04/08/2017 05:07:58,125,10.9,1450.700,327.29,3.57,53,116,565
04/08/2017 05:08:08,121,10.9,1447.990,327.73,3.57,52,114,565
04/08/2017 05:08:18,102,10.9,1445.310,327.63,3.57,54,116,565
04/08/2017 05:08:28,107,10.9,1442.580,327.85,3.57,53,114,565
04/08/2017 05:08:38,150,10.8,1439.890,328.12,3.57,53,113,565
04/08/2017 05:08:48,113,10.9,1437.330,328.59,3.57,52,113,565
04/08/2017 05:08:58,119,10.9,1434.570,327.99,3.57,52,114,565
04/08/2017 05:09:08,110,10.9,1431.870,329.14,3.57,53,113,565
04/08/2017 05:09:18,110,10.9,1429.230,328.73,3.57,53,113,565
04/08/2017 05:09:28,124,10.9,1426.460,329.17,3.57,53,113,565
04/08/2017 05:09:38,113,10.9,1423.750,329.15,3.57,53,113,565
04/08/2017 05:09:48,142,10.9,1421.170,329.32,3.57,53,113,565
04/08/2017 05:09:58,88,10.9,1418.430,328.47,3.57,53,114,565
04/08/2017 05:10:08,125,10.9,1415.800,329.40,3.57,54,114,565
04/08/2017 05:10:18,151,10.8,1413.080,329.76,3.57,53,114,565
04/08/2017 05:10:28,70,10.9,1410.330,329.54,3.57,52,113,565
04/08/2017 05:10:38,129,10.9,1407.590,330.41,3.57,52,112,565
04/08/2017 05:10:48,150,10.8,1405.000,330.04,3.57,53,113,565
04/08/2017 05:10:58,104,10.9,1402.280,330.72,3.57,53,113,565
04/08/2017 05:11:08,135,10.9,1399.510,331.75,3.56,53,113,565
04/08/2017 05:11:18,119,10.9,1396.860,330.86,3.56,52,114,565
04/08/2017 05:11:28,134,10.9,1394.200,331.61,3.56,53,113,565
04/08/2017 05:11:38,114,10.9,1391.590,331.45,3.56,53,114,565
04/08/2017 05:11:48,110,10.9,1388.720,331.19,3.55,53,113,565
04/08/2017 05:11:58,140,10.9,1386.210,332.53,3.55,53,113,565
04/08/2017 05:12:08,107,10.9,1383.410,332.38,3.55,53,114,565
04/08/2017 05:12:18,127,10.9,1380.870,333.04,3.55,53,114,565
04/08/2017 05:12:28,133,10.9,1378.090,333.69,3.54,54,113,565
04/08/2017 05:12:38,106,10.9,1375.330,332.67,3.54,53,115,565
04/08/2017 05:12:48,112,10.9,1372.730,333.07,3.54,52,113,565
04/08/2017 05:12:58,134,10.9,1369.940,334.04,3.54,52,114,565
04/08/2017 05:13:08,149,10.9,1367.400,334.18,3.53,52,114,565
04/08/2017 05:13:18,117,10.9,1364.560,334.19,3.53,54,114,565
04/08/2017 05:13:28,108,10.9,1361.950,334.04,3.53,53,114,565
04/08/2017 05:13:38,114,10.9,1359.310,335.15,3.53,53,114,565
04/08/2017 05:13:48,135,10.9,1356.640,334.89,3.53,52,118,565
04/08/2017 05:13:58,106,10.9,1353.830,335.68,3.53,54,114,565
04/08/2017 05:14:08,132,10.9,1351.190,336.74,3.52,52,113,565
04/08/2017 05:14:18,123,10.9,1348.510,336.00,3.52,52,112,565
04/08/2017 05:14:28,105,10.9,1345.870,336.55,3.51,52,113,565
04/08/2017 05:14:38,132,10.8,1343.160,337.79,3.51,52,112,565
04/08/2017 05:14:48,114,10.9,1340.560,337.26,3.51,52,111,565
04/08/2017 05:14:58,95,10.9,1337.820,337.13,3.50,52,112,565
04/08/2017 05:15:08,132,10.9,1335.110,339.03,3.49,53,113,565
04/08/2017 05:15:18,111,10.9,1332.500,339.19,3.49,54,114,565
04/08/2017 05:15:28,107,10.9,1329.740,339.55,3.49,51,120,565
04/08/2017 05:15:38,146,10.9,1327.040,340.22,3.48,53,114,565
04/08/2017 05:15:48,116,10.9,1324.410,340.71,3.48,52,114,564
04/08/2017 05:15:58,99,10.9,1321.540,340.86,3.48,51,113,565
04/08/2017 05:16:08,130,10.9,1319.040,340.87,3.47,53,114,565
04/08/2017 05:16:18,112,10.9,1316.340,341.56,3.47,52,114,565
04/08/2017 05:16:28,124,10.9,1313.660,341.20,3.46,53,112,565
04/08/2017 05:16:38,137,10.8,1310.840,342.42,3.46,51,112,565
04/08/2017 05:16:48,122,10.9,1308.270,342.16,3.46,52,114,565
04/08/2017 05:16:58,113,10.9,1305.540,342.31,3.46,53,112,565
04/08/2017 05:17:08,131,10.9,1302.890,343.55,3.45,53,113,565
04/08/2017 05:17:18,107,10.9,1300.220,343.03,3.45,52,113,565
04/08/2017 05:17:28,145,10.9,1297.570,343.37,3.44,52,114,565
04/08/2017 05:17:38,122,10.9,1294.830,344.70,3.44,52,113,565
04/08/2017 05:17:48,98,10.9,1292.050,344.44,3.43,52,114,565
04/08/2017 05:17:58,137,10.9,1289.400,345.09,3.43,51,113,565
04/08/2017 05:18:08,147,10.9,1286.810,345.42,3.42,53,113,565
04/08/2017 05:18:18,121,10.9,1284.090,346.21,3.42,51,113,565
04/08/2017 05:18:28,109,10.9,1281.420,345.21,3.41,53,114,565
04/08/2017 05:18:38,116,10.9,1278.680,345.99,3.41,52,113,565
04/08/2017 05:18:48,144,10.9,1275.930,346.78,3.40,53,112,565
04/08/2017 05:18:58,127,10.9,1273.400,347.67,3.40,51,113,565
04/08/2017 05:19:08,130,10.9,1270.630,347.78,3.40,52,113,565
04/08/2017 05:19:18,124,10.9,1267.930,347.34,3.40,53,113,565
04/08/2017 05:19:28,118,10.9,1265.340,347.67,3.39,52,114,565
04/08/2017 05:19:38,143,10.9,1262.530,349.03,3.37,53,113,565
04/08/2017 05:19:48,114,10.9,1260.020,349.44,3.37,53,113,565
04/08/2017 05:19:58,124,10.9,1257.190,349.77,3.37,52,115,565
04/08/2017 05:20:08,146,10.9,1254.470,349.65,3.36,54,114,565
04/08/2017 05:20:18,104,10.9,1251.960,350.02,3.36,52,114,565
04/08/2017 05:20:28,111,10.9,1249.290,351.18,3.36,52,112,565
04/08/2017 05:20:38,144,10.9,1246.540,350.29,3.36,52,112,565
04/08/2017 05:20:48,128,10.9,1243.910,350.03,3.36,53,113,565
04/08/2017 05:20:58,144,10.9,1241.260,350.86,3.36,52,112,565
04/08/2017 05:21:08,104,10.9,1238.530,350.83,3.36,51,114,565
04/08/2017 05:21:18,120,10.9,1235.840,350.89,3.36,51,113,565
04/08/2017 05:21:28,146,10.8,1233.230,351.22,3.36,53,114,565
04/08/2017 05:21:38,112,10.9,1230.630,351.18,3.36,50,114,565
04/08/2017 05:21:48,119,10.9,1227.890,352.18,3.36,52,112,565
04/08/2017 05:21:58,147,10.9,1225.240,352.59,3.35,53,112,565
04/08/2017 05:22:08,123,10.9,1222.570,352.26,3.35,51,113,565
04/08/2017 05:22:18,126,10.9,1219.780,352.52,3.35,51,113,565
04/08/2017 05:22:28,157,10.9,1217.200,352.48,3.35,52,113,565
04/08/2017 05:22:38,129,10.9,1214.450,352.57,3.35,53,114,565
04/08/2017 05:22:48,113,10.9,1211.850,352.36,3.35,52,114,565
04/08/2017 05:22:58,137,10.9,1209.160,352.99,3.34,52,116,565
04/08/2017 05:23:08,122,10.9,1206.420,353.51,3.34,51,114,565
04/08/2017 05:23:18,119,10.9,1203.870,353.86,3.34,51,113,565
04/08/2017 05:23:28,144,10.9,1201.160,352.85,3.34,52,114,565
04/08/2017 05:23:38,114,10.9,1198.510,353.68,3.34,51,114,565
04/08/2017 05:23:48,108,10.9,1195.830,353.49,3.34,52,113,565
04/08/2017 05:23:58,132,10.9,1193.150,354.08,3.34,51,114,565
04/08/2017 05:24:08,189,10.8,1190.480,353.65,3.34,52,113,565
04/08/2017 05:24:18,107,10.9,1187.860,354.02,3.33,54,114,565
04/08/2017 05:24:28,118,10.9,1185.060,354.29,3.33,52,113,565
04/08/2017 05:24:38,129,10.9,1182.420,354.87,3.33,52,114,565
04/08/2017 05:24:48,121,10.9,1179.750,355.24,3.33,52,114,565
04/08/2017 05:24:58,127,10.9,1177.040,354.74,3.33,52,114,565
04/08/2017 05:25:08,150,10.9,1174.370,355.45,3.33,52,113,565
04/08/2017 05:25:18,127,10.9,1171.830,354.83,3.33,52,113,565
04/08/2017 05:25:28,132,10.9,1169.040,355.43,3.33,53,114,565
04/08/2017 05:25:38,134,10.9,1166.350,354.60,3.33,53,113,565
04/08/2017 05:25:48,101,10.9,1163.750,356.22,3.33,53,114,565
04/08/2017 05:25:58,148,10.9,1161.120,356.20,3.33,52,114,565
04/08/2017 05:26:08,137,10.9,1158.490,355.65,3.33,52,114,565
04/08/2017 05:26:18,136,10.9,1155.680,355.21,3.33,54,113,565
04/08/2017 05:26:28,154,10.9,1153.130,356.20,3.33,51,113,565
04/08/2017 05:26:38,114,10.9,1150.430,356.09,3.33,53,113,565
04/08/2017 05:26:48,126,10.9,1147.760,355.89,3.33,51,115,565
04/08/2017 05:26:58,129,10.8,1145.160,355.73,3.33,51,114,565
04/08/2017 05:27:08,121,10.9,1142.430,355.40,3.33,52,117,565
04/08/2017 05:27:18,116,10.9,1139.780,355.15,3.33,53,115,565
04/08/2017 05:27:28,148,10.9,1137.060,356.24,3.33,53,114,565
04/08/2017 05:27:38,129,10.9,1134.550,355.93,3.33,52,113,565
04/08/2017 05:27:48,135,10.9,1131.720,356.01,3.33,52,112,565
04/08/2017 05:27:58,148,10.8,1129.130,356.59,3.33,53,114,565
04/08/2017 05:28:08,111,10.9,1126.510,355.40,3.33,51,114,565
04/08/2017 05:28:18,138,10.9,1123.720,357.00,3.33,50,113,565
04/08/2017 05:28:28,138,10.9,1121.120,356.62,3.33,52,112,565
04/08/2017 05:28:38,113,10.9,1118.510,356.15,3.33,52,113,565
04/08/2017 05:28:48,159,10.8,1115.760,356.92,3.33,54,114,565
04/08/2017 05:28:58,116,10.9,1113.060,355.19,3.33,52,112,565
04/08/2017 05:29:08,125,10.9,1110.560,355.85,3.33,52,114,565
04/08/2017 05:29:18,134,10.9,1107.800,356.09,3.33,52,112,565
04/08/2017 05:29:28,144,10.8,1105.070,355.87,3.33,53,113,565
04/08/2017 05:29:38,146,10.9,1102.430,355.89,3.33,51,115,565
04/08/2017 05:29:48,122,10.9,1099.780,356.97,3.33,53,112,565
04/08/2017 05:29:58,138,10.9,1097.110,356.75,3.33,52,116,565
04/08/2017 05:30:08,134,10.9,1094.500,356.35,3.33,52,113,565
04/08/2017 05:30:18,116,10.9,1091.890,355.78,3.33,52,115,565
04/08/2017 05:30:28,139,10.8,1089.260,356.34,3.33,51,114,565
04/08/2017 05:30:38,157,10.9,1086.510,357.01,3.33,52,112,565
04/08/2017 05:30:48,123,10.9,1083.990,357.18,3.33,52,113,565
04/08/2017 05:30:58,135,10.9,1081.240,357.10,3.33,51,115,565
04/08/2017 05:31:08,166,10.9,1078.530,356.85,3.33,52,114,565
04/08/2017 05:31:18,129,10.9,1075.940,357.57,3.33,52,114,565
04/08/2017 05:31:28,153,10.9,1073.290,356.68,3.33,51,114,565
04/08/2017 05:31:38,125,10.9,1070.560,356.59,3.33,51,115,565
04/08/2017 05:31:48,124,10.9,1068.010,357.07,3.33,52,114,565
04/08/2017 05:31:58,162,10.9,1065.300,356.95,3.33,52,113,565
04/08/2017 05:32:08,137,10.9,1062.610,357.19,3.33,52,112,565
04/08/2017 05:32:18,134,10.9,1060.030,357.29,3.33,51,115,565
04/08/2017 05:32:28,143,10.9,1057.290,356.78,3.33,51,115,565
04/08/2017 05:32:38,156,10.9,1054.630,357.49,3.33,51,115,565
04/08/2017 05:32:48,144,10.9,1052.020,357.73,3.33,52,115,565
04/08/2017 05:32:58,130,10.9,1049.400,357.63,3.33,51,117,565
04/08/2017 05:33:08,139,10.9,1046.650,356.95,3.33,53,114,565
04/08/2017 05:33:18,146,10.9,1043.990,357.55,3.33,53,114,565
04/08/2017 05:33:28,125,10.9,1041.320,358.12,3.33,52,116,565
04/08/2017 05:33:38,151,10.9,1038.590,357.38,3.33,52,114,565
04/08/2017 05:33:48,136,10.9,1036.100,357.84,3.33,52,114,565
04/08/2017 05:33:58,139,10.9,1033.390,356.56,3.33,51,118,565
04/08/2017 05:34:08,145,10.8,1030.800,357.71,3.33,51,116,565
04/08/2017 05:34:18,115,10.9,1028.050,358.61,3.33,52,113,565
04/08/2017 05:34:28,140,10.9,1025.500,357.60,3.33,51,118,565
04/08/2017 05:34:38,153,10.8,1022.750,358.36,3.33,52,114,565
04/08/2017 05:34:48,121,10.9,1020.070,357.94,3.33,52,114,565
04/08/2017 05:34:58,128,10.9,1017.530,357.81,3.33,53,113,565
04/08/2017 05:35:08,145,10.9,1014.760,358.57,3.33,51,113,565
04/08/2017 05:35:18,141,10.9,1012.270,357.66,3.34,52,115,565
04/08/2017 05:35:28,130,10.9,1009.590,358.24,3.34,53,114,565
04/08/2017 05:35:38,139,10.9,1006.980,357.88,3.34,52,114,565
04/08/2017 05:35:48,182,10.8,1004.230,358.66,3.34,51,114,565
04/08/2017 05:35:58,130,10.9,1001.580,358.84,3.34,52,115,565
04/08/2017 05:36:08,139,10.9,998.940,357.73,3.34,52,114,565
04/08/2017 05:36:18,126,10.9,996.310,357.93,3.34,52,115,565
04/08/2017 05:36:28,171,10.8,993.660,358.03,3.34,51,115,565
04/08/2017 05:36:38,146,10.9,990.930,357.46,3.34,52,115,565
04/08/2017 05:36:48,131,10.9,988.330,358.03,3.34,52,115,565
04/08/2017 05:36:58,156,10.9,985.710,358.47,3.34,53,116,565
04/08/2017 05:37:08,138,10.9,983.040,357.32,3.34,52,114,565
04/08/2017 05:37:18,166,10.8,980.480,357.94,3.34,53,114,565
04/08/2017 05:37:28,132,10.9,977.930,358.04,3.34,52,115,565
04/08/2017 05:37:38,123,10.9,975.100,358.40,3.34,51,115,565
04/08/2017 05:37:48,155,10.8,972.510,357.70,3.34,52,114,565
04/08/2017 05:37:58,134,10.9,969.910,358.42,3.34,52,114,565
04/08/2017 05:38:08,173,10.8,967.170,357.94,3.35,50,115,565
04/08/2017 05:38:18,155,10.9,964.530,357.77,3.35,54,115,565
04/08/2017 05:38:28,121,10.9,961.970,358.81,3.35,54,116,565
04/08/2017 05:38:38,133,10.9,959.340,358.99,3.35,52,115,565
04/08/2017 05:38:48,164,10.9,956.550,357.33,3.35,51,115,565
04/08/2017 05:38:58,163,10.9,953.940,357.77,3.35,53,114,565
04/08/2017 05:39:08,132,10.9,951.390,358.69,3.35,53,116,565
04/08/2017 05:39:18,142,10.9,948.720,358.68,3.34,52,116,565
04/08/2017 05:39:28,153,10.8,946.100,359.81,3.34,53,116,565
04/08/2017 05:39:38,122,10.9,943.450,359.80,3.34,54,116,565
04/08/2017 05:39:48,135,10.9,940.820,359.70,3.34,52,115,565
04/08/2017 05:39:58,164,10.9,938.110,359.88,3.34,53,116,565
04/08/2017 05:40:08,165,10.9,935.480,359.98,3.34,51,116,565
04/08/2017 05:40:18,125,10.9,932.810,358.88,3.34,53,116,565
04/08/2017 05:40:28,144,10.9,930.230,359.28,3.34,53,117,565
04/08/2017 05:40:38,185,10.8,927.470,359.59,3.34,52,114,565
04/08/2017 05:40:48,112,10.9,924.990,359.11,3.34,52,116,565
04/08/2017 05:40:58,146,10.8,922.130,359.50,3.35,53,117,565
04/08/2017 05:41:08,153,10.9,919.610,359.70,3.35,51,114,565
04/08/2017 05:41:18,109,10.9,917.120,359.43,3.35,52,118,565
04/08/2017 05:41:28,154,10.8,914.260,358.98,3.35,51,115,565
04/08/2017 05:41:38,126,10.9,911.630,360.63,3.35,53,115,565
04/08/2017 05:41:48,166,10.9,909.060,358.84,3.36,53,115,565
04/08/2017 05:41:58,152,10.8,906.440,359.83,3.36,52,113,565
04/08/2017 05:42:08,134,10.9,903.740,359.22,3.36,52,116,565
04/08/2017 05:42:18,154,10.9,901.050,359.21,3.37,53,114,565
04/08/2017 05:42:28,145,10.9,898.530,358.93,3.37,50,115,565
04/08/2017 05:42:38,184,10.8,895.710,358.30,3.37,53,116,565
04/08/2017 05:42:48,138,10.8,893.290,359.12,3.37,53,116,565
04/08/2017 05:42:58,131,10.9,890.540,359.45,3.37,52,116,565
04/08/2017 05:43:08,175,10.8,887.810,359.65,3.37,53,117,565
04/08/2017 05:43:18,135,10.9,885.310,359.05,3.37,51,116,565
04/08/2017 05:43:28,153,10.9,882.660,360.22,3.37,52,117,565
04/08/2017 05:43:38,201,10.8,879.920,359.97,3.37,53,117,565
04/08/2017 05:43:48,130,10.9,877.320,359.66,3.37,52,115,565
04/08/2017 05:43:58,132,10.9,874.730,359.31,3.37,53,116,565
04/08/2017 05:44:08,164,10.8,872.110,359.42,3.37,53,114,565
04/08/2017 05:44:18,140,10.9,869.490,359.74,3.37,51,116,565
04/08/2017 05:44:28,138,10.9,866.790,359.36,3.37,51,128,565
04/08/2017 05:44:38,164,10.8,864.080,359.84,3.37,52,115,565
04/08/2017 05:44:48,115,10.9,861.500,359.54,3.37,51,115,565
04/08/2017 05:44:58,147,10.9,858.880,358.92,3.37,52,115,565
04/08/2017 05:45:08,133,10.9,856.290,360.33,3.37,51,115,565
04/08/2017 05:45:18,207,10.8,853.500,360.50,3.37,52,117,565
04/08/2017 05:45:28,174,10.8,850.930,358.71,3.37,52,116,565
04/08/2017 05:45:38,81,10.9,848.400,360.58,3.37,51,115,565
04/08/2017 05:45:48,158,10.9,845.650,359.81,3.37,52,115,565
04/08/2017 05:45:58,174,10.8,843.010,359.84,3.37,52,115,565
04/08/2017 05:46:08,131,10.8,840.440,359.57,3.37,51,115,565
04/08/2017 05:46:18,169,10.8,837.730,359.70,3.37,51,116,565
04/08/2017 05:46:28,152,10.9,835.090,360.35,3.38,52,116,565
04/08/2017 05:46:38,166,10.8,832.440,360.83,3.38,53,116,565
04/08/2017 05:46:48,147,10.9,829.930,359.99,3.38,52,116,565
04/08/2017 05:46:58,148,10.9,827.140,360.70,3.38,51,116,565
04/08/2017 05:47:08,160,10.8,824.550,360.16,3.38,52,116,565
04/08/2017 05:47:18,141,10.9,821.950,360.64,3.38,52,116,565
04/08/2017 05:47:28,157,10.8,819.330,360.95,3.38,52,115,565
04/08/2017 05:47:38,161,10.9,816.630,360.70,3.38,52,117,565
04/08/2017 05:47:48,140,10.9,813.950,360.11,3.38,52,114,565
04/08/2017 05:47:58,132,10.9,811.340,360.20,3.38,52,120,565
04/08/2017 05:48:08,156,10.9,808.680,360.29,3.38,52,115,565
04/08/2017 05:48:18,165,10.8,806.160,359.69,3.38,51,116,565
04/08/2017 05:48:28,131,10.9,803.430,359.86,3.39,53,116,565
04/08/2017 05:48:38,160,10.9,800.730,360.32,3.39,51,117,565
04/08/2017 05:48:48,148,10.9,798.160,360.31,3.39,52,118,565
04/08/2017 05:48:58,154,10.8,795.460,360.64,3.39,50,115,565
04/08/2017 05:49:08,150,10.9,792.950,360.51,3.38,54,115,565
04/08/2017 05:49:18,176,10.9,790.240,359.95,3.38,53,118,565
04/08/2017 05:49:28,135,10.9,787.660,359.93,3.39,53,117,565
04/08/2017 05:49:38,145,10.8,784.860,360.88,3.39,52,119,565
04/08/2017 05:49:48,151,10.8,782.340,360.96,3.39,51,115,565
04/08/2017 05:49:58,120,10.9,779.730,360.97,3.39,52,129,565
04/08/2017 05:50:08,146,10.9,777.070,360.44,3.39,52,115,565
04/08/2017 05:50:18,178,10.9,774.300,360.33,3.39,53,115,565
04/08/2017 05:50:28,146,10.8,771.680,360.04,3.39,52,115,565
04/08/2017 05:50:38,119,10.9,769.070,360.69,3.39,52,116,565
04/08/2017 05:50:48,154,10.9,766.460,360.90,3.39,52,116,565
04/08/2017 05:50:58,159,10.9,763.740,361.18,3.39,51,116,565
04/08/2017 05:51:08,148,10.9,761.100,361.23,3.39,52,116,565
04/08/2017 05:51:18,181,10.8,758.510,360.35,3.40,50,114,565
04/08/2017 05:51:28,136,10.9,755.890,360.69,3.40,52,116,565
04/08/2017 05:51:38,154,10.9,753.320,359.92,3.40,52,114,565
04/08/2017 05:51:48,136,10.9,750.710,361.52,3.40,52,116,565
04/08/2017 05:51:58,140,10.8,748.060,361.79,3.40,53,116,565
04/08/2017 05:52:08,161,10.9,745.400,360.90,3.40,53,118,565
04/08/2017 05:52:18,149,10.9,742.710,361.32,3.40,53,115,565
04/08/2017 05:52:28,176,10.8,740.050,361.37,3.40,53,117,565
04/08/2017 05:52:38,127,10.9,737.460,360.99,3.40,52,117,565
04/08/2017 05:52:48,152,10.8,734.790,361.83,3.41,53,118,565
04/08/2017 05:52:58,176,10.9,732.250,361.19,3.41,53,117,565
04/08/2017 05:53:08,122,10.8,729.540,360.87,3.41,54,119,565
04/08/2017 05:53:18,151,10.9,726.860,360.85,3.41,53,117,565
04/08/2017 05:53:28,152,10.9,724.150,361.72,3.41,53,117,565
04/08/2017 05:53:38,163,10.9,721.530,361.38,3.41,54,116,565
04/08/2017 05:53:48,152,10.8,718.830,362.70,3.42,53,117,565
04/08/2017 05:53:58,184,10.8,716.320,361.81,3.43,54,117,565
04/08/2017 05:54:08,108,10.9,713.760,362.15,3.43,55,116,565
04/08/2017 05:54:18,172,10.9,711.040,363.09,3.43,56,118,565
04/08/2017 05:54:28,159,10.9,708.460,362.11,3.44,56,117,565
04/08/2017 05:54:38,123,10.9,705.850,362.83,3.44,55,118,565
04/08/2017 05:54:48,160,10.8,703.120,364.33,3.44,56,119,565
04/08/2017 05:54:58,174,10.8,700.530,363.48,3.44,57,118,565
04/08/2017 05:55:08,130,10.9,697.850,364.52,3.45,56,118,565
04/08/2017 05:55:18,195,10.8,695.110,363.96,3.45,58,119,565
04/08/2017 05:55:28,160,10.9,692.580,364.90,3.46,59,117,565
04/08/2017 05:55:38,112,10.9,690.040,364.85,3.46,58,117,565
04/08/2017 05:55:48,177,10.8,687.290,364.68,3.46,58,119,565
04/08/2017 05:55:58,167,10.9,684.660,365.92,3.46,60,117,565
04/08/2017 05:56:08,130,10.9,682.150,365.66,3.48,60,118,565
04/08/2017 05:56:18,137,10.9,679.390,367.11,3.49,62,120,565
04/08/2017 05:56:28,164,10.9,676.820,366.35,3.49,62,120,565
04/08/2017 05:56:38,177,10.9,674.250,366.96,3.49,62,119,565
04/08/2017 05:56:48,166,10.8,671.440,366.90,3.50,62,120,565
04/08/2017 05:56:58,151,10.9,668.960,366.86,3.50,63,120,565
04/08/2017 05:57:08,191,10.8,666.190,366.65,3.50,63,120,565
04/08/2017 05:57:18,163,10.8,663.640,367.54,3.51,63,121,565
04/08/2017 05:57:28,167,10.8,661.060,368.04,3.51,62,120,565
04/08/2017 05:57:38,128,10.9,658.440,368.07,3.51,62,120,565
04/08/2017 05:57:48,155,10.9,655.820,368.97,3.51,62,120,565
04/08/2017 05:57:58,167,10.9,653.140,367.73,3.51,63,121,565
04/08/2017 05:58:08,169,10.8,650.440,367.74,3.51,65,122,565
04/08/2017 05:58:18,179,10.8,647.860,368.26,3.52,65,119,565
04/08/2017 05:58:28,156,10.8,645.250,368.54,3.52,64,120,565
04/08/2017 05:58:38,151,10.9,642.580,369.30,3.52,65,119,565
04/08/2017 05:58:48,152,10.9,639.860,370.00,3.52,65,121,565
04/08/2017 05:58:58,152,10.9,637.270,369.46,3.52,65,121,565
04/08/2017 05:59:08,194,10.8,634.730,369.32,3.53,66,119,565
04/08/2017 05:59:18,163,10.9,632.100,369.42,3.53,66,121,565
04/08/2017 05:59:28,208,10.8,629.380,370.09,3.53,66,122,565
04/08/2017 05:59:38,164,10.8,626.770,370.31,3.53,67,120,565
04/08/2017 05:59:48,178,10.8,624.050,370.73,3.54,67,124,565
04/08/2017 05:59:58,163,10.8,621.530,371.05,3.54,67,122,565
04/08/2017 06:00:08,151,10.9,618.890,371.59,3.54,68,121,565
04/08/2017 06:00:18,134,10.9,616.220,371.88,3.54,66,123,565
04/08/2017 06:00:28,194,10.8,613.700,372.35,3.54,67,123,565
04/08/2017 06:00:38,169,10.9,611.050,370.56,3.54,65,121,565
04/08/2017 06:00:48,120,10.9,608.430,372.05,3.54,66,121,565
04/08/2017 06:00:58,168,10.8,605.740,371.57,3.54,67,121,565
04/08/2017 06:01:08,153,10.8,603.180,371.83,3.54,67,122,565
04/08/2017 06:01:18,157,10.9,600.470,371.59,3.54,66,120,565
04/08/2017 06:01:28,151,10.8,597.890,371.67,3.55,68,122,565
04/08/2017 06:01:38,175,10.8,595.310,372.36,3.55,68,120,565
04/08/2017 06:01:48,213,10.8,592.630,372.53,3.55,67,122,565
04/08/2017 06:01:58,147,10.9,590.100,370.98,3.55,67,122,565
04/08/2017 06:02:08,154,10.8,587.330,371.71,3.55,68,121,565
04/08/2017 06:02:18,176,10.9,584.710,372.40,3.55,68,122,565
04/08/2017 06:02:28,175,10.9,582.090,372.87,3.55,68,121,565
04/08/2017 06:02:38,156,10.8,579.470,371.72,3.55,69,124,565
04/08/2017 06:02:48,180,10.8,576.870,372.38,3.55,68,122,565
04/08/2017 06:02:58,145,10.9,574.340,373.18,3.55,68,121,565
04/08/2017 06:03:08,122,10.9,571.620,372.80,3.56,68,123,565
04/08/2017 06:03:18,186,10.8,568.960,373.71,3.55,68,122,565
04/08/2017 06:03:28,165,10.9,566.450,372.83,3.56,67,123,565
04/08/2017 06:03:38,177,10.8,563.820,374.09,3.55,69,123,565
04/08/2017 06:03:48,148,10.9,561.180,373.54,3.56,70,122,565
04/08/2017 06:03:58,175,10.8,558.390,373.14,3.56,69,124,565
04/08/2017 06:04:08,182,10.8,555.820,373.81,3.56,69,123,565
04/08/2017 06:04:18,100,10.9,553.190,373.85,3.56,70,124,565
04/08/2017 06:04:28,158,10.8,550.580,373.68,3.56,69,121,565
04/08/2017 06:04:38,186,10.8,548.060,373.76,3.56,70,123,565
04/08/2017 06:04:48,133,10.9,545.330,373.58,3.56,70,122,564
04/08/2017 06:04:58,158,10.8,542.730,374.19,3.56,71,124,565
04/08/2017 06:05:08,180,10.8,540.160,374.50,3.56,70,124,565
04/08/2017 06:05:18,173,10.8,537.530,374.14,3.56,72,121,565
04/08/2017 06:05:28,180,10.8,534.830,374.26,3.56,69,122,565
04/08/2017 06:05:38,167,10.8,532.300,372.95,3.56,70,123,565
04/08/2017 06:05:48,178,10.8,529.720,374.07,3.56,70,123,565
04/08/2017 06:05:58,190,10.8,527.120,373.87,3.56,70,125,564
04/08/2017 06:06:08,145,10.9,524.440,374.11,3.56,71,122,565
04/08/2017 06:06:18,195,10.8,521.780,374.59,3.56,71,124,565
04/08/2017 06:06:28,144,10.9,519.180,374.58,3.56,70,122,565
04/08/2017 06:06:38,179,10.8,516.400,375.33,3.56,71,122,565
04/08/2017 06:06:48,205,10.8,513.950,374.70,3.56,72,122,565
04/08/2017 06:06:58,96,10.9,511.340,374.71,3.56,71,124,565
04/08/2017 06:07:08,173,10.8,508.680,374.72,3.56,71,122,565
04/08/2017 06:07:18,177,10.8,506.080,374.66,3.56,71,123,565
04/08/2017 06:07:28,129,10.9,503.450,375.40,3.56,70,124,565
04/08/2017 06:07:38,205,10.8,500.840,374.81,3.56,69,123,565
04/08/2017 06:07:48,141,10.9,498.160,375.27,3.56,72,124,565
04/08/2017 06:07:58,153,10.9,495.610,374.87,3.56,71,124,565
04/08/2017 06:08:08,196,10.9,493.000,375.44,3.56,70,125,565
04/08/2017 06:08:18,137,10.9,490.380,374.73,3.56,71,123,565
04/08/2017 06:08:28,171,10.8,487.650,374.52,3.56,70,122,565
04/08/2017 06:08:38,157,10.8,485.000,375.79,3.56,71,123,565
04/08/2017 06:08:48,183,10.8,482.410,374.75,3.56,71,120,565
04/08/2017 06:08:58,180,10.8,479.750,374.89,3.56,71,124,565
04/08/2017 06:09:08,160,10.9,477.320,375.11,3.56,71,122,565
04/08/2017 06:09:18,177,10.9,474.610,375.55,3.56,71,125,565
04/08/2017 06:09:28,192,10.8,471.990,375.87,3.56,70,124,565
04/08/2017 06:09:38,161,10.9,469.450,375.78,3.56,70,123,565
04/08/2017 06:09:48,184,10.8,466.750,375.70,3.56,72,124,565
04/08/2017 06:09:58,138,10.9,464.210,375.20,3.56,71,124,565
04/08/2017 06:10:08,179,10.8,461.520,375.04,3.56,71,123,565
04/08/2017 06:10:18,230,10.8,458.840,375.11,3.56,70,123,565
04/08/2017 06:10:28,124,10.9,456.250,375.30,3.56,69,121,565
04/08/2017 06:10:38,161,10.8,453.630,375.51,3.56,72,124,565
04/08/2017 06:10:48,166,10.8,451.100,375.03,3.56,71,123,565
04/08/2017 06:10:58,162,10.8,448.370,376.79,3.56,70,123,565
04/08/2017 06:11:08,171,10.8,445.890,375.55,3.56,69,122,565
04/08/2017 06:11:18,116,10.9,443.240,375.35,3.56,70,123,565
04/08/2017 06:11:28,211,10.8,440.570,375.34,3.56,69,124,565
04/08/2017 06:11:38,143,10.9,438.060,376.00,3.56,71,123,565
04/08/2017 06:11:48,149,10.9,435.400,375.29,3.56,70,122,565
04/08/2017 06:11:58,211,10.8,432.760,376.23,3.56,71,125,565
04/08/2017 06:12:08,185,10.8,430.120,376.25,3.56,69,123,565
04/08/2017 06:12:18,111,10.9,427.470,376.59,3.56,70,121,565
04/08/2017 06:12:28,146,10.9,424.870,375.71,3.56,69,124,565
04/08/2017 06:12:38,244,10.8,422.370,376.20,3.56,70,123,565
04/08/2017 06:12:48,91,10.9,419.720,376.12,3.56,70,124,565
04/08/2017 06:12:58,198,10.8,416.940,375.55,3.55,69,123,564
04/08/2017 06:13:08,226,10.8,414.520,376.14,3.55,69,123,565
04/08/2017 06:13:18,86,10.9,411.880,375.90,3.55,70,124,565
04/08/2017 06:13:28,234,10.8,409.130,375.54,3.55,71,126,565
04/08/2017 06:13:38,155,10.9,406.560,376.29,3.55,68,125,565
04/08/2017 06:13:48,121,10.9,403.930,376.09,3.55,70,122,565
04/08/2017 06:13:58,207,10.8,401.260,376.09,3.55,69,122,565
04/08/2017 06:14:08,157,10.8,398.680,375.67,3.55,69,123,565
04/08/2017 06:14:18,134,10.9,396.170,375.86,3.55,69,124,565
04/08/2017 06:14:28,171,10.8,393.540,376.90,3.55,68,124,565
04/08/2017 06:14:38,144,10.9,390.820,375.46,3.55,70,122,565
04/08/2017 06:14:48,186,10.8,388.310,375.40,3.55,69,124,565
04/08/2017 06:14:58,196,10.8,385.670,377.05,3.55,69,124,565
04/08/2017 06:15:08,129,10.9,382.990,376.07,3.55,69,121,565
04/08/2017 06:15:18,155,10.8,380.360,376.77,3.55,68,122,565
04/08/2017 06:15:28,192,10.8,377.720,376.28,3.55,67,122,565
04/08/2017 06:15:38,117,10.9,375.250,376.01,3.55,71,126,565
04/08/2017 06:15:48,160,10.8,372.600,376.55,3.55,70,124,564
04/08/2017 06:15:58,211,10.8,370.030,377.60,3.55,70,123,565
04/08/2017 06:16:08,102,10.9,367.310,376.46,3.55,71,124,565
04/08/2017 06:16:18,179,10.8,364.590,376.24,3.55,70,121,564
04/08/2017 06:16:28,189,10.8,362.140,377.24,3.55,70,124,565
04/08/2017 06:16:38,105,10.9,359.440,377.87,3.55,71,122,565
04/08/2017 06:16:48,160,10.8,356.880,377.23,3.55,70,125,565
04/08/2017 06:16:58,181,10.8,354.170,377.27,3.55,70,122,564
04/08/2017 06:17:08,155,10.9,351.650,377.17,3.55,69,125,565
04/08/2017 06:17:18,173,10.8,348.900,377.03,3.55,70,124,565
04/08/2017 06:17:28,148,10.9,346.440,377.89,3.55,71,123,565
04/08/2017 06:17:38,170,10.9,343.650,377.04,3.55,70,123,565
04/08/2017 06:17:48,168,10.8,341.180,377.65,3.55,71,124,565
04/08/2017 06:17:58,148,10.8,338.490,377.95,3.55,70,122,565
04/08/2017 06:18:08,168,10.9,335.810,377.61,3.55,71,126,565
04/08/2017 06:18:18,185,10.9,333.230,377.71,3.55,69,122,565
04/08/2017 06:18:28,127,10.9,330.680,377.07,3.55,70,122,565
04/08/2017 06:18:38,221,10.8,328.020,378.33,3.55,71,124,565
04/08/2017 06:18:48,178,10.8,325.550,377.85,3.55,70,124,565
04/08/2017 06:18:58,172,10.9,322.810,377.97,3.55,70,122,565
04/08/2017 06:19:08,202,10.8,320.330,378.21,3.55,69,124,565
04/08/2017 06:19:18,180,10.8,317.650,377.60,3.55,72,123,565
04/08/2017 06:19:28,166,10.8,314.990,378.16,3.55,70,123,565
04/08/2017 06:19:38,163,10.9,312.480,377.80,3.55,70,122,565
04/08/2017 06:19:48,178,10.8,309.800,377.26,3.55,70,123,565
04/08/2017 06:19:58,198,10.8,307.170,377.82,3.55,70,123,565
04/08/2017 06:20:08,153,10.8,304.620,377.65,3.55,71,123,565
04/08/2017 06:20:18,123,10.9,302.050,377.42,3.55,70,124,565
04/08/2017 06:20:28,178,10.8,299.270,377.53,3.55,70,122,565
04/08/2017 06:20:38,238,10.8,296.810,378.14,3.55,71,125,565
04/08/2017 06:20:48,142,10.8,294.240,378.54,3.55,71,122,565
04/08/2017 06:20:58,169,10.8,291.610,377.94,3.55,71,124,564
04/08/2017 06:21:08,208,10.8,288.920,377.93,3.55,71,122,565
04/08/2017 06:21:18,128,10.9,286.410,378.17,3.55,70,126,565
04/08/2017 06:21:28,166,10.8,283.770,378.32,3.55,70,122,565
04/08/2017 06:21:38,219,10.8,281.190,378.25,3.55,69,122,565
04/08/2017 06:21:48,109,10.9,278.640,378.72,3.55,70,123,565
04/08/2017 06:21:58,173,10.8,275.830,378.13,3.55,70,123,565
04/08/2017 06:22:08,198,10.8,273.290,377.72,3.55,69,123,564
04/08/2017 06:22:18,145,10.8,270.680,378.55,3.55,70,123,565
04/08/2017 06:22:28,194,10.8,268.020,377.74,3.55,69,124,565
04/08/2017 06:22:38,188,10.8,265.460,378.65,3.55,70,123,565
04/08/2017 06:22:48,149,10.8,262.960,378.34,3.55,69,124,565
04/08/2017 06:22:58,194,10.8,260.320,379.29,3.55,70,124,565
04/08/2017 06:23:08,135,10.9,257.680,378.77,3.55,70,123,565
04/08/2017 06:23:18,200,10.8,255.100,378.67,3.55,69,123,565
04/08/2017 06:23:28,192,10.8,252.460,378.90,3.54,70,123,565
04/08/2017 06:23:38,172,10.9,249.920,378.03,3.55,69,123,565
04/08/2017 06:23:48,150,10.8,247.350,378.92,3.55,70,122,565
04/08/2017 06:23:58,195,10.8,244.590,377.70,3.54,69,122,565
04/08/2017 06:24:08,162,10.9,242.130,378.39,3.54,71,123,565
04/08/2017 06:24:18,117,10.9,239.380,378.57,3.54,71,122,565
04/08/2017 06:24:28,215,10.8,236.780,379.18,3.55,71,124,565
04/08/2017 06:24:38,197,10.8,234.230,378.84,3.54,70,125,565
04/08/2017 06:24:48,158,10.9,231.610,378.99,3.55,69,121,565
04/08/2017 06:24:58,170,10.9,228.990,378.70,3.55,69,125,565
04/08/2017 06:25:08,236,10.8,226.340,378.22,3.55,71,123,565
04/08/2017 06:25:18,136,10.9,223.790,378.71,3.55,70,124,565
04/08/2017 06:25:28,165,10.9,221.130,378.51,3.55,70,124,565
04/08/2017 06:25:38,162,10.8,218.560,378.55,3.55,71,122,564
04/08/2017 06:25:48,200,10.8,216.010,379.76,3.55,70,124,565
04/08/2017 06:25:58,131,10.9,213.390,379.90,3.55,71,125,565
04/08/2017 06:26:08,208,10.8,210.640,378.96,3.55,71,123,565
04/08/2017 06:26:18,176,10.8,208.260,379.42,3.55,70,125,565
04/08/2017 06:26:28,100,10.9,205.420,379.29,3.55,71,125,565
04/08/2017 06:26:38,249,10.8,202.830,378.53,3.55,71,123,565
04/08/2017 06:26:48,160,10.9,200.420,379.50,3.55,70,126,565
04/08/2017 06:26:58,111,10.9,197.660,379.40,3.55,71,123,564
04/08/2017 06:27:08,223,10.8,195.060,379.29,3.55,68,124,565
04/08/2017 06:27:18,205,10.8,192.490,379.15,3.55,69,124,565
04/08/2017 06:27:28,193,10.8,190.050,379.33,3.55,71,124,565
04/08/2017 06:27:38,94,10.9,187.260,379.58,3.55,72,124,565
04/08/2017 06:27:48,305,10.7,184.640,379.83,3.55,70,124,565
04/08/2017 06:27:58,74,10.9,182.340,380.17,3.55,73,125,565
04/08/2017 06:28:08,227,10.8,180.670,379.17,3.55,73,124,564
04/08/2017 06:28:18,396,10.7,180.820,379.66,3.55,78,123,565
04/08/2017 06:28:28,426,10.7,180.800,380.29,3.55,78,126,565
04/08/2017 06:28:38,452,10.6,180.710,380.12,3.55,76,126,565
04/08/2017 06:28:48,435,10.7,180.800,380.11,3.55,77,125,564
04/08/2017 06:28:58,400,10.6,180.850,380.10,3.55,78,123,565
04/08/2017 06:29:08,452,10.5,180.820,379.53,3.55,75,125,565

 Ramp exit:    SMOOTH RUNNING
 Profile exit: TOP PRESSURE

 Vehicle motion stopped at 04/08/2017 06:29:13
 Sensor logging stopped at 04/08/2017 06:31:21
