
 Profile 344

 Sensors were turned on at  04/24/2017 00:00:02
 Vehicle began profiling at 04/24/2017 00:02:04

Date,[mA],[V],[dbar],Oxygen[uM],Optode Temp[C],Chl,NTU,Therm
04/24/2017 00:02:04,0,11.1,0.000,0.00,0.00,78,136,567
04/24/2017 00:02:14,207,10.7,0.000,0.00,0.00,73,130,567
04/24/2017 00:02:24,190,10.8,0.000,0.00,0.00,74,131,567
04/24/2017 00:02:37,242,10.8,181.530,371.40,4.02,67,127,566
04/24/2017 00:02:47,149,10.9,184.610,370.65,4.00,87,139,566
04/24/2017 00:02:57,135,10.9,187.210,373.50,3.97,88,138,566
04/24/2017 00:03:07,150,10.9,189.870,374.79,3.97,85,140,566
04/24/2017 00:03:17,154,10.9,192.580,376.57,3.97,86,140,566
04/24/2017 00:03:27,136,10.9,195.240,376.88,3.97,87,144,566
04/24/2017 00:03:37,136,10.9,197.960,376.03,3.97,83,138,566
04/24/2017 00:03:47,141,10.9,200.720,375.76,3.97,87,140,566
04/24/2017 00:03:57,146,10.9,203.430,376.44,3.96,85,139,566
04/24/2017 00:04:07,143,10.9,205.990,375.76,3.96,86,138,566
04/24/2017 00:04:17,153,10.9,208.770,376.60,3.96,85,142,566
04/24/2017 00:04:27,156,10.9,211.380,377.15,3.96,85,140,566
04/24/2017 00:04:37,153,10.9,214.110,375.82,3.96,85,158,566
04/24/2017 00:04:47,159,10.9,216.640,376.10,3.95,80,138,566
04/24/2017 00:04:57,153,10.9,219.440,375.46,3.95,77,137,566
04/24/2017 00:05:07,153,10.9,222.050,375.01,3.95,76,137,565
04/24/2017 00:05:17,145,10.9,224.770,374.20,3.94,78,137,565
04/24/2017 00:05:27,152,10.9,227.420,374.26,3.94,77,137,565
04/24/2017 00:05:37,151,10.9,230.000,374.09,3.94,81,139,566
04/24/2017 00:05:47,134,10.9,232.780,375.06,3.93,82,146,565
04/24/2017 00:05:57,146,10.8,235.370,375.72,3.91,82,136,565
04/24/2017 00:06:07,151,10.8,238.110,375.00,3.90,88,150,565
04/24/2017 00:06:17,151,10.8,240.750,376.71,3.86,86,141,565
04/24/2017 00:06:27,138,10.8,243.530,378.64,3.86,89,146,565
04/24/2017 00:06:37,141,10.9,246.040,378.90,3.85,89,139,565
04/24/2017 00:06:47,154,10.8,248.740,379.57,3.84,85,141,565
04/24/2017 00:06:57,138,10.8,251.390,378.21,3.83,90,141,565
04/24/2017 00:07:07,139,10.8,254.110,378.76,3.83,94,142,565
04/24/2017 00:07:17,146,10.8,256.770,378.28,3.85,64,127,565
04/24/2017 00:07:27,156,10.8,259.400,375.32,3.85,64,128,565
04/24/2017 00:07:37,145,10.8,262.070,372.94,3.84,63,126,565
04/24/2017 00:07:47,154,10.8,264.650,372.21,3.85,62,126,565
04/24/2017 00:07:57,147,10.8,267.300,372.37,3.83,65,129,565
04/24/2017 00:08:07,155,10.8,269.970,373.17,3.83,66,132,565
04/24/2017 00:08:17,148,10.8,272.560,373.07,3.81,66,129,565
04/24/2017 00:08:27,136,10.8,275.210,374.39,3.81,64,128,565
04/24/2017 00:08:37,152,10.8,277.850,373.88,3.80,63,126,565
04/24/2017 00:08:47,146,10.8,280.550,373.94,3.80,62,126,565
04/24/2017 00:08:57,152,10.8,283.200,373.12,3.80,61,124,565
04/24/2017 00:09:07,147,10.8,285.840,373.55,3.78,61,125,565
04/24/2017 00:09:17,159,10.8,288.510,373.57,3.76,62,127,565
04/24/2017 00:09:27,149,10.8,291.090,374.19,3.76,62,124,565
04/24/2017 00:09:37,156,10.8,293.770,374.67,3.76,64,125,565
04/24/2017 00:09:47,151,10.8,296.480,374.04,3.76,62,126,565
04/24/2017 00:09:57,156,10.8,299.110,374.69,3.76,64,130,565
04/24/2017 00:10:07,142,10.8,301.860,375.38,3.76,63,126,565
04/24/2017 00:10:17,145,10.8,304.400,374.44,3.76,69,127,565
04/24/2017 00:10:27,164,10.8,307.120,375.15,3.74,68,128,565
04/24/2017 00:10:37,144,10.8,309.830,376.17,3.74,76,128,565
04/24/2017 00:10:47,145,10.8,312.470,377.67,3.73,85,140,564
04/24/2017 00:10:57,136,10.8,315.160,378.74,3.71,90,141,565
04/24/2017 00:11:07,144,10.8,317.690,379.98,3.70,90,136,565
04/24/2017 00:11:17,127,10.8,320.450,381.37,3.70,91,138,565
04/24/2017 00:11:27,136,10.8,323.150,382.25,3.69,88,135,565
04/24/2017 00:11:37,141,10.8,325.820,382.18,3.69,91,138,565
04/24/2017 00:11:47,137,10.8,328.380,382.49,3.68,90,138,564
04/24/2017 00:11:57,133,10.8,331.160,382.15,3.68,90,137,565
04/24/2017 00:12:07,133,10.8,333.820,382.72,3.68,87,135,565
04/24/2017 00:12:17,141,10.8,336.460,381.80,3.68,86,134,564
04/24/2017 00:12:27,146,10.8,339.180,381.52,3.68,82,130,565
04/24/2017 00:12:37,127,10.8,341.730,380.85,3.69,81,130,565
04/24/2017 00:12:47,129,10.8,344.390,381.58,3.69,80,129,565
04/24/2017 00:12:57,137,10.8,347.120,379.85,3.69,80,128,565
04/24/2017 00:13:07,130,10.8,349.860,380.16,3.69,77,137,564
04/24/2017 00:13:17,126,10.8,352.530,379.76,3.70,73,127,565
04/24/2017 00:13:27,123,10.8,355.160,379.16,3.70,74,130,564
04/24/2017 00:13:37,134,10.8,357.900,379.20,3.70,74,126,564
04/24/2017 00:13:47,143,10.8,360.480,379.21,3.70,71,127,565
04/24/2017 00:13:57,131,10.8,363.120,378.23,3.69,71,125,564
04/24/2017 00:14:07,125,10.8,365.880,377.22,3.69,69,130,565
04/24/2017 00:14:17,133,10.8,368.530,377.25,3.69,68,124,565
04/24/2017 00:14:27,132,10.8,371.130,378.12,3.69,70,125,565
04/24/2017 00:14:37,133,10.8,373.870,377.89,3.69,68,123,565
04/24/2017 00:14:47,134,10.8,376.560,377.54,3.69,67,123,564
04/24/2017 00:14:57,130,10.8,379.220,377.20,3.70,68,123,564
04/24/2017 00:15:07,146,10.8,381.930,376.88,3.69,65,124,565
04/24/2017 00:15:17,145,10.8,384.590,376.81,3.69,69,123,564
04/24/2017 00:15:27,126,10.8,387.240,376.72,3.67,70,126,565
04/24/2017 00:15:37,138,10.8,389.820,377.19,3.67,68,126,565
04/24/2017 00:15:47,135,10.8,392.540,377.13,3.67,70,125,564
04/24/2017 00:15:57,132,10.8,395.290,377.23,3.67,68,124,565
04/24/2017 00:16:07,140,10.8,397.900,377.93,3.67,67,121,564
04/24/2017 00:16:17,142,10.8,400.600,377.19,3.67,67,124,564
04/24/2017 00:16:27,160,10.8,403.310,377.71,3.67,66,125,564
04/24/2017 00:16:37,149,10.8,405.840,376.78,3.67,65,125,564
04/24/2017 00:16:47,136,10.8,408.530,377.87,3.65,67,126,565
04/24/2017 00:16:57,136,10.8,411.220,377.15,3.65,67,124,564
04/24/2017 00:17:07,127,10.8,413.820,377.28,3.65,66,124,564
04/24/2017 00:17:17,142,10.8,416.570,378.12,3.64,68,127,565
04/24/2017 00:17:27,152,10.8,419.230,377.33,3.64,66,123,565
04/24/2017 00:17:37,136,10.8,421.780,377.40,3.64,66,123,564
04/24/2017 00:17:47,132,10.8,424.580,376.76,3.64,66,123,564
04/24/2017 00:17:57,141,10.8,427.100,377.94,3.64,67,127,565
04/24/2017 00:18:07,152,10.8,429.840,377.92,3.64,65,125,565
04/24/2017 00:18:17,127,10.8,432.520,377.91,3.64,66,123,564
04/24/2017 00:18:27,131,10.8,435.010,377.21,3.64,64,123,564
04/24/2017 00:18:37,131,10.8,437.860,377.17,3.64,65,122,564
04/24/2017 00:18:47,146,10.8,440.450,377.26,3.63,66,127,565
04/24/2017 00:18:57,150,10.8,443.060,377.46,3.63,66,123,565
04/24/2017 00:19:07,146,10.8,445.780,376.89,3.63,65,123,564
04/24/2017 00:19:17,141,10.8,448.350,377.55,3.63,65,124,564
04/24/2017 00:19:27,141,10.8,450.980,377.87,3.62,67,123,565
04/24/2017 00:19:37,146,10.8,453.780,376.74,3.62,64,125,565
04/24/2017 00:19:47,133,10.8,456.290,377.31,3.62,63,122,564
04/24/2017 00:19:57,136,10.8,458.970,376.77,3.62,63,123,565
04/24/2017 00:20:07,126,10.8,461.590,377.38,3.62,63,120,565
04/24/2017 00:20:17,143,10.8,464.370,376.89,3.62,63,122,564
04/24/2017 00:20:27,142,10.8,466.950,377.13,3.62,62,123,565
04/24/2017 00:20:37,139,10.8,469.700,377.58,3.62,63,121,565
04/24/2017 00:20:47,139,10.8,472.300,376.53,3.62,62,120,564
04/24/2017 00:20:57,141,10.8,474.970,377.26,3.61,63,123,564
04/24/2017 00:21:07,140,10.8,477.680,376.80,3.61,62,122,565
04/24/2017 00:21:17,128,10.8,480.330,377.17,3.61,62,121,565
04/24/2017 00:21:27,137,10.8,483.060,376.87,3.61,63,121,564
04/24/2017 00:21:37,139,10.8,485.740,377.08,3.61,62,121,564
04/24/2017 00:21:47,127,10.8,488.360,377.33,3.61,63,126,565
04/24/2017 00:21:57,137,10.8,491.020,377.45,3.61,62,126,564
04/24/2017 00:22:07,131,10.8,493.740,377.41,3.61,63,121,564
04/24/2017 00:22:17,129,10.8,496.280,376.61,3.61,62,121,565
04/24/2017 00:22:27,130,10.8,498.930,377.31,3.61,62,121,565
04/24/2017 00:22:37,133,10.8,501.680,375.74,3.61,62,121,565
04/24/2017 00:22:47,126,10.8,504.420,375.38,3.61,60,120,565
04/24/2017 00:22:57,134,10.8,507.040,376.57,3.61,60,121,565
04/24/2017 00:23:07,148,10.8,509.590,376.22,3.61,61,120,564
04/24/2017 00:23:17,125,10.8,512.340,376.37,3.61,60,119,564
04/24/2017 00:23:27,134,10.8,514.910,375.56,3.61,60,121,565
04/24/2017 00:23:37,136,10.8,517.670,376.40,3.61,61,122,565
04/24/2017 00:23:47,141,10.8,520.360,375.98,3.61,61,120,564
04/24/2017 00:23:57,135,10.8,522.980,376.14,3.61,61,121,564
04/24/2017 00:24:07,140,10.8,525.470,376.60,3.61,61,122,564
04/24/2017 00:24:17,145,10.8,528.290,377.07,3.61,60,121,565
04/24/2017 00:24:27,127,10.8,530.940,376.01,3.61,60,120,565
04/24/2017 00:24:37,117,10.9,533.680,375.30,3.61,62,120,564
04/24/2017 00:24:47,141,10.8,536.230,375.86,3.61,61,121,564
04/24/2017 00:24:57,146,10.8,538.920,376.18,3.61,60,122,564
04/24/2017 00:25:07,138,10.8,541.540,375.80,3.61,61,121,565
04/24/2017 00:25:17,145,10.8,544.180,376.13,3.60,62,121,564
04/24/2017 00:25:27,137,10.8,546.850,376.33,3.60,59,120,564
04/24/2017 00:25:37,149,10.8,549.520,375.40,3.60,61,120,565
04/24/2017 00:25:47,138,10.8,552.180,376.63,3.60,60,121,564
04/24/2017 00:25:57,135,10.8,554.850,375.43,3.60,61,122,564
04/24/2017 00:26:07,145,10.8,557.600,375.71,3.60,60,120,565
04/24/2017 00:26:17,147,10.8,560.240,374.90,3.60,61,123,565
04/24/2017 00:26:27,124,10.8,562.920,374.97,3.60,61,121,564
04/24/2017 00:26:37,140,10.8,565.500,375.54,3.60,61,121,565
04/24/2017 00:26:47,142,10.8,568.200,376.27,3.60,62,119,564
04/24/2017 00:26:57,140,10.8,570.780,375.07,3.60,61,124,564
04/24/2017 00:27:07,133,10.8,573.440,375.99,3.60,61,120,564
04/24/2017 00:27:17,141,10.8,576.270,375.79,3.60,60,120,564
04/24/2017 00:27:27,133,10.8,578.760,375.74,3.60,62,119,564
04/24/2017 00:27:37,131,10.9,581.460,375.37,3.59,60,127,564
04/24/2017 00:27:47,130,10.8,584.110,374.46,3.59,61,120,564
04/24/2017 00:27:57,128,10.8,586.780,374.29,3.59,58,118,565
04/24/2017 00:28:07,137,10.8,589.460,374.27,3.59,61,121,565
04/24/2017 00:28:17,142,10.8,592.130,373.71,3.59,60,121,564
04/24/2017 00:28:27,134,10.8,594.810,374.87,3.59,61,120,565
04/24/2017 00:28:37,147,10.8,597.340,374.23,3.59,61,119,565
04/24/2017 00:28:47,134,10.8,600.130,374.41,3.59,59,120,565
04/24/2017 00:28:57,145,10.8,602.730,374.56,3.59,61,120,564
04/24/2017 00:29:07,127,10.9,605.440,375.19,3.59,60,118,564
04/24/2017 00:29:17,145,10.8,608.100,374.59,3.59,61,119,564
04/24/2017 00:29:27,149,10.8,610.780,373.72,3.59,61,122,564
04/24/2017 00:29:37,130,10.8,613.390,374.61,3.59,60,122,565
04/24/2017 00:29:47,130,10.9,615.970,374.60,3.59,60,121,565
04/24/2017 00:29:57,142,10.8,618.730,374.35,3.59,61,119,564
04/24/2017 00:30:07,137,10.8,621.370,374.12,3.59,62,120,565
04/24/2017 00:30:17,147,10.8,623.900,373.34,3.59,60,119,564
04/24/2017 00:30:27,136,10.8,626.590,373.50,3.59,59,121,565
04/24/2017 00:30:37,137,10.8,629.350,373.57,3.59,60,118,564
04/24/2017 00:30:47,131,10.8,631.990,373.90,3.59,62,121,565
04/24/2017 00:30:57,144,10.8,634.620,373.94,3.59,59,121,565
04/24/2017 00:31:07,142,10.8,637.210,374.09,3.59,61,119,565
04/24/2017 00:31:17,139,10.8,639.950,373.04,3.59,60,121,565
04/24/2017 00:31:27,127,10.9,642.620,373.32,3.59,60,119,564
04/24/2017 00:31:37,143,10.8,645.180,374.31,3.59,61,119,565
04/24/2017 00:31:47,146,10.8,647.780,372.75,3.58,60,118,565
04/24/2017 00:31:57,143,10.8,650.610,373.22,3.58,61,119,565
04/24/2017 00:32:07,134,10.8,653.250,373.46,3.58,60,120,565
04/24/2017 00:32:17,139,10.8,655.930,373.57,3.58,58,118,564
04/24/2017 00:32:27,140,10.8,658.500,373.36,3.58,60,120,564
04/24/2017 00:32:37,144,10.8,661.150,372.67,3.58,59,120,564
04/24/2017 00:32:47,132,10.8,663.650,373.41,3.58,60,121,564
04/24/2017 00:32:57,131,10.8,666.330,373.44,3.58,62,128,564
04/24/2017 00:33:07,146,10.8,669.160,372.97,3.57,59,120,564
04/24/2017 00:33:17,140,10.8,671.740,372.14,3.58,60,120,564
04/24/2017 00:33:27,144,10.8,674.390,373.04,3.58,59,119,564
04/24/2017 00:33:37,131,10.8,677.040,372.19,3.58,60,121,564
04/24/2017 00:33:47,132,10.9,679.610,372.78,3.58,59,121,564
04/24/2017 00:33:57,144,10.8,682.300,372.09,3.58,59,118,565
04/24/2017 00:34:07,140,10.8,684.930,372.73,3.57,59,121,564
04/24/2017 00:34:17,163,10.8,687.580,372.62,3.57,59,119,564
04/24/2017 00:34:27,137,10.8,690.210,372.37,3.57,59,119,565
04/24/2017 00:34:37,132,10.9,692.970,372.77,3.57,59,121,564
04/24/2017 00:34:47,132,10.9,695.580,372.89,3.57,59,120,564
04/24/2017 00:34:57,141,10.8,698.220,372.58,3.56,59,118,565
04/24/2017 00:35:07,135,10.8,700.860,372.84,3.56,58,119,564
04/24/2017 00:35:17,136,10.8,703.600,373.04,3.56,58,120,564
04/24/2017 00:35:27,134,10.8,706.130,372.55,3.56,56,119,565
04/24/2017 00:35:37,139,10.8,708.830,372.30,3.55,58,119,564
04/24/2017 00:35:47,144,10.8,711.360,372.20,3.55,58,117,564
04/24/2017 00:35:57,156,10.8,714.080,371.59,3.55,56,119,565
04/24/2017 00:36:07,133,10.8,716.720,371.63,3.55,57,119,565
04/24/2017 00:36:17,149,10.8,719.320,372.12,3.55,58,118,564
04/24/2017 00:36:27,154,10.8,722.080,372.00,3.55,57,118,564
04/24/2017 00:36:37,139,10.8,724.650,371.32,3.55,59,120,564
04/24/2017 00:36:47,164,10.8,727.390,371.52,3.55,58,119,564
04/24/2017 00:36:57,149,10.8,729.970,371.88,3.55,58,131,564
04/24/2017 00:37:07,139,10.8,732.630,371.57,3.55,59,120,565
04/24/2017 00:37:17,133,10.9,735.370,371.63,3.55,58,120,565
04/24/2017 00:37:27,144,10.8,737.960,372.15,3.55,57,119,564
04/24/2017 00:37:37,140,10.8,740.630,371.82,3.55,58,120,564
04/24/2017 00:37:47,165,10.8,743.250,371.08,3.55,59,120,565
04/24/2017 00:37:57,160,10.8,745.880,372.49,3.55,59,122,565
04/24/2017 00:38:07,139,10.8,748.520,371.68,3.55,57,121,565
04/24/2017 00:38:17,138,10.8,751.230,371.77,3.55,58,120,565
04/24/2017 00:38:27,146,10.8,753.900,371.72,3.55,58,120,565
04/24/2017 00:38:37,141,10.8,756.550,370.99,3.55,59,137,565
04/24/2017 00:38:47,146,10.8,759.180,371.71,3.55,57,129,565
04/24/2017 00:38:57,169,10.8,761.830,371.60,3.55,58,118,565
04/24/2017 00:39:07,143,10.8,764.490,371.12,3.55,56,120,565
04/24/2017 00:39:17,153,10.8,767.090,371.27,3.55,58,118,565
04/24/2017 00:39:27,158,10.8,769.680,370.45,3.56,58,121,565
04/24/2017 00:39:37,142,10.8,772.270,370.37,3.56,56,120,565
04/24/2017 00:39:47,148,10.8,774.940,371.00,3.56,57,120,565
04/24/2017 00:39:57,156,10.8,777.620,370.78,3.56,56,118,565
04/24/2017 00:40:07,146,10.8,780.210,370.50,3.57,58,119,565
04/24/2017 00:40:17,148,10.8,782.900,370.23,3.57,57,119,564
04/24/2017 00:40:27,160,10.8,785.600,369.80,3.56,57,118,565
04/24/2017 00:40:37,153,10.8,788.260,369.54,3.56,57,117,565
04/24/2017 00:40:47,160,10.8,790.930,370.61,3.56,56,119,565
04/24/2017 00:40:57,144,10.8,793.500,370.06,3.56,56,117,564
04/24/2017 00:41:07,151,10.8,796.190,369.73,3.56,55,116,564
04/24/2017 00:41:17,141,10.8,798.830,369.02,3.56,56,118,564
04/24/2017 00:41:27,142,10.8,801.470,369.70,3.56,56,119,565
04/24/2017 00:41:37,143,10.8,804.060,368.98,3.56,56,116,565
04/24/2017 00:41:47,149,10.8,806.730,369.56,3.55,56,117,564
04/24/2017 00:41:57,154,10.8,809.300,369.06,3.55,56,118,564
04/24/2017 00:42:07,136,10.8,812.030,368.38,3.55,57,118,565
04/24/2017 00:42:17,154,10.8,814.690,368.39,3.55,57,117,565
04/24/2017 00:42:27,146,10.8,817.300,368.43,3.55,56,118,564
04/24/2017 00:42:37,138,10.8,819.810,368.25,3.55,56,118,564
04/24/2017 00:42:47,145,10.8,822.450,368.00,3.56,55,116,565
04/24/2017 00:42:57,151,10.8,825.080,368.60,3.56,56,116,565
04/24/2017 00:43:07,158,10.8,827.730,367.65,3.56,55,119,565
04/24/2017 00:43:17,147,10.8,830.420,367.19,3.56,55,117,565
04/24/2017 00:43:27,135,10.9,833.060,368.74,3.56,56,117,564
04/24/2017 00:43:37,150,10.8,835.690,367.98,3.56,57,116,565
04/24/2017 00:43:47,144,10.8,838.410,367.33,3.56,57,118,564
04/24/2017 00:43:57,152,10.8,841.020,367.59,3.56,56,117,564
04/24/2017 00:44:07,139,10.9,843.690,368.23,3.55,57,118,565
04/24/2017 00:44:17,146,10.8,846.230,368.11,3.55,55,166,565
04/24/2017 00:44:27,142,10.8,848.910,366.74,3.54,55,117,565
04/24/2017 00:44:37,138,10.8,851.630,366.32,3.54,55,117,565
04/24/2017 00:44:47,136,10.8,854.250,366.73,3.53,55,118,565
04/24/2017 00:44:57,138,10.9,856.850,366.70,3.53,55,115,564
04/24/2017 00:45:07,149,10.8,859.470,366.86,3.52,54,118,565
04/24/2017 00:45:17,147,10.8,862.010,365.89,3.52,56,117,565
04/24/2017 00:45:27,154,10.8,864.720,365.62,3.52,54,119,565
04/24/2017 00:45:37,147,10.9,867.400,365.47,3.51,54,115,565
04/24/2017 00:45:47,141,10.8,869.910,365.72,3.51,54,114,565
04/24/2017 00:45:57,137,10.9,872.610,365.88,3.50,55,115,565
04/24/2017 00:46:07,136,10.8,875.300,364.81,3.50,54,133,565
04/24/2017 00:46:17,127,10.8,877.820,365.36,3.49,53,116,565
04/24/2017 00:46:27,136,10.8,880.450,365.36,3.49,54,117,565
04/24/2017 00:46:37,159,10.8,883.160,364.38,3.49,54,116,565
04/24/2017 00:46:47,165,10.8,885.880,365.22,3.49,54,117,565
04/24/2017 00:46:57,141,10.8,888.360,364.96,3.49,55,117,565
04/24/2017 00:47:07,144,10.9,891.140,363.89,3.48,55,115,564
04/24/2017 00:47:17,151,10.8,893.680,363.91,3.47,53,116,564
04/24/2017 00:47:27,140,10.8,896.350,362.95,3.47,52,115,565
04/24/2017 00:47:37,181,10.8,898.920,363.84,3.46,54,114,565
04/24/2017 00:47:47,143,10.8,901.560,364.16,3.46,54,117,565
04/24/2017 00:47:57,150,10.8,904.100,363.85,3.46,53,115,565
04/24/2017 00:48:07,153,10.8,906.760,363.26,3.46,53,122,565
04/24/2017 00:48:17,142,10.9,909.400,363.09,3.46,54,116,565
04/24/2017 00:48:27,151,10.8,912.170,363.28,3.45,54,119,565
04/24/2017 00:48:37,158,10.8,914.770,362.81,3.45,54,113,565
04/24/2017 00:48:47,154,10.8,917.250,362.99,3.45,53,115,565
04/24/2017 00:48:57,140,10.8,919.900,362.69,3.45,53,114,565
04/24/2017 00:49:07,143,10.8,922.550,362.16,3.44,53,114,565
04/24/2017 00:49:17,140,10.8,925.340,362.57,3.44,52,115,565
04/24/2017 00:49:27,146,10.8,927.950,362.03,3.44,54,118,565
04/24/2017 00:49:37,142,10.8,930.620,361.96,3.44,53,117,565
04/24/2017 00:49:47,152,10.9,933.230,361.50,3.43,53,114,565
04/24/2017 00:49:57,146,10.9,935.860,360.48,3.43,54,116,565
04/24/2017 00:50:07,170,10.8,938.420,361.18,3.43,52,117,565
04/24/2017 00:50:17,155,10.8,940.980,361.38,3.42,53,116,565
04/24/2017 00:50:27,162,10.8,943.660,361.26,3.42,52,116,565
04/24/2017 00:50:37,143,10.8,946.290,361.35,3.42,53,115,565
04/24/2017 00:50:47,157,10.8,948.910,361.32,3.41,53,114,565
04/24/2017 00:50:57,154,10.8,951.600,361.02,3.41,53,123,565
04/24/2017 00:51:07,145,10.8,954.190,361.96,3.41,51,116,565
04/24/2017 00:51:17,142,10.8,956.880,361.11,3.41,52,115,565
04/24/2017 00:51:27,155,10.8,959.450,361.34,3.41,52,116,565
04/24/2017 00:51:37,141,10.9,962.170,362.32,3.41,51,115,565
04/24/2017 00:51:47,162,10.8,964.810,361.95,3.41,53,115,565
04/24/2017 00:51:57,159,10.8,967.430,361.78,3.41,53,115,565
04/24/2017 00:52:07,146,10.8,970.100,361.57,3.41,52,115,565
04/24/2017 00:52:17,156,10.8,972.600,361.90,3.41,53,115,565
04/24/2017 00:52:27,159,10.8,975.230,361.78,3.41,53,116,565
04/24/2017 00:52:37,148,10.9,977.960,361.09,3.41,52,116,565
04/24/2017 00:52:47,158,10.8,980.470,361.90,3.40,53,113,565
04/24/2017 00:52:57,157,10.9,983.190,362.36,3.40,53,115,565
04/24/2017 00:53:07,147,10.8,985.720,361.07,3.40,51,114,565
04/24/2017 00:53:17,154,10.8,988.360,360.54,3.40,52,115,565
04/24/2017 00:53:27,151,10.8,991.060,361.36,3.40,51,115,565
04/24/2017 00:53:37,149,10.8,993.600,360.66,3.39,53,116,565
04/24/2017 00:53:47,137,10.8,996.240,361.68,3.39,54,118,565
04/24/2017 00:53:57,147,10.8,998.920,361.50,3.38,51,115,565
04/24/2017 00:54:07,151,10.8,1001.530,362.05,3.39,51,115,565
04/24/2017 00:54:17,153,10.8,1004.130,362.04,3.39,54,121,565
04/24/2017 00:54:27,140,10.8,1006.740,361.95,3.39,53,114,565
04/24/2017 00:54:37,160,10.8,1009.370,361.37,3.39,52,114,565
04/24/2017 00:54:47,144,10.8,1011.920,361.06,3.39,51,114,565
04/24/2017 00:54:57,152,10.8,1014.610,361.81,3.39,51,114,565
04/24/2017 00:55:07,157,10.8,1017.360,359.86,3.39,52,117,565
04/24/2017 00:55:17,155,10.8,1019.800,360.16,3.39,52,116,565
04/24/2017 00:55:27,158,10.8,1022.490,360.22,3.39,52,115,565
04/24/2017 00:55:37,168,10.8,1025.190,360.22,3.39,52,115,565
04/24/2017 00:55:47,156,10.8,1027.710,360.65,3.38,51,116,564
04/24/2017 00:55:57,149,10.8,1030.270,360.74,3.38,52,114,565
04/24/2017 00:56:07,149,10.8,1032.970,360.35,3.39,53,113,565
04/24/2017 00:56:17,153,10.8,1035.660,359.80,3.39,54,114,565
04/24/2017 00:56:27,168,10.8,1038.290,360.29,3.38,52,115,565
04/24/2017 00:56:37,152,10.8,1040.900,360.07,3.38,53,114,565
04/24/2017 00:56:47,161,10.8,1043.520,359.83,3.38,51,115,565
04/24/2017 00:56:57,155,10.8,1046.110,360.05,3.38,51,115,565
04/24/2017 00:57:07,167,10.8,1048.640,359.58,3.38,52,115,565
04/24/2017 00:57:17,173,10.8,1051.330,359.98,3.38,52,114,565
04/24/2017 00:57:27,170,10.8,1053.950,359.01,3.38,52,112,565
04/24/2017 00:57:37,149,10.8,1056.500,358.51,3.38,52,114,565
04/24/2017 00:57:47,149,10.8,1059.080,358.55,3.38,53,114,565
04/24/2017 00:57:57,161,10.8,1061.720,360.32,3.37,52,115,565
04/24/2017 00:58:07,149,10.8,1064.420,359.67,3.37,52,114,565
04/24/2017 00:58:17,141,10.9,1067.020,359.90,3.36,52,114,565
04/24/2017 00:58:27,153,10.9,1069.620,360.05,3.36,53,114,565
04/24/2017 00:58:37,150,10.8,1072.260,358.96,3.37,52,114,565
04/24/2017 00:58:47,158,10.8,1074.830,360.29,3.37,54,115,565
04/24/2017 00:58:57,167,10.8,1077.520,359.11,3.38,52,112,565
04/24/2017 00:59:07,164,10.8,1080.000,359.41,3.37,51,114,565
04/24/2017 00:59:17,155,10.8,1082.550,358.62,3.37,52,114,565
04/24/2017 00:59:27,133,10.9,1085.230,358.46,3.37,54,114,565
04/24/2017 00:59:37,161,10.8,1087.960,359.08,3.37,52,114,565
04/24/2017 00:59:47,156,10.8,1090.460,359.12,3.37,51,116,565
04/24/2017 00:59:57,142,10.8,1093.180,359.32,3.37,51,114,565
04/24/2017 01:00:07,149,10.8,1095.670,358.53,3.37,52,114,565
04/24/2017 01:00:17,155,10.8,1098.350,358.17,3.36,53,116,565
04/24/2017 01:00:27,163,10.8,1100.990,359.20,3.36,52,114,565
04/24/2017 01:00:37,148,10.8,1103.470,358.83,3.36,53,114,565
04/24/2017 01:00:47,154,10.9,1106.080,358.68,3.36,51,114,565
04/24/2017 01:00:57,142,10.8,1108.830,358.15,3.36,52,114,565
04/24/2017 01:01:07,158,10.8,1111.420,358.79,3.36,52,114,565
04/24/2017 01:01:17,147,10.8,1113.920,358.00,3.36,52,115,565
04/24/2017 01:01:27,144,10.8,1116.640,359.16,3.36,52,115,565
04/24/2017 01:01:37,170,10.8,1119.270,358.71,3.36,53,114,565
04/24/2017 01:01:47,147,10.8,1121.910,358.46,3.36,52,113,565
04/24/2017 01:01:57,161,10.8,1124.500,358.11,3.36,52,115,565
04/24/2017 01:02:07,151,10.8,1126.960,357.82,3.35,52,114,565
04/24/2017 01:02:17,136,10.9,1129.660,359.09,3.35,52,113,565
04/24/2017 01:02:27,151,10.8,1132.250,358.62,3.36,53,114,565
04/24/2017 01:02:37,159,10.8,1134.920,357.88,3.36,52,114,565
04/24/2017 01:02:47,169,10.8,1137.400,357.64,3.36,52,112,565
04/24/2017 01:02:57,155,10.8,1140.140,357.17,3.36,52,112,565
04/24/2017 01:03:07,146,10.9,1142.590,357.83,3.36,52,113,565
04/24/2017 01:03:17,151,10.8,1145.290,358.22,3.36,53,113,565
04/24/2017 01:03:27,162,10.8,1147.830,358.12,3.36,53,113,565
04/24/2017 01:03:37,163,10.8,1150.440,357.88,3.35,53,115,565
04/24/2017 01:03:47,153,10.8,1153.230,358.63,3.35,53,114,565
04/24/2017 01:03:57,157,10.8,1155.710,357.35,3.35,53,112,565
04/24/2017 01:04:07,144,10.8,1158.420,358.02,3.35,51,112,565
04/24/2017 01:04:17,147,10.8,1160.890,357.68,3.35,53,113,565
04/24/2017 01:04:27,151,10.8,1163.610,357.38,3.35,53,113,565
04/24/2017 01:04:37,175,10.8,1166.210,357.79,3.35,53,113,565
04/24/2017 01:04:47,164,10.8,1168.700,357.81,3.35,52,114,565
04/24/2017 01:04:57,148,10.8,1171.330,358.37,3.35,52,113,565
04/24/2017 01:05:07,157,10.8,1173.940,357.16,3.35,52,114,565
04/24/2017 01:05:17,179,10.8,1176.520,357.32,3.35,52,112,565
04/24/2017 01:05:27,180,10.8,1179.250,357.37,3.35,50,112,565
04/24/2017 01:05:37,156,10.8,1181.870,357.36,3.35,51,113,565
04/24/2017 01:05:47,175,10.8,1184.490,357.50,3.35,51,114,565
04/24/2017 01:05:57,154,10.8,1187.000,357.17,3.35,52,114,565
04/24/2017 01:06:07,159,10.8,1189.600,357.57,3.34,53,112,565
04/24/2017 01:06:17,167,10.8,1192.270,357.34,3.34,52,113,565
04/24/2017 01:06:27,149,10.8,1194.960,357.44,3.34,51,112,565
04/24/2017 01:06:37,155,10.8,1197.570,357.35,3.34,53,112,565
04/24/2017 01:06:47,176,10.8,1200.120,357.08,3.34,52,115,565
04/24/2017 01:06:57,176,10.8,1202.730,357.88,3.34,53,113,565
04/24/2017 01:07:07,155,10.8,1205.350,358.13,3.34,52,113,565
04/24/2017 01:07:17,167,10.8,1207.960,357.02,3.34,53,113,565
04/24/2017 01:07:27,164,10.8,1210.380,356.96,3.34,52,112,565
04/24/2017 01:07:37,160,10.8,1213.040,355.87,3.34,52,113,565
04/24/2017 01:07:47,152,10.8,1215.570,357.27,3.35,52,114,565
04/24/2017 01:07:57,165,10.8,1218.140,355.86,3.36,53,112,565
04/24/2017 01:08:07,178,10.8,1220.820,356.07,3.35,51,113,565
04/24/2017 01:08:17,190,10.8,1223.310,356.50,3.36,53,113,565
04/24/2017 01:08:27,171,10.8,1225.980,356.39,3.35,52,113,565
04/24/2017 01:08:37,147,10.8,1228.580,355.64,3.35,51,113,565
04/24/2017 01:08:47,174,10.8,1231.190,355.88,3.35,52,112,565
04/24/2017 01:08:57,158,10.8,1233.830,356.48,3.35,52,113,565
04/24/2017 01:09:07,169,10.8,1236.250,356.36,3.35,53,113,565
04/24/2017 01:09:17,162,10.8,1239.010,356.46,3.35,52,112,565
04/24/2017 01:09:27,178,10.8,1241.510,356.31,3.35,54,113,565
04/24/2017 01:09:37,179,10.8,1244.120,355.59,3.35,51,113,565
04/24/2017 01:09:47,155,10.8,1246.760,356.48,3.35,52,113,565
04/24/2017 01:09:57,186,10.8,1249.350,356.23,3.35,53,114,565
04/24/2017 01:10:07,158,10.8,1251.990,355.59,3.34,53,113,565
04/24/2017 01:10:17,175,10.8,1254.510,355.76,3.34,52,111,565
04/24/2017 01:10:27,160,10.8,1257.050,355.91,3.35,52,112,565
04/24/2017 01:10:37,174,10.8,1259.730,355.17,3.35,51,113,565
04/24/2017 01:10:47,174,10.8,1262.190,355.97,3.35,53,115,565
04/24/2017 01:10:57,147,10.8,1264.900,356.01,3.35,52,112,565
04/24/2017 01:11:07,174,10.8,1267.360,356.41,3.35,52,112,565
04/24/2017 01:11:17,166,10.8,1269.990,356.46,3.35,51,113,565
04/24/2017 01:11:27,156,10.8,1272.650,355.47,3.35,53,113,565
04/24/2017 01:11:37,170,10.8,1275.200,355.61,3.36,50,112,565
04/24/2017 01:11:47,158,10.8,1277.730,355.49,3.36,51,112,565
04/24/2017 01:11:57,180,10.8,1280.290,355.11,3.36,51,112,565
04/24/2017 01:12:07,154,10.8,1282.920,354.67,3.36,53,112,565
04/24/2017 01:12:17,172,10.8,1285.590,354.70,3.38,52,112,565
04/24/2017 01:12:27,161,10.8,1288.060,353.82,3.38,53,110,565
04/24/2017 01:12:37,148,10.8,1290.610,354.08,3.38,51,112,565
04/24/2017 01:12:47,173,10.8,1293.300,353.29,3.40,52,112,565
04/24/2017 01:12:57,173,10.8,1295.920,353.51,3.40,53,113,565
04/24/2017 01:13:07,161,10.8,1298.500,352.31,3.39,53,112,565
04/24/2017 01:13:17,174,10.8,1301.080,353.33,3.40,52,115,565
04/24/2017 01:13:27,171,10.8,1303.690,352.75,3.40,53,115,565
04/24/2017 01:13:37,153,10.8,1306.180,351.77,3.40,52,112,565
04/24/2017 01:13:47,166,10.8,1308.740,351.75,3.40,54,113,565
04/24/2017 01:13:57,154,10.8,1311.340,351.71,3.39,53,112,565
04/24/2017 01:14:07,150,10.8,1313.950,351.62,3.39,52,112,565
04/24/2017 01:14:17,178,10.8,1316.460,352.08,3.38,52,113,565
04/24/2017 01:14:27,183,10.8,1319.040,352.58,3.38,52,113,565
04/24/2017 01:14:37,158,10.8,1321.660,352.71,3.38,52,112,565
04/24/2017 01:14:47,179,10.8,1324.260,351.79,3.42,53,111,565
04/24/2017 01:14:57,168,10.8,1326.670,350.85,3.42,51,113,565
04/24/2017 01:15:07,177,10.8,1329.290,350.65,3.42,53,113,565
04/24/2017 01:15:17,144,10.8,1331.850,349.42,3.43,52,111,565
04/24/2017 01:15:27,180,10.8,1334.410,349.95,3.43,53,112,565
04/24/2017 01:15:37,177,10.8,1336.970,348.35,3.44,52,114,565
04/24/2017 01:15:47,182,10.8,1339.690,348.74,3.44,52,113,565
04/24/2017 01:15:57,202,10.8,1342.150,348.30,3.43,53,113,565
04/24/2017 01:16:07,166,10.8,1344.630,347.54,3.44,53,113,565
04/24/2017 01:16:17,195,10.8,1347.150,348.18,3.43,54,116,565
04/24/2017 01:16:27,184,10.8,1349.720,348.50,3.43,52,113,565
04/24/2017 01:16:37,181,10.8,1352.300,347.62,3.43,52,116,565
04/24/2017 01:16:47,167,10.8,1354.910,347.86,3.43,52,114,565
04/24/2017 01:16:57,177,10.8,1357.510,347.50,3.43,53,113,565
04/24/2017 01:17:07,196,10.8,1360.040,347.63,3.43,52,112,565
04/24/2017 01:17:17,175,10.8,1362.570,347.12,3.43,54,113,565
04/24/2017 01:17:27,163,10.8,1365.110,347.44,3.43,52,115,565
04/24/2017 01:17:37,174,10.8,1367.650,346.62,3.43,52,113,565
04/24/2017 01:17:47,174,10.8,1370.230,347.10,3.44,54,112,565
04/24/2017 01:17:57,190,10.8,1372.820,346.65,3.44,53,117,565
04/24/2017 01:18:07,178,10.8,1375.480,345.86,3.45,55,113,565
04/24/2017 01:18:17,153,10.8,1378.090,345.86,3.46,52,112,565
04/24/2017 01:18:27,183,10.8,1380.560,346.06,3.45,52,113,565
04/24/2017 01:18:37,186,10.8,1383.220,345.35,3.45,52,113,565
04/24/2017 01:18:47,179,10.8,1385.700,345.25,3.44,53,113,565
04/24/2017 01:18:57,162,10.8,1388.340,345.01,3.44,53,113,565
04/24/2017 01:19:07,165,10.8,1390.950,344.38,3.46,53,111,565
04/24/2017 01:19:17,174,10.8,1393.550,344.23,3.47,52,111,565
04/24/2017 01:19:27,182,10.8,1396.120,344.06,3.48,52,111,565
04/24/2017 01:19:37,179,10.8,1398.620,342.80,3.49,51,112,565
04/24/2017 01:19:47,185,10.8,1401.280,342.04,3.50,53,113,565
04/24/2017 01:19:57,170,10.8,1403.850,340.95,3.50,52,112,565
04/24/2017 01:20:07,172,10.8,1406.280,341.68,3.52,54,113,565
04/24/2017 01:20:17,174,10.8,1408.880,340.21,3.52,51,111,565
04/24/2017 01:20:27,174,10.8,1411.420,339.24,3.53,53,114,565
04/24/2017 01:20:37,174,10.8,1414.060,339.33,3.53,52,111,565
04/24/2017 01:20:47,161,10.8,1416.630,339.46,3.53,52,111,565
04/24/2017 01:20:57,175,10.8,1419.140,338.78,3.53,51,111,565
04/24/2017 01:21:07,164,10.8,1421.740,340.19,3.52,54,112,565
04/24/2017 01:21:17,188,10.8,1424.410,338.73,3.52,52,112,565
04/24/2017 01:21:27,147,10.8,1426.850,338.33,3.53,54,112,565
04/24/2017 01:21:37,154,10.8,1429.340,338.45,3.52,52,112,565
04/24/2017 01:21:47,153,10.8,1432.010,338.36,3.52,52,110,565
04/24/2017 01:21:57,171,10.8,1434.550,337.76,3.53,53,113,565
04/24/2017 01:22:07,168,10.8,1437.180,337.27,3.53,54,117,565
04/24/2017 01:22:17,160,10.8,1439.670,337.38,3.54,53,112,565
04/24/2017 01:22:27,183,10.8,1442.300,337.22,3.54,52,115,565
04/24/2017 01:22:37,158,10.8,1444.950,336.83,3.54,53,113,565
04/24/2017 01:22:47,172,10.8,1447.440,336.83,3.54,54,112,565
04/24/2017 01:22:57,171,10.8,1450.120,336.34,3.53,53,112,565
04/24/2017 01:23:07,153,10.8,1452.620,336.62,3.53,53,111,565
04/24/2017 01:23:17,161,10.8,1455.130,336.67,3.54,52,112,565
04/24/2017 01:23:27,175,10.8,1457.710,336.40,3.54,54,112,565
04/24/2017 01:23:37,171,10.8,1460.210,336.54,3.54,53,113,565
04/24/2017 01:23:47,147,10.8,1462.860,335.50,3.54,51,111,565
04/24/2017 01:23:57,147,10.8,1465.420,335.10,3.54,53,111,565
04/24/2017 01:24:07,159,10.8,1467.940,335.06,3.54,54,117,565
04/24/2017 01:24:17,193,10.8,1470.600,334.60,3.55,53,111,565
04/24/2017 01:24:27,187,10.8,1473.150,333.68,3.55,53,113,565
04/24/2017 01:24:37,174,10.8,1475.550,334.61,3.55,53,112,565
04/24/2017 01:24:47,171,10.8,1478.280,333.93,3.55,53,111,565
04/24/2017 01:24:57,168,10.8,1480.880,333.74,3.55,53,112,565
04/24/2017 01:25:07,159,10.8,1483.430,333.22,3.55,53,113,565
04/24/2017 01:25:17,193,10.8,1486.000,333.61,3.56,53,112,565
04/24/2017 01:25:27,190,10.8,1488.520,332.93,3.56,52,116,565
04/24/2017 01:25:37,161,10.8,1491.110,331.85,3.57,54,114,565
04/24/2017 01:25:47,160,10.8,1493.540,332.19,3.57,52,114,565
04/24/2017 01:25:57,167,10.8,1496.090,332.00,3.57,52,114,565
04/24/2017 01:26:07,161,10.8,1498.750,331.55,3.58,52,113,565
04/24/2017 01:26:17,160,10.8,1501.270,332.33,3.58,54,112,565
04/24/2017 01:26:27,156,10.8,1503.830,330.17,3.59,52,114,565
04/24/2017 01:26:37,175,10.8,1506.420,329.76,3.60,54,114,565
04/24/2017 01:26:47,191,10.8,1508.970,329.33,3.60,52,112,565
04/24/2017 01:26:57,197,10.8,1511.410,329.59,3.60,53,113,565
04/24/2017 01:27:07,179,10.8,1514.080,329.54,3.60,52,112,565
04/24/2017 01:27:17,162,10.8,1516.650,329.32,3.60,52,117,565
04/24/2017 01:27:27,167,10.8,1519.210,329.30,3.60,53,111,565
04/24/2017 01:27:37,167,10.8,1521.620,330.19,3.59,53,113,565
04/24/2017 01:27:47,176,10.8,1524.260,329.75,3.58,54,112,565
04/24/2017 01:27:57,194,10.8,1526.790,329.88,3.59,52,116,565
04/24/2017 01:28:07,186,10.8,1529.250,328.86,3.58,53,112,565
04/24/2017 01:28:17,176,10.8,1531.910,328.68,3.58,51,111,565
04/24/2017 01:28:27,182,10.8,1534.370,328.90,3.58,54,113,565
04/24/2017 01:28:37,172,10.8,1537.010,328.31,3.58,53,114,565
04/24/2017 01:28:47,155,10.8,1539.450,327.74,3.58,54,111,565
04/24/2017 01:28:57,176,10.8,1541.980,328.38,3.58,51,114,565
04/24/2017 01:29:07,155,10.8,1544.530,328.14,3.58,53,114,565
04/24/2017 01:29:17,184,10.8,1547.210,328.13,3.58,53,114,565
04/24/2017 01:29:27,161,10.8,1549.620,327.89,3.58,53,113,565
04/24/2017 01:29:37,195,10.8,1552.290,327.47,3.58,53,113,565
04/24/2017 01:29:47,179,10.8,1554.800,327.74,3.58,53,111,565
04/24/2017 01:29:57,180,10.8,1557.370,326.86,3.58,52,112,565
04/24/2017 01:30:07,169,10.8,1559.850,327.30,3.58,54,112,565
04/24/2017 01:30:17,155,10.8,1562.390,326.85,3.58,53,113,564
04/24/2017 01:30:27,178,10.8,1565.080,326.76,3.58,52,113,565
04/24/2017 01:30:37,181,10.8,1567.670,327.20,3.57,53,114,564
04/24/2017 01:30:47,168,10.8,1570.070,327.25,3.58,53,113,565
04/24/2017 01:30:57,167,10.8,1572.700,327.13,3.58,53,112,564
04/24/2017 01:31:07,156,10.8,1575.220,326.97,3.58,53,114,565
04/24/2017 01:31:17,160,10.8,1577.860,326.02,3.58,53,113,565
04/24/2017 01:31:27,166,10.8,1580.270,326.74,3.57,52,113,565
04/24/2017 01:31:37,180,10.8,1582.830,327.13,3.57,52,114,565
04/24/2017 01:31:47,174,10.8,1585.530,326.78,3.57,53,113,565
04/24/2017 01:31:57,147,10.8,1588.060,327.27,3.57,52,114,565
04/24/2017 01:32:07,183,10.8,1590.650,326.48,3.57,52,111,565
04/24/2017 01:32:17,203,10.8,1593.120,326.26,3.57,53,113,565
04/24/2017 01:32:27,154,10.8,1595.680,326.73,3.56,53,114,565
04/24/2017 01:32:37,155,10.8,1598.250,325.65,3.56,54,113,565
04/24/2017 01:32:47,194,10.8,1600.690,325.91,3.56,53,114,565
04/24/2017 01:32:57,163,10.8,1603.080,326.17,3.55,52,112,565
04/24/2017 01:33:07,219,10.8,1605.740,326.74,3.55,52,114,565
04/24/2017 01:33:17,179,10.8,1608.340,325.51,3.55,53,114,564
04/24/2017 01:33:27,176,10.8,1610.840,325.68,3.55,53,113,565
04/24/2017 01:33:37,170,10.8,1613.270,324.73,3.54,53,113,565
04/24/2017 01:33:47,188,10.8,1615.930,325.69,3.54,53,114,565
04/24/2017 01:33:57,167,10.8,1618.420,325.64,3.53,53,114,565
04/24/2017 01:34:07,176,10.8,1620.960,325.14,3.53,52,114,565
04/24/2017 01:34:17,170,10.8,1623.450,325.72,3.53,53,113,565
04/24/2017 01:34:27,162,10.8,1626.160,325.58,3.53,52,114,565
04/24/2017 01:34:37,197,10.8,1628.620,325.31,3.53,52,112,565
04/24/2017 01:34:47,185,10.8,1631.070,325.14,3.53,53,113,565
04/24/2017 01:34:57,144,10.8,1633.620,324.79,3.52,52,114,565
04/24/2017 01:35:07,159,10.8,1636.090,325.39,3.52,54,115,565
04/24/2017 01:35:17,193,10.8,1638.760,325.15,3.52,52,111,565
04/24/2017 01:35:27,181,10.8,1641.210,326.04,3.52,53,112,565
04/24/2017 01:35:37,175,10.8,1643.700,324.95,3.52,53,115,565
04/24/2017 01:35:47,159,10.8,1646.280,325.42,3.52,52,114,565
04/24/2017 01:35:57,185,10.8,1648.870,324.40,3.51,53,115,565
04/24/2017 01:36:07,205,10.8,1651.390,325.41,3.51,54,113,565
04/24/2017 01:36:17,186,10.8,1653.860,325.30,3.51,51,113,565
04/24/2017 01:36:27,215,10.7,1656.480,325.33,3.51,52,114,565
04/24/2017 01:36:37,169,10.8,1658.970,325.24,3.50,52,111,565
04/24/2017 01:36:47,176,10.8,1661.490,324.96,3.51,51,113,565
04/24/2017 01:36:57,186,10.8,1663.990,324.30,3.50,53,113,565
04/24/2017 01:37:07,155,10.8,1666.430,325.14,3.50,53,112,565
04/24/2017 01:37:17,168,10.8,1668.890,324.95,3.49,53,113,565
04/24/2017 01:37:27,185,10.8,1671.560,324.94,3.49,54,112,565
04/24/2017 01:37:37,198,10.8,1674.000,325.11,3.49,52,111,565
04/24/2017 01:37:47,193,10.8,1676.430,324.95,3.49,53,112,565
04/24/2017 01:37:57,195,10.8,1679.070,324.77,3.49,53,114,565
04/24/2017 01:38:07,172,10.8,1681.520,323.94,3.49,54,112,565
04/24/2017 01:38:17,195,10.8,1684.080,324.12,3.48,52,112,564
04/24/2017 01:38:27,189,10.8,1686.540,324.15,3.48,54,113,565
04/24/2017 01:38:37,205,10.8,1689.180,323.75,3.48,52,112,565
04/24/2017 01:38:47,179,10.8,1691.730,324.07,3.48,52,114,565
04/24/2017 01:38:57,196,10.8,1694.180,324.58,3.48,53,113,565
04/24/2017 01:39:07,165,10.8,1696.720,323.74,3.47,54,113,565
04/24/2017 01:39:17,200,10.8,1699.230,324.01,3.47,55,111,565
04/24/2017 01:39:27,185,10.8,1701.800,323.95,3.47,53,112,565
04/24/2017 01:39:37,173,10.8,1704.360,323.78,3.47,53,115,565
04/24/2017 01:39:47,190,10.8,1706.800,323.86,3.47,54,112,565
04/24/2017 01:39:57,201,10.8,1709.290,323.50,3.47,52,113,564
04/24/2017 01:40:07,189,10.8,1711.730,323.30,3.47,51,112,565
04/24/2017 01:40:17,194,10.8,1714.050,323.98,3.47,54,113,565
04/24/2017 01:40:27,168,10.8,1716.640,323.65,3.47,54,114,565
04/24/2017 01:40:37,198,10.8,1719.070,324.10,3.47,53,110,565
04/24/2017 01:40:47,214,10.8,1721.650,323.70,3.47,53,111,564
04/24/2017 01:40:57,154,10.8,1724.150,323.43,3.46,52,111,565
04/24/2017 01:41:07,206,10.8,1726.660,323.80,3.46,54,113,565
04/24/2017 01:41:17,174,10.8,1729.090,323.59,3.46,53,112,565
04/24/2017 01:41:27,236,10.8,1731.620,323.61,3.46,54,113,564
04/24/2017 01:41:37,200,10.8,1733.940,322.95,3.46,53,112,565
04/24/2017 01:41:47,180,10.8,1736.440,324.21,3.46,54,117,565
04/24/2017 01:41:57,189,10.8,1739.010,324.02,3.45,54,113,565
04/24/2017 01:42:07,184,10.8,1741.570,323.21,3.45,52,111,565
04/24/2017 01:42:17,202,10.8,1744.000,322.80,3.45,52,112,565
04/24/2017 01:42:27,208,10.8,1746.410,323.24,3.45,52,112,565
04/24/2017 01:42:37,182,10.8,1749.000,323.84,3.45,52,113,565
04/24/2017 01:42:47,189,10.7,1751.570,322.61,3.45,54,111,565
04/24/2017 01:42:57,215,10.8,1754.000,323.19,3.45,52,112,565
04/24/2017 01:43:07,188,10.8,1756.410,323.34,3.45,52,111,565
04/24/2017 01:43:17,180,10.8,1758.910,322.80,3.44,53,112,565
04/24/2017 01:43:27,182,10.8,1761.440,323.81,3.44,53,110,565
04/24/2017 01:43:37,169,10.8,1763.790,323.70,3.44,53,113,565
04/24/2017 01:43:47,186,10.8,1766.260,323.04,3.44,53,113,565
04/24/2017 01:43:57,210,10.8,1768.870,323.01,3.44,53,111,565
04/24/2017 01:44:07,166,10.8,1771.340,322.93,3.43,51,112,565
04/24/2017 01:44:17,191,10.8,1773.760,323.04,3.43,54,112,565
04/24/2017 01:44:27,199,10.8,1776.350,322.71,3.43,54,112,565
04/24/2017 01:44:37,212,10.8,1778.790,322.51,3.43,53,112,565
04/24/2017 01:44:47,166,10.8,1781.180,323.07,3.43,53,112,564
04/24/2017 01:44:57,149,10.8,1783.530,323.68,3.41,53,113,565
04/24/2017 01:45:07,227,10.8,1785.850,323.37,3.41,52,112,565
04/24/2017 01:45:17,153,10.8,1788.340,323.60,3.41,54,112,565
04/24/2017 01:45:27,181,10.8,1790.780,323.57,3.40,53,112,565
04/24/2017 01:45:37,216,10.8,1793.310,323.60,3.39,52,112,565
04/24/2017 01:45:47,174,10.8,1795.670,323.30,3.39,51,112,565
04/24/2017 01:45:57,211,10.8,1798.170,323.58,3.39,54,113,565
04/24/2017 01:46:07,205,10.8,1800.670,324.29,3.38,52,112,565
04/24/2017 01:46:17,184,10.8,1803.080,323.89,3.38,52,112,565
04/24/2017 01:46:27,202,10.8,1805.490,324.38,3.38,54,113,565
04/24/2017 01:46:37,224,10.8,1807.900,323.89,3.38,52,111,565
04/24/2017 01:46:47,166,10.8,1810.390,323.32,3.38,53,115,565
04/24/2017 01:46:57,217,10.8,1812.800,323.66,3.38,53,111,565
04/24/2017 01:47:07,196,10.8,1815.370,323.79,3.38,54,113,565
04/24/2017 01:47:17,194,10.8,1817.800,323.07,3.38,53,113,565
04/24/2017 01:47:27,220,10.8,1820.150,323.17,3.37,54,113,565
04/24/2017 01:47:37,171,10.8,1822.560,323.77,3.37,53,114,565
04/24/2017 01:47:47,212,10.8,1824.920,323.44,3.37,53,112,565
04/24/2017 01:47:57,206,10.8,1827.480,323.57,3.35,54,112,565
04/24/2017 01:48:07,172,10.8,1829.960,323.77,3.35,52,112,565
04/24/2017 01:48:17,215,10.8,1832.420,324.25,3.35,54,112,565
04/24/2017 01:48:27,215,10.8,1834.720,323.33,3.34,52,116,565
04/24/2017 01:48:37,191,10.8,1837.350,323.97,3.34,52,112,565
04/24/2017 01:48:47,185,10.8,1839.690,323.46,3.34,53,110,565
04/24/2017 01:48:57,208,10.8,1842.160,323.40,3.34,53,111,565
04/24/2017 01:49:07,181,10.8,1844.590,323.65,3.34,53,112,565
04/24/2017 01:49:17,197,10.8,1847.080,323.88,3.33,54,110,565
04/24/2017 01:49:27,208,10.8,1849.680,322.68,3.33,52,111,565
04/24/2017 01:49:37,208,10.8,1852.100,323.46,3.32,53,111,565
04/24/2017 01:49:47,195,10.8,1854.640,323.08,3.32,53,111,565
04/24/2017 01:49:57,180,10.8,1857.080,323.74,3.32,52,112,565
04/24/2017 01:50:07,185,10.8,1859.530,322.57,3.32,53,110,565
04/24/2017 01:50:17,160,10.8,1861.970,323.75,3.31,53,112,565
04/24/2017 01:50:27,184,10.8,1864.310,323.17,3.31,51,111,565
04/24/2017 01:50:37,192,10.8,1866.920,323.64,3.31,52,113,565
04/24/2017 01:50:47,194,10.8,1869.370,324.23,3.31,52,111,565
04/24/2017 01:50:57,181,10.8,1871.710,322.93,3.31,52,113,565
04/24/2017 01:51:07,196,10.7,1874.200,323.20,3.31,52,113,565
04/24/2017 01:51:17,216,10.8,1876.660,323.21,3.31,54,110,565
04/24/2017 01:51:27,205,10.7,1879.120,323.16,3.31,53,113,565
04/24/2017 01:51:37,200,10.8,1881.710,323.24,3.31,53,112,565
04/24/2017 01:51:47,224,10.8,1884.180,323.37,3.30,54,112,565
04/24/2017 01:51:57,204,10.8,1886.610,323.17,3.30,52,110,565
04/24/2017 01:52:07,198,10.8,1889.140,323.43,3.30,53,116,565
04/24/2017 01:52:17,185,10.8,1891.660,322.85,3.30,52,114,565
04/24/2017 01:52:27,176,10.8,1894.120,323.53,3.29,52,111,565
04/24/2017 01:52:37,183,10.8,1896.430,323.71,3.29,53,111,565
04/24/2017 01:52:47,184,10.8,1899.010,323.19,3.29,53,112,565
04/24/2017 01:52:57,179,10.8,1901.490,323.41,3.29,53,112,565
04/24/2017 01:53:07,192,10.8,1903.970,323.82,3.29,53,116,565
04/24/2017 01:53:17,202,10.8,1906.500,323.44,3.28,54,111,565
04/24/2017 01:53:27,199,10.8,1908.920,324.17,3.28,54,112,565
04/24/2017 01:53:37,192,10.8,1911.460,323.76,3.28,53,112,565
04/24/2017 01:53:47,195,10.8,1913.980,323.89,3.28,54,117,565
04/24/2017 01:53:57,189,10.8,1916.350,324.09,3.27,53,112,565
04/24/2017 01:54:07,215,10.8,1918.720,324.64,3.27,53,112,565
04/24/2017 01:54:17,207,10.8,1921.260,325.09,3.26,53,113,565
04/24/2017 01:54:27,174,10.8,1923.710,324.48,3.26,53,113,565
04/24/2017 01:54:37,182,10.8,1926.230,324.89,3.26,53,114,565
04/24/2017 01:54:47,210,10.8,1928.640,324.44,3.26,53,114,565
04/24/2017 01:54:57,207,10.8,1931.090,324.87,3.26,53,115,565
04/24/2017 01:55:07,203,10.8,1933.660,324.99,3.26,53,114,565
04/24/2017 01:55:17,190,10.7,1936.140,325.38,3.26,53,113,565
04/24/2017 01:55:27,187,10.8,1938.540,325.23,3.26,53,115,565
04/24/2017 01:55:37,228,10.7,1941.160,324.41,3.25,53,116,565
04/24/2017 01:55:47,214,10.8,1943.460,325.11,3.25,54,142,565
04/24/2017 01:55:57,225,10.8,1946.020,325.77,3.25,52,114,565
04/24/2017 01:56:07,194,10.8,1948.440,325.52,3.24,53,114,565
04/24/2017 01:56:17,212,10.8,1950.880,325.99,3.23,53,118,565
04/24/2017 01:56:27,209,10.8,1953.330,326.20,3.23,52,114,565
04/24/2017 01:56:37,188,10.8,1955.850,325.25,3.23,53,115,565
04/24/2017 01:56:47,220,10.8,1958.280,325.77,3.23,52,115,565
04/24/2017 01:56:57,200,10.7,1960.840,325.59,3.22,52,114,565
04/24/2017 01:57:07,213,10.8,1963.230,326.69,3.22,54,115,565
04/24/2017 01:57:17,182,10.8,1965.680,325.63,3.22,53,114,565
04/24/2017 01:57:27,199,10.7,1968.180,325.51,3.22,52,114,565
04/24/2017 01:57:37,236,10.8,1970.470,324.87,3.21,52,114,565
04/24/2017 01:57:47,239,10.7,1972.900,324.72,3.21,53,112,565
04/24/2017 01:57:57,189,10.7,1975.390,324.78,3.20,54,114,565
04/24/2017 01:58:07,216,10.7,1977.760,324.48,3.20,54,113,565
04/24/2017 01:58:17,191,10.7,1980.230,324.20,3.20,54,112,565
04/24/2017 01:58:27,214,10.7,1982.750,324.50,3.19,51,114,565
04/24/2017 01:58:37,205,10.7,1985.070,324.45,3.18,54,115,565
04/24/2017 01:58:47,217,10.8,1987.600,325.11,3.18,52,116,565
04/24/2017 01:58:57,194,10.8,1989.970,325.21,3.17,53,116,565
04/24/2017 01:59:07,207,10.7,1992.470,326.73,3.17,51,115,565
04/24/2017 01:59:17,200,10.8,1994.870,326.16,3.17,53,116,565
04/24/2017 01:59:27,208,10.8,1997.310,325.81,3.17,52,117,565
04/24/2017 01:59:37,228,10.8,1999.810,326.60,3.16,54,118,565
04/24/2017 01:59:47,205,10.8,2002.200,326.17,3.16,53,118,565
04/24/2017 01:59:57,189,10.8,2004.770,326.01,3.16,52,115,565
04/24/2017 02:00:07,218,10.8,2007.130,326.23,3.16,52,113,565
04/24/2017 02:00:17,221,10.8,2009.790,325.61,3.16,53,128,565
04/24/2017 02:00:27,194,10.8,2012.200,326.37,3.15,52,115,565
04/24/2017 02:00:37,203,10.8,2014.640,326.37,3.15,53,113,565
04/24/2017 02:00:47,207,10.8,2017.100,325.63,3.15,51,114,565
04/24/2017 02:00:57,203,10.8,2019.600,325.22,3.15,54,114,565
04/24/2017 02:01:07,191,10.8,2022.000,325.54,3.14,52,116,565
04/24/2017 02:01:17,209,10.8,2024.610,325.60,3.14,53,113,565
04/24/2017 02:01:27,210,10.8,2027.170,325.13,3.14,53,114,565
04/24/2017 02:01:37,178,10.8,2029.530,325.70,3.14,53,117,565
04/24/2017 02:01:47,204,10.8,2032.050,325.64,3.14,52,115,565
04/24/2017 02:01:57,201,10.7,2034.530,325.45,3.13,53,119,565
04/24/2017 02:02:07,209,10.7,2037.010,325.87,3.13,53,122,565
04/24/2017 02:02:17,173,10.8,2039.460,325.91,3.12,54,118,565
04/24/2017 02:02:27,201,10.8,2041.970,325.53,3.11,53,116,565
04/24/2017 02:02:37,195,10.8,2044.310,326.36,3.10,54,117,565
04/24/2017 02:02:47,218,10.8,2046.840,325.90,3.10,53,117,565
04/24/2017 02:02:57,196,10.8,2049.330,326.16,3.09,53,117,565
04/24/2017 02:03:07,189,10.8,2051.720,326.18,3.09,54,117,565
04/24/2017 02:03:17,193,10.7,2054.170,326.83,3.09,53,117,565
04/24/2017 02:03:27,205,10.8,2056.580,326.17,3.09,53,116,565
04/24/2017 02:03:37,189,10.8,2058.970,326.56,3.09,53,114,565
04/24/2017 02:03:47,208,10.8,2061.460,326.19,3.09,52,118,565
04/24/2017 02:03:57,204,10.8,2063.990,325.53,3.08,52,118,565
04/24/2017 02:04:07,229,10.8,2066.510,325.08,3.08,51,113,565
04/24/2017 02:04:17,211,10.8,2068.950,324.89,3.08,52,112,565
04/24/2017 02:04:27,158,10.8,2071.400,325.32,3.08,52,114,565
04/24/2017 02:04:37,202,10.8,2073.720,324.89,3.08,53,115,565
04/24/2017 02:04:47,210,10.8,2076.220,324.57,3.08,54,113,565
04/24/2017 02:04:57,194,10.8,2078.700,324.51,3.08,51,113,565
04/24/2017 02:05:07,198,10.8,2081.120,323.76,3.08,53,112,565
04/24/2017 02:05:17,234,10.8,2083.550,324.34,3.08,54,112,565
04/24/2017 02:05:27,198,10.8,2086.150,323.84,3.07,54,112,565
04/24/2017 02:05:37,188,10.7,2088.600,324.33,3.06,52,113,565
04/24/2017 02:05:47,205,10.7,2091.050,323.95,3.06,54,111,565
04/24/2017 02:05:57,170,10.8,2093.560,324.95,3.06,54,113,565
04/24/2017 02:06:07,184,10.8,2096.040,323.53,3.06,53,112,565
04/24/2017 02:06:17,181,10.8,2098.520,324.04,3.06,53,113,565
04/24/2017 02:06:27,213,10.8,2100.980,324.03,3.06,53,111,565
04/24/2017 02:06:37,203,10.7,2103.340,324.67,3.05,53,114,565
04/24/2017 02:06:47,205,10.8,2105.790,324.94,3.05,54,116,565
04/24/2017 02:06:57,218,10.7,2108.240,324.29,3.05,53,113,565
04/24/2017 02:07:07,247,10.7,2110.830,324.17,3.05,53,114,565
04/24/2017 02:07:17,202,10.8,2113.210,324.20,3.04,53,113,565
04/24/2017 02:07:27,213,10.8,2115.750,325.07,3.04,53,117,565
04/24/2017 02:07:37,216,10.8,2118.100,325.48,3.02,52,117,565
04/24/2017 02:07:47,206,10.7,2120.680,325.93,3.02,53,115,565
04/24/2017 02:07:57,188,10.8,2123.030,325.29,3.01,52,115,565
04/24/2017 02:08:07,232,10.8,2125.380,326.21,3.01,51,118,565
04/24/2017 02:08:17,214,10.8,2128.050,326.37,3.01,53,118,565
04/24/2017 02:08:27,214,10.8,2130.460,325.33,3.01,53,115,565
04/24/2017 02:08:37,204,10.7,2132.850,325.71,3.01,54,118,565
04/24/2017 02:08:47,215,10.8,2135.370,325.14,3.01,54,115,565
04/24/2017 02:08:57,203,10.7,2137.700,325.91,3.01,53,116,565
04/24/2017 02:09:07,214,10.8,2140.340,325.90,3.01,52,117,565
04/24/2017 02:09:17,219,10.8,2142.710,325.49,3.01,53,117,565
04/24/2017 02:09:27,200,10.8,2145.050,325.48,3.01,53,112,565
04/24/2017 02:09:37,185,10.8,2147.520,325.10,3.01,54,114,565
04/24/2017 02:09:47,204,10.8,2150.000,324.33,3.00,54,113,565
04/24/2017 02:09:57,228,10.8,2152.540,324.87,2.99,54,116,565
04/24/2017 02:10:07,193,10.8,2154.990,325.13,2.99,53,117,565
04/24/2017 02:10:17,198,10.8,2157.390,325.03,2.99,52,118,565
04/24/2017 02:10:27,194,10.8,2159.780,325.85,2.98,53,117,565
04/24/2017 02:10:37,207,10.8,2162.350,325.90,2.98,53,118,565
04/24/2017 02:10:47,194,10.8,2164.880,326.53,2.98,51,117,565
04/24/2017 02:10:57,223,10.8,2167.300,326.23,2.98,52,115,565
04/24/2017 02:11:07,193,10.8,2169.810,326.48,2.97,52,116,565
04/24/2017 02:11:17,189,10.8,2172.300,326.07,2.97,53,117,565
04/24/2017 02:11:27,198,10.8,2174.670,326.13,2.97,52,117,565
04/24/2017 02:11:37,202,10.7,2177.150,326.30,2.97,53,116,565
04/24/2017 02:11:47,226,10.8,2179.670,326.17,2.96,53,118,565
04/24/2017 02:11:57,201,10.8,2182.190,325.96,2.96,55,116,565
04/24/2017 02:12:07,220,10.8,2184.500,326.02,2.96,53,117,565
04/24/2017 02:12:17,207,10.8,2187.110,326.15,2.96,53,116,565
04/24/2017 02:12:27,198,10.8,2189.510,325.88,2.96,52,117,565
04/24/2017 02:12:37,191,10.8,2192.040,326.33,2.96,53,117,565
04/24/2017 02:12:47,198,10.8,2194.350,326.63,2.95,54,118,565
04/24/2017 02:12:57,216,10.8,2196.960,326.63,2.94,53,116,565
04/24/2017 02:13:07,233,10.7,2199.380,326.49,2.94,53,119,565
04/24/2017 02:13:17,234,10.8,2201.880,326.13,2.93,55,117,565
04/24/2017 02:13:27,196,10.8,2204.100,326.48,2.93,53,115,565
04/24/2017 02:13:37,238,10.8,2206.820,326.38,2.93,54,115,566
04/24/2017 02:13:47,178,10.8,2209.240,325.63,2.93,53,117,565
04/24/2017 02:13:57,210,10.8,2211.480,326.28,2.93,54,115,565
04/24/2017 02:14:07,216,10.8,2213.940,325.79,2.92,53,116,565
04/24/2017 02:14:17,204,10.8,2216.340,325.90,2.92,54,117,565
04/24/2017 02:14:27,191,10.7,2218.770,326.44,2.91,53,116,565
04/24/2017 02:14:37,215,10.8,2221.170,326.80,2.91,53,120,565
04/24/2017 02:14:47,243,10.7,2223.630,325.38,2.91,53,120,565
04/24/2017 02:14:57,202,10.7,2226.030,326.47,2.90,53,117,566
04/24/2017 02:15:07,212,10.7,2228.300,327.10,2.89,53,117,565
04/24/2017 02:15:17,219,10.7,2230.810,327.19,2.89,53,116,566
04/24/2017 02:15:27,212,10.7,2233.330,326.62,2.89,53,119,565
04/24/2017 02:15:37,216,10.7,2235.670,327.20,2.89,54,116,565
04/24/2017 02:15:47,179,10.8,2238.070,326.85,2.88,53,119,565
04/24/2017 02:15:57,200,10.8,2240.380,326.78,2.88,54,121,565
04/24/2017 02:16:07,211,10.7,2242.920,327.20,2.88,52,124,566
04/24/2017 02:16:17,210,10.7,2245.310,326.29,2.88,55,119,565
04/24/2017 02:16:27,199,10.7,2247.730,327.22,2.88,53,118,565
04/24/2017 02:16:37,231,10.7,2250.210,326.81,2.88,53,117,565
04/24/2017 02:16:47,218,10.8,2252.250,326.48,2.88,53,119,565
04/24/2017 02:16:57,196,10.7,2254.590,326.64,2.87,54,117,566
04/24/2017 02:17:07,205,10.8,2257.050,326.27,2.87,53,117,566
04/24/2017 02:17:17,204,10.8,2259.330,327.30,2.87,52,119,565
04/24/2017 02:17:27,225,10.7,2261.820,327.65,2.87,53,118,565
04/24/2017 02:17:37,220,10.8,2264.170,327.00,2.86,53,116,566
04/24/2017 02:17:47,206,10.8,2266.610,326.38,2.86,52,116,565
04/24/2017 02:17:57,223,10.7,2269.160,326.08,2.86,53,118,565
04/24/2017 02:18:07,200,10.8,2271.500,326.24,2.86,54,115,566
04/24/2017 02:18:17,185,10.7,2273.890,325.49,2.86,54,119,565
04/24/2017 02:18:27,153,10.8,2276.310,325.02,2.85,53,117,565
04/24/2017 02:18:37,143,10.7,2278.350,325.48,2.85,53,114,565
04/24/2017 02:18:47,247,10.8,2280.620,324.94,2.84,54,118,565
04/24/2017 02:18:57,200,10.8,2282.800,326.14,2.84,53,118,565
04/24/2017 02:19:07,220,10.8,2285.060,325.57,2.83,53,115,565
04/24/2017 02:19:17,226,10.8,2287.400,325.40,2.83,53,115,566
04/24/2017 02:19:27,198,10.8,2289.740,325.42,2.82,53,116,565
04/24/2017 02:19:37,218,10.8,2292.130,325.98,2.81,52,117,565
04/24/2017 02:19:47,169,10.7,2294.180,326.45,2.81,54,118,566
04/24/2017 02:19:57,212,10.8,2296.380,326.74,2.80,54,116,565
04/24/2017 02:20:07,202,10.8,2298.700,326.85,2.80,52,118,565
04/24/2017 02:20:17,224,10.8,2301.010,326.78,2.80,53,118,566
04/24/2017 02:20:27,228,10.8,2303.360,328.13,2.79,55,118,565
04/24/2017 02:20:37,221,10.8,2305.610,328.02,2.78,53,119,566
04/24/2017 02:20:47,192,10.7,2307.930,328.34,2.77,52,121,566
04/24/2017 02:20:57,235,10.8,2310.210,328.64,2.75,54,121,566
04/24/2017 02:21:07,213,10.7,2312.640,330.21,2.76,54,120,566
04/24/2017 02:21:17,185,10.8,2314.850,329.53,2.76,52,120,566
04/24/2017 02:21:27,221,10.8,2317.260,328.86,2.76,53,119,565
04/24/2017 02:21:37,189,10.7,2319.540,328.67,2.76,53,120,566
04/24/2017 02:21:47,180,10.8,2321.950,329.39,2.76,52,119,566
04/24/2017 02:21:57,197,10.8,2324.180,327.91,2.75,52,120,566
04/24/2017 02:22:07,211,10.7,2326.520,329.07,2.74,52,123,565
04/24/2017 02:22:17,213,10.7,2328.740,329.14,2.73,55,127,566
04/24/2017 02:22:27,222,10.8,2331.020,330.32,2.71,53,125,566
04/24/2017 02:22:37,215,10.8,2333.260,330.96,2.71,53,124,566
04/24/2017 02:22:47,217,10.8,2335.720,331.48,2.71,53,126,566
04/24/2017 02:22:57,218,10.7,2338.000,331.46,2.70,52,124,566
04/24/2017 02:23:07,222,10.8,2340.330,332.02,2.70,54,126,566
04/24/2017 02:23:17,219,10.7,2342.720,331.90,2.69,53,125,565
04/24/2017 02:23:27,236,10.7,2345.090,331.82,2.68,53,126,566
04/24/2017 02:23:37,201,10.7,2347.400,331.07,2.68,54,123,566
04/24/2017 02:23:47,221,10.7,2349.790,331.86,2.68,53,123,566
04/24/2017 02:23:57,154,10.7,2351.970,332.52,2.67,53,124,566
04/24/2017 02:24:07,220,10.8,2354.250,331.39,2.66,53,127,566
04/24/2017 02:24:17,155,10.8,2356.410,331.43,2.65,51,121,566
04/24/2017 02:24:27,190,10.7,2358.510,331.35,2.65,53,129,566
04/24/2017 02:24:37,251,10.7,2360.890,331.02,2.65,52,122,566
04/24/2017 02:24:47,252,10.8,2363.240,331.50,2.65,52,127,566
04/24/2017 02:24:57,185,10.8,2365.490,331.42,2.65,53,124,566
04/24/2017 02:25:07,250,10.8,2367.570,331.56,2.64,53,125,566
04/24/2017 02:25:17,218,10.7,2370.080,331.73,2.64,54,126,566
04/24/2017 02:25:27,237,10.7,2372.300,331.90,2.64,51,125,566
04/24/2017 02:25:37,231,10.7,2374.610,331.99,2.63,53,124,566
04/24/2017 02:25:47,231,10.7,2376.770,332.15,2.63,52,149,566
04/24/2017 02:25:57,229,10.7,2379.010,332.60,2.62,52,123,566
04/24/2017 02:26:07,208,10.7,2381.270,332.19,2.62,54,124,566
04/24/2017 02:26:17,233,10.7,2383.530,331.78,2.63,53,128,566
04/24/2017 02:26:27,238,10.8,2385.920,332.13,2.63,53,124,566
04/24/2017 02:26:37,218,10.7,2388.130,331.40,2.63,52,123,566
04/24/2017 02:26:47,235,10.7,2390.440,330.93,2.63,54,122,566
04/24/2017 02:26:57,249,10.8,2392.560,330.95,2.63,54,118,566
04/24/2017 02:27:07,197,10.8,2394.810,330.98,2.62,52,123,566
04/24/2017 02:27:17,242,10.7,2396.920,331.40,2.61,54,123,566
04/24/2017 02:27:27,206,10.8,2399.100,331.89,2.61,53,122,566
04/24/2017 02:27:37,222,10.7,2401.320,332.04,2.61,55,121,566
04/24/2017 02:27:47,253,10.7,2403.580,331.78,2.59,54,135,566
04/24/2017 02:27:57,203,10.7,2405.790,332.22,2.58,54,136,566
04/24/2017 02:28:07,219,10.8,2407.990,332.71,2.57,53,124,566
04/24/2017 02:28:17,211,10.7,2410.310,333.58,2.57,54,125,566
04/24/2017 02:28:27,251,10.7,2412.690,334.04,2.55,53,128,566
04/24/2017 02:28:37,168,10.7,2415.010,333.43,2.55,53,125,566
04/24/2017 02:28:47,211,10.7,2417.110,333.74,2.55,53,125,566
04/24/2017 02:28:57,231,10.8,2419.370,333.33,2.55,53,127,566
04/24/2017 02:29:07,224,10.7,2421.510,333.31,2.55,54,125,566
04/24/2017 02:29:17,245,10.7,2423.770,332.14,2.55,53,124,566
04/24/2017 02:29:27,232,10.7,2425.980,331.97,2.55,53,123,566
04/24/2017 02:29:37,212,10.7,2428.300,333.02,2.54,54,130,566
04/24/2017 02:29:47,211,10.7,2430.530,332.33,2.54,52,125,566
04/24/2017 02:29:57,233,10.7,2432.780,332.28,2.53,53,123,566
04/24/2017 02:30:07,239,10.7,2435.150,332.28,2.54,52,124,566
04/24/2017 02:30:17,236,10.7,2437.310,332.48,2.54,53,122,566
04/24/2017 02:30:27,233,10.7,2439.670,330.75,2.54,53,124,566
04/24/2017 02:30:37,249,10.7,2442.040,330.66,2.54,54,121,566
04/24/2017 02:30:47,209,10.7,2444.390,331.16,2.53,53,121,566
04/24/2017 02:30:57,224,10.7,2446.700,330.94,2.53,53,120,566
04/24/2017 02:31:07,236,10.7,2448.870,330.20,2.53,53,119,566
04/24/2017 02:31:17,242,10.7,2451.190,330.53,2.54,54,118,566
04/24/2017 02:31:27,228,10.7,2453.480,329.28,2.53,53,117,566
04/24/2017 02:31:37,215,10.7,2455.790,329.78,2.53,51,117,566
04/24/2017 02:31:47,219,10.7,2457.890,329.03,2.53,53,119,566
04/24/2017 02:31:57,233,10.7,2460.150,329.45,2.54,53,117,566
04/24/2017 02:32:07,154,10.7,2462.360,328.65,2.53,54,118,566
04/24/2017 02:32:17,222,10.8,2464.550,328.93,2.52,54,117,566
04/24/2017 02:32:27,215,10.7,2466.730,329.15,2.51,53,129,566
04/24/2017 02:32:37,248,10.7,2468.950,328.59,2.50,53,117,566
04/24/2017 02:32:47,231,10.7,2470.950,329.17,2.48,52,117,566
04/24/2017 02:32:57,226,10.7,2473.220,330.31,2.47,54,119,566
04/24/2017 02:33:07,200,10.7,2475.360,330.48,2.46,54,119,566
04/24/2017 02:33:17,213,10.7,2477.360,329.60,2.46,52,116,566
04/24/2017 02:33:27,206,10.7,2479.570,330.56,2.45,53,118,566
04/24/2017 02:33:37,234,10.7,2481.840,330.58,2.45,53,120,566
04/24/2017 02:33:47,201,10.8,2483.930,330.70,2.45,52,120,566
04/24/2017 02:33:57,245,10.8,2486.170,331.41,2.44,52,119,566
04/24/2017 02:34:07,217,10.8,2488.290,330.14,2.44,53,119,566
04/24/2017 02:34:17,206,10.7,2490.450,331.60,2.43,53,126,566
04/24/2017 02:34:27,194,10.7,2492.450,330.91,2.43,54,118,566
04/24/2017 02:34:37,231,10.7,2494.690,331.05,2.43,53,118,566
04/24/2017 02:34:47,218,10.8,2496.900,331.05,2.42,53,118,566
04/24/2017 02:34:57,249,10.7,2498.880,331.49,2.42,53,117,566
04/24/2017 02:35:07,232,10.8,2500.990,330.90,2.41,54,121,566
04/24/2017 02:35:17,215,10.7,2502.780,332.03,2.40,53,122,566
04/24/2017 02:35:27,217,10.8,2505.170,333.60,2.36,52,124,566
04/24/2017 02:35:37,212,10.8,2507.200,334.05,2.35,53,124,566
04/24/2017 02:35:47,213,10.7,2509.290,335.25,2.31,52,124,566
04/24/2017 02:35:57,200,10.7,2511.230,335.65,2.29,54,123,566
04/24/2017 02:36:07,213,10.7,2513.290,336.40,2.27,54,124,566
04/24/2017 02:36:17,213,10.8,2515.470,336.65,2.25,52,127,566
04/24/2017 02:36:27,223,10.7,2517.530,337.37,2.24,53,120,566
04/24/2017 02:36:37,202,10.8,2519.410,336.93,2.23,53,124,566
04/24/2017 02:36:47,215,10.8,2521.350,337.17,2.23,54,121,566
04/24/2017 02:36:57,207,10.7,2523.320,337.53,2.22,52,123,566
04/24/2017 02:37:07,207,10.7,2525.290,337.38,2.20,54,123,566
04/24/2017 02:37:17,223,10.7,2527.170,338.03,2.20,54,124,566

 Ramp exit:    SMOOTH RUNNING
 Profile exit: BOTTOM PRESSURE

 Vehicle motion stopped at 04/24/2017 02:37:21
 Sensor logging stopped at 04/24/2017 02:39:29
