
 Profile 351

 Sensors were turned on at  04/29/2017 20:00:02
 Vehicle began profiling at 04/29/2017 20:02:03

Date,[mA],[V],[dbar],Oxygen[uM],Optode Temp[C],Chl,NTU,Therm
04/29/2017 20:02:03,0,11.1,0.000,0.00,0.00,52,121,569
04/29/2017 20:02:13,220,10.6,0.000,0.00,0.00,53,124,569
04/29/2017 20:02:23,218,10.7,0.000,0.00,0.00,53,121,569
04/29/2017 20:02:36,260,10.7,2486.310,334.49,2.32,53,122,569
04/29/2017 20:02:46,181,10.9,2483.920,334.12,2.32,52,122,569
04/29/2017 20:02:56,174,10.9,2481.130,335.37,2.31,53,125,569
04/29/2017 20:03:06,194,10.8,2478.710,336.14,2.31,53,124,569
04/29/2017 20:03:16,174,10.9,2476.070,336.90,2.32,53,125,569
04/29/2017 20:03:26,195,10.9,2473.600,337.46,2.33,53,120,569
04/29/2017 20:03:36,190,10.9,2470.970,334.79,2.37,54,120,569
04/29/2017 20:03:46,172,10.9,2468.580,334.44,2.37,53,120,568
04/29/2017 20:03:56,189,10.9,2465.900,333.08,2.40,52,119,568
04/29/2017 20:04:06,196,10.8,2463.370,332.17,2.41,54,122,568
04/29/2017 20:04:16,189,10.9,2460.860,331.29,2.42,53,115,568
04/29/2017 20:04:26,183,10.9,2458.440,331.36,2.42,52,117,568
04/29/2017 20:04:36,186,10.8,2455.840,330.12,2.43,53,117,568
04/29/2017 20:04:46,179,10.9,2453.290,330.10,2.43,53,116,568
04/29/2017 20:04:56,197,10.8,2450.680,329.34,2.44,53,117,568
04/29/2017 20:05:06,170,10.9,2448.180,329.84,2.45,53,116,568
04/29/2017 20:05:16,183,10.8,2445.680,328.11,2.46,53,116,568
04/29/2017 20:05:26,166,10.8,2443.140,328.81,2.47,53,114,568
04/29/2017 20:05:36,190,10.8,2440.510,327.95,2.48,53,115,568
04/29/2017 20:05:46,190,10.8,2438.010,327.87,2.48,53,116,568
04/29/2017 20:05:56,170,10.8,2435.530,328.16,2.49,55,114,568
04/29/2017 20:06:06,169,10.8,2432.850,326.88,2.50,54,113,568
04/29/2017 20:06:16,190,10.8,2430.320,326.74,2.50,53,115,568
04/29/2017 20:06:26,203,10.8,2427.910,326.92,2.50,53,116,568
04/29/2017 20:06:36,171,10.8,2425.320,327.14,2.51,53,114,568
04/29/2017 20:06:46,171,10.8,2422.690,327.28,2.51,54,113,568
04/29/2017 20:06:56,169,10.8,2420.170,327.12,2.52,52,114,568
04/29/2017 20:07:06,199,10.8,2417.580,327.72,2.52,54,115,568
04/29/2017 20:07:16,172,10.7,2415.070,327.97,2.53,53,117,568
04/29/2017 20:07:26,200,10.7,2412.670,327.69,2.53,54,119,568
04/29/2017 20:07:36,181,10.8,2410.070,327.91,2.54,53,117,568
04/29/2017 20:07:46,159,10.8,2407.560,327.93,2.54,54,116,567
04/29/2017 20:07:56,174,10.7,2404.890,329.01,2.55,53,117,567
04/29/2017 20:08:06,163,10.8,2402.370,328.36,2.55,55,116,567
04/29/2017 20:08:16,169,10.8,2399.920,328.05,2.56,54,117,567
04/29/2017 20:08:26,167,10.7,2397.240,328.57,2.56,54,115,567
04/29/2017 20:08:36,142,10.8,2394.880,328.46,2.56,54,123,567
04/29/2017 20:08:46,170,10.7,2392.200,328.63,2.57,54,119,567
04/29/2017 20:08:56,160,10.7,2389.690,328.65,2.58,53,117,567
04/29/2017 20:09:06,175,10.7,2387.110,327.52,2.59,53,117,567
04/29/2017 20:09:16,171,10.7,2384.450,328.43,2.59,54,119,567
04/29/2017 20:09:26,174,10.7,2382.010,329.20,2.59,53,121,567
04/29/2017 20:09:36,157,10.7,2379.410,330.36,2.59,54,126,567
04/29/2017 20:09:46,163,10.7,2376.960,329.68,2.62,52,118,567
04/29/2017 20:09:56,181,10.7,2374.420,328.15,2.63,53,119,567
04/29/2017 20:10:06,168,10.7,2371.940,328.33,2.63,54,118,567
04/29/2017 20:10:16,186,10.6,2369.410,329.33,2.63,53,118,567
04/29/2017 20:10:26,167,10.7,2366.820,328.11,2.64,54,117,567
04/29/2017 20:10:36,176,10.7,2364.420,328.25,2.64,53,115,567
04/29/2017 20:10:46,172,10.6,2361.860,328.27,2.66,52,117,567
04/29/2017 20:10:56,190,10.6,2359.250,328.40,2.67,54,116,567
04/29/2017 20:11:06,180,10.6,2356.890,327.95,2.67,52,121,567
04/29/2017 20:11:16,195,10.6,2354.410,328.49,2.67,53,119,567
04/29/2017 20:11:26,172,10.6,2351.810,328.54,2.68,53,120,567
04/29/2017 20:11:36,171,10.6,2349.290,327.55,2.68,53,122,567
04/29/2017 20:11:46,184,10.6,2346.830,329.25,2.66,54,120,567
04/29/2017 20:11:56,174,10.6,2344.370,329.58,2.68,54,118,567
04/29/2017 20:12:06,181,10.6,2341.930,328.06,2.69,53,119,567
04/29/2017 20:12:16,166,10.6,2339.470,328.03,2.70,54,121,567
04/29/2017 20:12:26,176,10.6,2336.870,327.88,2.70,54,117,567
04/29/2017 20:12:36,176,10.6,2334.350,327.25,2.70,52,118,567
04/29/2017 20:12:46,166,10.6,2332.030,326.54,2.70,54,118,567
04/29/2017 20:12:56,187,10.5,2329.470,327.02,2.70,53,120,567
04/29/2017 20:13:06,168,10.6,2326.900,327.65,2.71,55,119,567
04/29/2017 20:13:16,174,10.5,2324.470,327.56,2.72,54,118,567
04/29/2017 20:13:26,164,10.5,2322.010,327.81,2.72,53,120,567
04/29/2017 20:13:36,193,10.5,2319.660,327.27,2.73,53,116,567
04/29/2017 20:13:46,183,10.5,2317.110,326.05,2.74,53,119,567
04/29/2017 20:13:56,161,10.5,2314.710,326.55,2.74,53,117,567
04/29/2017 20:14:06,176,10.5,2312.220,326.75,2.74,54,119,567
04/29/2017 20:14:16,181,10.5,2309.530,326.56,2.75,54,118,567
04/29/2017 20:14:26,171,10.5,2307.150,326.54,2.76,55,119,567
04/29/2017 20:14:36,165,10.5,2304.660,326.86,2.76,53,118,567
04/29/2017 20:14:46,159,10.5,2302.100,326.68,2.75,52,119,567
04/29/2017 20:14:56,182,10.5,2299.820,326.95,2.76,53,120,567
04/29/2017 20:15:06,175,10.4,2297.260,327.84,2.76,53,118,567
04/29/2017 20:15:16,164,10.5,2294.890,327.54,2.76,53,117,567
04/29/2017 20:15:26,175,10.5,2292.240,326.92,2.78,54,114,567
04/29/2017 20:15:36,170,10.5,2289.890,325.23,2.81,53,112,567
04/29/2017 20:15:46,159,10.4,2287.540,323.89,2.83,55,113,567
04/29/2017 20:15:56,167,10.4,2285.030,322.25,2.84,54,111,567
04/29/2017 20:16:06,161,10.4,2282.540,321.76,2.84,54,111,567
04/29/2017 20:16:16,145,10.4,2280.070,320.97,2.85,52,114,567
04/29/2017 20:16:26,163,10.4,2277.660,321.54,2.85,53,112,567
04/29/2017 20:16:36,169,10.4,2275.210,320.51,2.86,54,111,567
04/29/2017 20:16:46,172,10.4,2272.790,320.85,2.86,54,110,567
04/29/2017 20:16:56,142,10.4,2270.250,320.03,2.87,53,109,566
04/29/2017 20:17:06,157,10.4,2267.800,320.81,2.87,54,120,566
04/29/2017 20:17:16,143,10.4,2265.250,320.17,2.87,53,112,566
04/29/2017 20:17:26,161,10.4,2262.850,320.04,2.87,53,110,566
04/29/2017 20:17:36,189,10.4,2260.430,320.52,2.87,53,112,566
04/29/2017 20:17:46,163,10.4,2258.040,320.90,2.88,54,111,566
04/29/2017 20:17:56,152,10.4,2255.460,320.43,2.88,53,117,566
04/29/2017 20:18:06,152,10.4,2253.040,321.05,2.88,54,110,566
04/29/2017 20:18:16,158,10.4,2250.640,320.98,2.88,53,116,566
04/29/2017 20:18:26,156,10.4,2248.170,320.56,2.88,53,110,566
04/29/2017 20:18:36,154,10.4,2245.650,320.89,2.88,54,110,566
04/29/2017 20:18:46,154,10.3,2243.220,319.92,2.88,55,111,566
04/29/2017 20:18:56,158,10.3,2240.820,320.28,2.88,54,113,566
04/29/2017 20:19:06,158,10.4,2238.300,320.34,2.88,53,113,566
04/29/2017 20:19:16,148,10.4,2235.910,320.85,2.88,53,113,566
04/29/2017 20:19:26,149,10.3,2233.510,321.10,2.88,53,111,566
04/29/2017 20:19:36,149,10.3,2231.100,321.01,2.89,51,114,566
04/29/2017 20:19:46,140,10.3,2228.550,321.41,2.89,53,114,566
04/29/2017 20:19:56,153,10.3,2226.090,321.15,2.89,53,113,566
04/29/2017 20:20:06,168,10.3,2223.730,322.32,2.89,53,112,566
04/29/2017 20:20:16,165,10.3,2221.280,321.93,2.89,52,111,566
04/29/2017 20:20:26,149,10.3,2218.710,322.23,2.89,52,111,566
04/29/2017 20:20:36,161,10.3,2216.370,321.77,2.89,54,112,566
04/29/2017 20:20:46,142,10.3,2213.880,321.03,2.90,52,112,566
04/29/2017 20:20:56,161,10.3,2211.330,321.68,2.90,53,114,566
04/29/2017 20:21:06,143,10.3,2208.980,321.56,2.89,53,114,566
04/29/2017 20:21:16,157,10.3,2206.530,321.02,2.89,53,117,566
04/29/2017 20:21:26,156,10.3,2204.050,323.81,2.88,52,115,566
04/29/2017 20:21:36,149,10.3,2201.730,324.16,2.88,54,114,566
04/29/2017 20:21:46,156,10.3,2199.270,324.56,2.88,53,116,566
04/29/2017 20:21:56,142,10.3,2196.800,324.96,2.88,53,119,566
04/29/2017 20:22:06,137,10.3,2194.290,325.57,2.88,52,115,566
04/29/2017 20:22:16,148,10.3,2191.920,324.28,2.90,52,114,566
04/29/2017 20:22:26,148,10.3,2189.350,324.52,2.90,52,113,566
04/29/2017 20:22:36,164,10.3,2186.980,323.95,2.90,52,112,566
04/29/2017 20:22:46,147,10.2,2184.480,324.50,2.91,54,113,566
04/29/2017 20:22:56,123,10.3,2182.020,323.79,2.91,53,112,566
04/29/2017 20:23:06,154,10.3,2179.630,323.31,2.91,52,113,566
04/29/2017 20:23:16,150,10.3,2177.170,324.00,2.92,53,110,566
04/29/2017 20:23:26,161,10.2,2174.870,323.17,2.93,54,112,566
04/29/2017 20:23:36,153,10.2,2172.440,322.83,2.93,53,112,566
04/29/2017 20:23:46,176,10.2,2170.130,322.92,2.93,52,111,566
04/29/2017 20:23:56,151,10.2,2167.560,322.68,2.93,53,111,566
04/29/2017 20:24:06,164,10.2,2165.100,322.87,2.94,53,112,566
04/29/2017 20:24:16,165,10.2,2162.680,322.86,2.94,53,112,566
04/29/2017 20:24:26,170,10.2,2160.320,323.40,2.95,52,113,566
04/29/2017 20:24:36,176,10.2,2157.940,321.99,2.95,52,113,566
04/29/2017 20:24:46,148,10.2,2155.410,322.64,2.95,54,111,566
04/29/2017 20:24:56,154,10.2,2153.040,323.12,2.96,53,113,566
04/29/2017 20:25:06,166,10.2,2150.640,322.51,2.96,53,111,566
04/29/2017 20:25:16,154,10.2,2148.380,322.56,2.96,53,114,566
04/29/2017 20:25:26,171,10.2,2145.890,324.05,2.96,53,112,566
04/29/2017 20:25:36,171,10.2,2143.460,323.07,2.97,53,111,566
04/29/2017 20:25:46,174,10.2,2141.070,322.75,2.97,53,110,566
04/29/2017 20:25:56,191,10.2,2138.630,322.40,2.97,53,112,566
04/29/2017 20:26:06,167,10.2,2136.280,322.32,2.97,52,114,566
04/29/2017 20:26:16,170,10.2,2133.810,322.77,2.98,52,112,566
04/29/2017 20:26:26,188,10.2,2131.450,322.61,2.98,52,111,566
04/29/2017 20:26:36,174,10.2,2129.060,322.41,2.99,53,111,566
04/29/2017 20:26:46,170,10.2,2126.670,322.34,2.99,51,151,566
04/29/2017 20:26:56,155,10.2,2124.300,322.02,3.00,53,111,566
04/29/2017 20:27:06,189,10.2,2122.000,321.93,3.00,55,111,566
04/29/2017 20:27:16,164,10.2,2119.550,321.98,3.00,54,112,566
04/29/2017 20:27:26,178,10.2,2117.230,321.61,3.00,52,110,566
04/29/2017 20:27:36,157,10.2,2114.840,322.28,3.00,53,113,566
04/29/2017 20:27:46,172,10.2,2112.410,321.79,3.00,54,111,566
04/29/2017 20:27:56,165,10.2,2110.030,321.69,3.01,52,112,566
04/29/2017 20:28:06,199,10.1,2107.760,322.67,3.01,53,112,566
04/29/2017 20:28:16,157,10.2,2105.230,322.29,3.01,53,110,566
04/29/2017 20:28:26,169,10.2,2102.850,322.24,3.02,52,110,566
04/29/2017 20:28:36,172,10.2,2100.540,321.41,3.02,52,110,566
04/29/2017 20:28:46,175,10.2,2098.070,321.35,3.03,53,113,566
04/29/2017 20:28:56,171,10.2,2095.640,321.71,3.03,53,113,566
04/29/2017 20:29:06,162,10.1,2093.330,322.30,3.03,52,112,566
04/29/2017 20:29:16,157,10.2,2090.800,322.52,3.03,52,112,566
04/29/2017 20:29:26,160,10.2,2088.520,321.55,3.04,53,113,566
04/29/2017 20:29:36,155,10.2,2086.030,322.42,3.04,52,111,566
04/29/2017 20:29:46,168,10.1,2083.730,322.06,3.05,51,110,566
04/29/2017 20:29:56,154,10.2,2081.300,322.71,3.05,53,112,566
04/29/2017 20:30:06,151,10.2,2078.990,321.90,3.06,53,115,566
04/29/2017 20:30:16,164,10.2,2076.530,321.22,3.06,53,110,566
04/29/2017 20:30:26,155,10.2,2074.130,321.65,3.06,53,114,566
04/29/2017 20:30:36,166,10.1,2071.700,322.08,3.06,52,114,566
04/29/2017 20:30:46,155,10.1,2069.390,322.22,3.07,52,111,566
04/29/2017 20:30:56,165,10.1,2066.960,322.90,3.07,53,114,566
04/29/2017 20:31:06,160,10.2,2064.640,322.27,3.07,52,109,566
04/29/2017 20:31:16,155,10.2,2062.250,322.54,3.07,53,110,566
04/29/2017 20:31:26,149,10.2,2059.860,322.32,3.07,52,113,566
04/29/2017 20:31:36,149,10.1,2057.500,321.99,3.07,52,111,566
04/29/2017 20:31:46,167,10.1,2055.050,322.71,3.07,52,111,566
04/29/2017 20:31:56,170,10.1,2052.620,321.75,3.08,52,113,566
04/29/2017 20:32:06,161,10.1,2050.170,323.12,3.08,51,112,566
04/29/2017 20:32:16,149,10.1,2047.850,322.35,3.08,53,123,566
04/29/2017 20:32:26,161,10.1,2045.460,323.36,3.08,53,113,566
04/29/2017 20:32:36,155,10.2,2042.980,323.35,3.08,54,114,566
04/29/2017 20:32:46,146,10.1,2040.630,322.46,3.08,53,112,566
04/29/2017 20:32:56,163,10.1,2038.330,323.12,3.09,53,115,566
04/29/2017 20:33:06,138,10.1,2035.750,323.22,3.09,52,111,566
04/29/2017 20:33:16,125,10.2,2033.470,323.39,3.09,52,111,566
04/29/2017 20:33:26,152,10.1,2031.050,322.57,3.09,53,112,566
04/29/2017 20:33:36,146,10.1,2028.640,323.62,3.09,52,115,566
04/29/2017 20:33:46,158,10.1,2026.200,323.70,3.09,52,112,566
04/29/2017 20:33:56,161,10.1,2023.830,324.43,3.09,55,113,566
04/29/2017 20:34:06,134,10.1,2021.370,323.97,3.09,51,116,566
04/29/2017 20:34:16,146,10.1,2019.070,324.45,3.09,52,117,566
04/29/2017 20:34:26,140,10.1,2016.510,324.29,3.10,54,115,566
04/29/2017 20:34:36,137,10.1,2014.180,324.78,3.10,54,114,566
04/29/2017 20:34:46,163,10.1,2011.770,324.62,3.11,52,112,566
04/29/2017 20:34:56,133,10.1,2009.400,323.48,3.12,53,114,566
04/29/2017 20:35:06,146,10.1,2006.980,322.87,3.12,53,112,566
04/29/2017 20:35:16,153,10.1,2004.490,323.73,3.12,53,112,566
04/29/2017 20:35:26,146,10.1,2002.130,323.47,3.13,54,115,566
04/29/2017 20:35:36,148,10.1,1999.830,323.04,3.13,53,114,566
04/29/2017 20:35:46,146,10.1,1997.360,323.32,3.12,53,115,566
04/29/2017 20:35:56,156,10.1,1995.020,323.33,3.13,53,111,566
04/29/2017 20:36:06,142,10.1,1992.550,322.97,3.14,53,112,566
04/29/2017 20:36:16,125,10.1,1990.150,322.77,3.14,53,111,566
04/29/2017 20:36:26,140,10.1,1987.660,322.33,3.14,53,115,566
04/29/2017 20:36:36,146,10.1,1985.270,322.98,3.14,53,112,566
04/29/2017 20:36:46,146,10.1,1982.960,323.13,3.15,52,110,566
04/29/2017 20:36:56,144,10.1,1980.370,322.78,3.15,52,111,566
04/29/2017 20:37:06,143,10.1,1978.170,321.88,3.15,54,111,566
04/29/2017 20:37:16,158,10.1,1975.740,322.84,3.16,52,109,566
04/29/2017 20:37:26,149,10.1,1973.380,322.22,3.17,53,111,566
04/29/2017 20:37:36,150,10.1,1970.930,321.64,3.17,55,111,566
04/29/2017 20:37:46,145,10.1,1968.560,322.43,3.17,52,115,566
04/29/2017 20:37:56,148,10.1,1966.030,322.42,3.17,53,111,566
04/29/2017 20:38:06,165,10.1,1963.780,322.35,3.17,53,112,566
04/29/2017 20:38:16,123,10.1,1961.360,322.17,3.18,52,112,566
04/29/2017 20:38:26,141,10.1,1958.980,322.63,3.18,53,112,566
04/29/2017 20:38:36,145,10.1,1956.680,322.66,3.18,53,111,566
04/29/2017 20:38:46,162,10.1,1954.170,322.06,3.18,54,110,566
04/29/2017 20:38:56,158,10.1,1951.740,322.58,3.19,52,111,566
04/29/2017 20:39:06,142,10.1,1949.490,322.37,3.19,54,110,566
04/29/2017 20:39:16,130,10.1,1946.940,322.18,3.19,54,112,566
04/29/2017 20:39:26,131,10.1,1944.630,322.49,3.19,55,111,566
04/29/2017 20:39:36,152,10.1,1942.240,321.82,3.19,54,112,566
04/29/2017 20:39:46,166,10.1,1939.850,322.98,3.20,53,112,566
04/29/2017 20:39:56,149,10.1,1937.380,322.81,3.20,54,111,566
04/29/2017 20:40:06,133,10.1,1935.110,322.95,3.21,52,112,566
04/29/2017 20:40:16,135,10.1,1932.600,322.51,3.21,53,110,566
04/29/2017 20:40:26,155,10.1,1930.350,322.30,3.21,54,111,566
04/29/2017 20:40:36,140,10.1,1927.820,322.48,3.21,53,111,566
04/29/2017 20:40:46,140,10.1,1925.500,322.38,3.22,53,110,566
04/29/2017 20:40:56,162,10.1,1923.040,322.05,3.22,53,113,566
04/29/2017 20:41:06,147,10.1,1920.670,322.46,3.22,54,114,566
04/29/2017 20:41:16,130,10.1,1918.310,323.24,3.21,53,120,565
04/29/2017 20:41:26,130,10.1,1915.760,325.30,3.20,53,116,566
04/29/2017 20:41:36,143,10.1,1913.570,325.02,3.20,53,116,566
04/29/2017 20:41:46,140,10.1,1911.060,325.74,3.20,51,120,565
04/29/2017 20:41:56,150,10.1,1908.700,326.93,3.19,53,118,566
04/29/2017 20:42:06,142,10.1,1906.210,325.71,3.21,53,113,566
04/29/2017 20:42:16,137,10.1,1903.960,325.51,3.23,52,112,566
04/29/2017 20:42:26,138,10.1,1901.490,324.35,3.23,53,114,566
04/29/2017 20:42:36,144,10.1,1899.090,324.25,3.23,54,117,566
04/29/2017 20:42:46,157,10.1,1896.770,325.21,3.23,53,115,565
04/29/2017 20:42:56,149,10.1,1894.350,324.34,3.23,53,116,566
04/29/2017 20:43:06,138,10.1,1891.990,324.59,3.24,53,115,566
04/29/2017 20:43:16,170,10.0,1889.660,325.13,3.24,52,115,566
04/29/2017 20:43:26,156,10.1,1887.200,324.39,3.24,52,115,565
04/29/2017 20:43:36,154,10.1,1884.920,324.65,3.24,52,113,566
04/29/2017 20:43:46,150,10.1,1882.640,324.80,3.24,54,113,566
04/29/2017 20:43:56,152,10.1,1880.120,324.60,3.25,54,114,566
04/29/2017 20:44:06,149,10.1,1877.720,324.31,3.25,54,116,566
04/29/2017 20:44:16,156,10.1,1875.310,324.26,3.25,53,111,566
04/29/2017 20:44:26,144,10.1,1873.050,323.64,3.25,52,113,565
04/29/2017 20:44:36,152,10.1,1870.590,323.76,3.25,53,113,565
04/29/2017 20:44:46,135,10.1,1868.180,323.23,3.25,54,113,565
04/29/2017 20:44:56,150,10.1,1865.890,324.37,3.26,52,113,566
04/29/2017 20:45:06,151,10.1,1863.540,324.25,3.26,52,114,566
04/29/2017 20:45:16,146,10.1,1861.040,324.37,3.26,50,116,566
04/29/2017 20:45:26,144,10.1,1858.820,324.01,3.26,53,113,566
04/29/2017 20:45:36,138,10.1,1856.450,323.97,3.27,52,112,565
04/29/2017 20:45:46,133,10.1,1854.070,324.48,3.27,51,113,566
04/29/2017 20:45:56,136,10.1,1851.650,323.97,3.28,52,111,566
04/29/2017 20:46:06,149,10.1,1849.340,323.51,3.28,53,114,565
04/29/2017 20:46:16,141,10.1,1846.860,324.02,3.28,52,117,566
04/29/2017 20:46:26,146,10.1,1844.570,324.26,3.28,54,113,566
04/29/2017 20:46:36,151,10.1,1842.220,324.08,3.28,52,113,566
04/29/2017 20:46:46,138,10.1,1839.750,324.68,3.28,54,116,565
04/29/2017 20:46:56,142,10.1,1837.500,324.96,3.29,52,118,565
04/29/2017 20:47:06,144,10.1,1834.940,325.51,3.29,53,115,565
04/29/2017 20:47:16,150,10.1,1832.740,326.14,3.30,54,114,565
04/29/2017 20:47:26,141,10.1,1830.420,325.08,3.30,53,116,565
04/29/2017 20:47:36,155,10.0,1828.020,324.51,3.31,54,118,565
04/29/2017 20:47:46,141,10.0,1825.660,324.52,3.31,53,118,565
04/29/2017 20:47:56,147,10.0,1823.260,324.99,3.32,54,110,565
04/29/2017 20:48:06,159,10.0,1820.930,324.14,3.33,53,113,565
04/29/2017 20:48:16,152,10.1,1818.450,324.55,3.33,52,113,565
04/29/2017 20:48:26,135,10.1,1816.170,323.47,3.33,54,113,565
04/29/2017 20:48:36,109,10.1,1813.770,323.64,3.33,52,115,566
04/29/2017 20:48:46,146,10.1,1811.430,323.48,3.33,53,113,565
04/29/2017 20:48:56,129,10.1,1809.020,324.25,3.34,55,113,565
04/29/2017 20:49:06,144,10.0,1806.670,324.06,3.34,54,112,565
04/29/2017 20:49:16,134,10.1,1804.270,323.83,3.34,52,113,566
04/29/2017 20:49:26,127,10.0,1801.940,323.91,3.34,52,114,565
04/29/2017 20:49:36,150,10.0,1799.520,324.18,3.34,53,114,565
04/29/2017 20:49:46,131,10.1,1797.080,324.05,3.34,54,113,565
04/29/2017 20:49:56,138,10.1,1794.880,324.71,3.34,53,115,565
04/29/2017 20:50:06,123,10.0,1792.410,325.46,3.34,52,115,566
04/29/2017 20:50:16,137,10.1,1790.020,324.88,3.35,54,115,565
04/29/2017 20:50:26,124,10.1,1787.600,323.95,3.36,52,115,565
04/29/2017 20:50:36,112,10.1,1785.380,325.06,3.36,53,115,565
04/29/2017 20:50:46,113,10.1,1782.940,324.86,3.36,53,115,565
04/29/2017 20:50:56,142,10.0,1780.640,324.98,3.36,54,116,565
04/29/2017 20:51:06,145,10.0,1778.310,324.16,3.36,54,115,565
04/29/2017 20:51:16,156,10.0,1775.830,325.23,3.36,53,115,565
04/29/2017 20:51:26,120,10.1,1773.610,324.85,3.36,51,113,565
04/29/2017 20:51:36,116,10.1,1771.150,324.76,3.37,54,114,565
04/29/2017 20:51:46,167,10.0,1768.860,324.67,3.37,53,113,565
04/29/2017 20:51:56,148,10.0,1766.500,324.57,3.38,53,117,565
04/29/2017 20:52:06,149,10.0,1764.250,323.93,3.38,54,115,565
04/29/2017 20:52:16,153,10.0,1761.850,324.48,3.38,53,114,565
04/29/2017 20:52:26,108,10.0,1759.490,324.01,3.39,54,112,565
04/29/2017 20:52:36,170,10.0,1757.130,323.57,3.40,53,113,565
04/29/2017 20:52:46,145,10.0,1754.740,323.40,3.40,53,112,565
04/29/2017 20:52:56,171,10.0,1752.460,322.99,3.40,52,112,565
04/29/2017 20:53:06,155,10.0,1750.150,323.23,3.40,54,116,565
04/29/2017 20:53:16,158,10.0,1747.850,323.23,3.40,52,113,565
04/29/2017 20:53:26,141,10.0,1745.480,323.10,3.41,53,111,565
04/29/2017 20:53:36,134,10.0,1743.270,322.61,3.41,54,111,565
04/29/2017 20:53:46,156,10.0,1740.820,322.88,3.41,53,113,565
04/29/2017 20:53:56,140,10.0,1738.550,323.50,3.41,53,115,565
04/29/2017 20:54:06,143,10.0,1736.290,323.06,3.41,55,114,565
04/29/2017 20:54:16,155,10.0,1733.890,323.20,3.42,55,114,565
04/29/2017 20:54:26,135,10.0,1731.490,322.84,3.42,52,113,565
04/29/2017 20:54:36,147,10.0,1729.150,322.77,3.43,52,112,565
04/29/2017 20:54:46,127,10.0,1726.800,322.94,3.43,52,114,565
04/29/2017 20:54:56,139,10.0,1724.430,323.16,3.43,52,115,565
04/29/2017 20:55:06,159,10.0,1722.070,322.77,3.43,53,111,565
04/29/2017 20:55:16,132,10.0,1719.710,322.77,3.44,54,112,565
04/29/2017 20:55:26,141,10.0,1717.420,322.80,3.44,51,115,565
04/29/2017 20:55:36,132,10.0,1715.110,322.91,3.44,53,112,565
04/29/2017 20:55:46,133,10.0,1712.680,323.65,3.45,53,112,565
04/29/2017 20:55:56,149,10.0,1710.280,322.67,3.45,52,110,565
04/29/2017 20:56:06,137,10.0,1708.010,322.71,3.46,51,112,565
04/29/2017 20:56:16,132,10.0,1705.740,322.62,3.46,54,113,565
04/29/2017 20:56:26,126,10.0,1703.390,323.95,3.46,52,113,565
04/29/2017 20:56:36,150,10.0,1701.020,323.44,3.46,53,113,565
04/29/2017 20:56:46,144,10.0,1698.730,323.25,3.47,52,112,565
04/29/2017 20:56:56,144,10.0,1696.350,324.19,3.47,53,115,565
04/29/2017 20:57:06,154,10.0,1694.050,322.79,3.47,53,111,565
04/29/2017 20:57:16,134,10.0,1691.650,323.34,3.48,53,113,565
04/29/2017 20:57:26,132,10.0,1689.290,323.53,3.48,53,113,565
04/29/2017 20:57:36,142,10.0,1686.990,323.33,3.49,53,114,565
04/29/2017 20:57:46,145,10.0,1684.540,324.15,3.49,53,113,565
04/29/2017 20:57:56,139,10.0,1682.210,323.65,3.49,53,114,565
04/29/2017 20:58:06,147,10.0,1680.010,323.79,3.50,52,114,565
04/29/2017 20:58:16,150,10.0,1677.630,323.92,3.50,53,111,565
04/29/2017 20:58:26,128,10.0,1675.280,323.94,3.50,52,113,565
04/29/2017 20:58:36,123,10.0,1672.920,323.70,3.51,52,114,565
04/29/2017 20:58:46,148,10.0,1670.470,323.75,3.51,54,112,565
04/29/2017 20:58:56,135,10.0,1668.100,323.44,3.51,54,113,565
04/29/2017 20:59:06,147,10.0,1665.790,323.58,3.52,52,113,565
04/29/2017 20:59:16,154,10.0,1663.590,323.20,3.52,52,117,565
04/29/2017 20:59:26,135,10.0,1661.210,324.07,3.53,52,116,565
04/29/2017 20:59:36,153,10.0,1658.790,323.87,3.53,53,112,565
04/29/2017 20:59:46,129,10.0,1656.560,323.76,3.54,53,113,565
04/29/2017 20:59:56,125,10.0,1654.270,323.48,3.54,55,112,565
04/29/2017 21:00:06,169,10.0,1651.870,323.87,3.54,54,114,565
04/29/2017 21:00:16,134,10.0,1649.390,323.82,3.54,52,113,565
04/29/2017 21:00:26,161,10.0,1647.240,324.51,3.54,52,113,565
04/29/2017 21:00:36,130,10.0,1644.700,324.27,3.55,53,113,565
04/29/2017 21:00:46,147,10.0,1642.470,323.91,3.56,54,112,565
04/29/2017 21:00:56,149,10.0,1640.150,323.44,3.56,53,115,565
04/29/2017 21:01:06,136,10.0,1637.750,324.13,3.56,54,112,565
04/29/2017 21:01:16,154,10.0,1635.390,324.24,3.56,54,111,565
04/29/2017 21:01:26,149,10.0,1632.950,323.73,3.56,51,112,565
04/29/2017 21:01:36,143,10.0,1630.690,323.57,3.57,53,114,565
04/29/2017 21:01:46,131,10.0,1628.410,324.17,3.57,53,114,565
04/29/2017 21:01:56,126,10.0,1625.940,323.84,3.57,52,113,565
04/29/2017 21:02:06,118,10.0,1623.600,324.62,3.57,52,112,565
04/29/2017 21:02:16,146,10.0,1621.240,323.92,3.57,53,110,565
04/29/2017 21:02:26,125,10.0,1618.810,324.63,3.57,54,112,565
04/29/2017 21:02:36,126,10.0,1616.470,324.04,3.57,52,112,565
04/29/2017 21:02:46,143,10.0,1614.240,323.74,3.57,53,112,565
04/29/2017 21:02:56,129,10.0,1611.840,323.87,3.57,50,113,565
04/29/2017 21:03:06,135,10.0,1609.420,323.59,3.57,53,113,565
04/29/2017 21:03:16,133,10.0,1607.120,324.58,3.58,54,113,565
04/29/2017 21:03:26,154,10.0,1604.810,323.81,3.58,54,111,565
04/29/2017 21:03:36,153,10.0,1602.560,324.08,3.58,54,112,565
04/29/2017 21:03:46,159,10.0,1600.150,324.55,3.58,53,114,565
04/29/2017 21:03:56,142,10.0,1597.790,324.04,3.59,53,113,565
04/29/2017 21:04:06,148,10.0,1595.480,324.46,3.59,53,112,565
04/29/2017 21:04:16,146,10.0,1593.010,324.34,3.59,53,112,565
04/29/2017 21:04:26,119,10.0,1590.630,324.28,3.59,53,114,565
04/29/2017 21:04:36,146,10.0,1588.300,324.87,3.59,52,113,565
04/29/2017 21:04:46,137,10.0,1586.030,324.08,3.60,54,114,565
04/29/2017 21:04:56,135,10.0,1583.770,323.96,3.60,52,114,565
04/29/2017 21:05:06,128,10.0,1581.380,324.85,3.60,52,112,565
04/29/2017 21:05:16,141,10.0,1578.980,324.78,3.60,53,112,565
04/29/2017 21:05:26,134,10.0,1576.690,325.28,3.60,52,114,565
04/29/2017 21:05:36,141,10.0,1574.330,325.62,3.60,54,112,565
04/29/2017 21:05:46,140,10.0,1571.970,324.85,3.60,55,112,565
04/29/2017 21:05:56,141,10.0,1569.600,324.25,3.60,53,112,565
04/29/2017 21:06:06,155,10.0,1567.310,325.31,3.60,51,111,565
04/29/2017 21:06:16,172,9.9,1564.960,324.98,3.61,53,113,565
04/29/2017 21:06:26,132,10.0,1562.560,325.19,3.61,52,112,565
04/29/2017 21:06:36,140,10.0,1560.130,325.48,3.61,53,114,565
04/29/2017 21:06:46,144,10.0,1557.930,325.26,3.61,53,115,565
04/29/2017 21:06:56,122,10.0,1555.400,325.98,3.61,53,113,565
04/29/2017 21:07:06,137,10.0,1553.220,325.59,3.61,53,112,565
04/29/2017 21:07:16,147,10.0,1550.680,326.05,3.61,52,112,565
04/29/2017 21:07:26,121,10.0,1548.420,325.25,3.61,54,112,565
04/29/2017 21:07:36,116,10.0,1545.970,325.21,3.61,54,112,565
04/29/2017 21:07:46,136,10.0,1543.740,325.97,3.61,53,113,565
04/29/2017 21:07:56,142,10.0,1541.210,326.74,3.61,53,114,565
04/29/2017 21:08:06,133,10.0,1538.990,327.47,3.61,54,114,565
04/29/2017 21:08:16,131,10.0,1536.510,326.61,3.61,54,113,565
04/29/2017 21:08:26,146,9.9,1534.240,326.64,3.61,54,112,565
04/29/2017 21:08:36,131,9.9,1531.870,327.29,3.61,54,111,565
04/29/2017 21:08:46,134,10.0,1529.480,327.37,3.61,53,112,565
04/29/2017 21:08:56,125,10.0,1527.160,327.08,3.61,53,130,565
04/29/2017 21:09:06,122,10.0,1524.710,327.36,3.61,52,112,565
04/29/2017 21:09:16,121,10.0,1522.430,328.02,3.61,52,115,565
04/29/2017 21:09:26,119,10.0,1520.100,328.30,3.60,53,111,565
04/29/2017 21:09:36,121,10.0,1517.720,327.70,3.60,52,113,565
04/29/2017 21:09:46,120,10.0,1515.290,328.17,3.60,52,113,565
04/29/2017 21:09:56,124,10.0,1512.920,328.23,3.60,53,113,565
04/29/2017 21:10:06,107,10.0,1510.660,328.17,3.60,53,112,565
04/29/2017 21:10:16,151,10.0,1508.290,327.93,3.60,52,114,565
04/29/2017 21:10:26,129,10.0,1505.990,328.14,3.60,53,118,565
04/29/2017 21:10:36,123,10.0,1503.610,328.46,3.60,53,112,565
04/29/2017 21:10:46,122,10.0,1501.130,328.25,3.60,53,113,565
04/29/2017 21:10:56,113,10.0,1498.720,328.58,3.60,53,113,565
04/29/2017 21:11:06,118,10.0,1496.390,329.66,3.60,53,111,565
04/29/2017 21:11:16,144,9.9,1494.110,329.12,3.60,51,113,565
04/29/2017 21:11:26,143,10.0,1491.660,329.42,3.60,52,113,565
04/29/2017 21:11:36,162,9.9,1489.300,329.13,3.60,52,112,565
04/29/2017 21:11:46,137,10.0,1487.120,329.91,3.60,52,113,565
04/29/2017 21:11:56,125,10.0,1484.690,329.16,3.60,52,111,565
04/29/2017 21:12:06,135,10.0,1482.300,330.44,3.60,54,111,565
04/29/2017 21:12:16,128,10.0,1479.950,329.21,3.60,54,111,565
04/29/2017 21:12:26,117,10.0,1477.650,330.03,3.59,52,111,565
04/29/2017 21:12:36,159,9.9,1475.220,330.56,3.59,54,113,565
04/29/2017 21:12:46,145,9.9,1472.980,330.93,3.59,52,112,565
04/29/2017 21:12:56,162,9.9,1470.570,331.56,3.59,52,112,565
04/29/2017 21:13:06,164,9.9,1468.210,331.08,3.59,52,112,565
04/29/2017 21:13:16,129,10.0,1465.960,331.36,3.59,53,112,565
04/29/2017 21:13:26,133,9.9,1463.480,331.40,3.59,53,113,565
04/29/2017 21:13:36,141,10.0,1461.120,332.06,3.60,52,111,565
04/29/2017 21:13:46,163,9.9,1458.890,332.44,3.60,53,111,565
04/29/2017 21:13:56,128,10.0,1456.490,332.31,3.60,53,112,565
04/29/2017 21:14:06,152,9.9,1454.180,333.04,3.60,52,113,565
04/29/2017 21:14:16,156,9.9,1451.820,332.49,3.60,53,111,565
04/29/2017 21:14:26,154,9.9,1449.460,332.89,3.59,53,113,565
04/29/2017 21:14:36,158,9.9,1447.160,333.81,3.58,52,114,565
04/29/2017 21:14:46,137,10.0,1444.770,334.64,3.58,52,112,565
04/29/2017 21:14:56,160,9.9,1442.440,334.45,3.58,52,112,565
04/29/2017 21:15:06,149,9.9,1440.140,334.57,3.58,51,113,565
04/29/2017 21:15:16,158,9.9,1437.780,334.46,3.58,53,112,565
04/29/2017 21:15:26,137,10.0,1435.460,334.33,3.57,53,113,565
04/29/2017 21:15:36,119,9.9,1433.040,335.18,3.57,52,113,565
04/29/2017 21:15:46,120,9.9,1430.750,335.14,3.56,53,112,565
04/29/2017 21:15:56,120,9.9,1428.310,336.33,3.56,53,112,565
04/29/2017 21:16:06,155,9.9,1426.090,336.85,3.56,52,113,565
04/29/2017 21:16:16,142,10.0,1423.690,336.59,3.54,54,111,565
04/29/2017 21:16:26,145,9.9,1421.210,338.04,3.54,53,111,565
04/29/2017 21:16:36,121,9.9,1418.930,337.70,3.54,54,112,565
04/29/2017 21:16:46,142,9.9,1416.680,337.92,3.53,52,112,565
04/29/2017 21:16:56,134,9.9,1414.260,338.12,3.53,52,112,565
04/29/2017 21:17:06,152,9.9,1411.890,338.45,3.53,53,112,565
04/29/2017 21:17:16,134,9.9,1409.530,338.95,3.53,52,111,565
04/29/2017 21:17:26,138,9.9,1407.180,339.07,3.53,52,111,565
04/29/2017 21:17:36,130,9.9,1404.840,339.50,3.52,54,112,565
04/29/2017 21:17:46,151,9.9,1402.430,339.39,3.52,53,113,565
04/29/2017 21:17:56,129,9.9,1400.250,340.08,3.51,53,112,565
04/29/2017 21:18:06,133,9.9,1397.860,340.71,3.50,52,110,565
04/29/2017 21:18:16,138,9.9,1395.390,340.27,3.50,51,110,565
04/29/2017 21:18:26,126,9.9,1393.060,341.49,3.50,52,112,565
04/29/2017 21:18:36,122,9.9,1390.710,340.97,3.49,53,112,565
04/29/2017 21:18:46,153,9.9,1388.360,341.23,3.48,51,112,565
04/29/2017 21:18:56,131,9.9,1386.020,342.47,3.48,52,111,565
04/29/2017 21:19:06,135,9.9,1383.680,342.34,3.49,52,111,565
04/29/2017 21:19:16,97,9.9,1381.400,341.91,3.49,53,112,565
04/29/2017 21:19:26,140,9.9,1379.140,342.75,3.50,53,114,565
04/29/2017 21:19:36,120,9.9,1376.850,342.55,3.49,52,111,565
04/29/2017 21:19:46,142,9.9,1374.450,342.61,3.49,53,112,565
04/29/2017 21:19:56,129,9.9,1372.100,342.53,3.49,52,111,565
04/29/2017 21:20:06,133,9.9,1369.680,342.73,3.48,52,111,565
04/29/2017 21:20:16,135,9.9,1367.320,344.20,3.48,52,112,565
04/29/2017 21:20:26,159,9.9,1364.910,343.90,3.48,52,113,565
04/29/2017 21:20:36,139,9.9,1362.630,344.79,3.47,51,112,565
04/29/2017 21:20:46,128,9.9,1360.380,345.11,3.46,53,113,565
04/29/2017 21:20:56,133,9.9,1358.000,344.94,3.46,52,113,565
04/29/2017 21:21:06,144,9.9,1355.560,345.69,3.45,53,111,565
04/29/2017 21:21:16,148,9.9,1353.350,345.84,3.45,53,112,565
04/29/2017 21:21:26,144,9.9,1350.920,345.64,3.44,53,112,565
04/29/2017 21:21:36,162,9.9,1348.620,347.15,3.44,51,111,565
04/29/2017 21:21:46,150,9.9,1346.330,346.46,3.43,53,111,565
04/29/2017 21:21:56,116,9.9,1344.050,347.40,3.43,53,112,565
04/29/2017 21:22:06,131,9.9,1341.510,347.16,3.43,52,112,565
04/29/2017 21:22:16,138,9.9,1339.310,347.48,3.44,52,112,565
04/29/2017 21:22:26,137,9.9,1336.880,346.06,3.45,52,111,565
04/29/2017 21:22:36,119,9.9,1334.430,346.62,3.45,53,112,565
04/29/2017 21:22:46,123,9.9,1332.170,346.37,3.44,51,112,565
04/29/2017 21:22:56,158,9.9,1329.830,346.43,3.46,52,113,565
04/29/2017 21:23:06,161,9.9,1327.410,346.31,3.46,54,112,565
04/29/2017 21:23:16,120,9.9,1325.050,347.09,3.46,51,111,565
04/29/2017 21:23:26,144,9.9,1322.790,346.76,3.46,51,112,565
04/29/2017 21:23:36,142,9.9,1320.400,345.37,3.46,53,112,565
04/29/2017 21:23:46,148,9.9,1318.000,346.92,3.46,51,113,565
04/29/2017 21:23:56,86,9.9,1315.780,348.26,3.45,52,111,565
04/29/2017 21:24:06,139,9.9,1313.390,347.19,3.45,53,118,565
04/29/2017 21:24:16,172,9.9,1311.120,347.93,3.44,54,112,565
04/29/2017 21:24:26,153,9.9,1308.760,348.58,3.43,54,113,565
04/29/2017 21:24:36,145,9.9,1306.460,348.08,3.43,52,114,565
04/29/2017 21:24:46,128,9.9,1304.120,348.46,3.43,53,111,565
04/29/2017 21:24:56,141,9.9,1301.800,348.75,3.43,52,111,565
04/29/2017 21:25:06,141,9.9,1299.320,348.44,3.43,52,113,565
04/29/2017 21:25:16,156,9.9,1296.980,349.23,3.43,53,110,565
04/29/2017 21:25:26,141,9.9,1294.650,349.06,3.43,52,110,565
04/29/2017 21:25:36,149,9.9,1292.410,349.34,3.43,52,112,565
04/29/2017 21:25:46,137,9.9,1289.890,349.31,3.44,53,113,565
04/29/2017 21:25:56,139,9.9,1287.720,348.37,3.45,53,112,565
04/29/2017 21:26:06,125,9.9,1285.230,348.24,3.45,52,114,565
04/29/2017 21:26:16,141,9.9,1282.960,348.84,3.45,52,113,565
04/29/2017 21:26:26,166,9.9,1280.750,348.73,3.45,51,113,565
04/29/2017 21:26:36,130,9.9,1278.330,349.24,3.45,51,111,565
04/29/2017 21:26:46,139,9.9,1275.900,348.89,3.45,53,112,565
04/29/2017 21:26:56,150,9.9,1273.590,349.39,3.44,53,111,565
04/29/2017 21:27:06,185,9.9,1271.250,348.79,3.44,52,112,565
04/29/2017 21:27:16,148,9.9,1268.990,348.69,3.44,52,112,565
04/29/2017 21:27:26,145,9.9,1266.730,350.54,3.43,51,114,565
04/29/2017 21:27:36,135,9.9,1264.270,349.69,3.43,53,112,565
04/29/2017 21:27:46,152,9.9,1261.940,349.32,3.43,53,112,565
04/29/2017 21:27:56,136,9.9,1259.730,349.82,3.43,52,112,565
04/29/2017 21:28:06,148,9.9,1257.310,350.51,3.43,52,112,565
04/29/2017 21:28:16,191,9.8,1254.970,350.32,3.43,51,112,565
04/29/2017 21:28:26,149,9.9,1252.720,350.98,3.44,51,113,565
04/29/2017 21:28:36,121,9.9,1250.440,349.87,3.44,53,112,565
04/29/2017 21:28:46,140,9.9,1248.150,350.19,3.44,53,114,565
04/29/2017 21:28:56,124,9.9,1245.740,349.54,3.45,53,113,565
04/29/2017 21:29:06,175,9.9,1243.440,349.54,3.45,52,113,565
04/29/2017 21:29:16,131,9.9,1241.180,349.56,3.45,53,112,565
04/29/2017 21:29:26,158,9.9,1238.790,350.35,3.46,52,111,565
04/29/2017 21:29:36,140,9.9,1236.420,350.23,3.45,52,112,565
04/29/2017 21:29:46,143,9.9,1234.050,349.26,3.44,53,112,565
04/29/2017 21:29:56,173,9.8,1231.710,350.71,3.44,52,113,565
04/29/2017 21:30:06,136,9.9,1229.500,350.30,3.43,52,113,565
04/29/2017 21:30:16,176,9.8,1227.200,351.53,3.44,52,114,565
04/29/2017 21:30:26,127,9.9,1224.840,351.40,3.44,54,113,565
04/29/2017 21:30:36,151,9.9,1222.480,350.12,3.45,52,114,565
04/29/2017 21:30:46,128,9.9,1220.140,349.93,3.45,51,118,565
04/29/2017 21:30:56,153,9.9,1217.890,350.22,3.45,53,113,565
04/29/2017 21:31:06,113,9.9,1215.530,349.35,3.45,53,118,565
04/29/2017 21:31:16,135,9.9,1213.220,349.59,3.45,52,112,565
04/29/2017 21:31:26,124,9.9,1210.960,350.77,3.45,53,115,565
04/29/2017 21:31:36,124,9.9,1208.460,350.48,3.45,52,112,565
04/29/2017 21:31:46,149,9.9,1206.090,350.43,3.45,52,114,565
04/29/2017 21:31:56,147,9.9,1203.880,350.53,3.45,52,113,565
04/29/2017 21:32:06,149,9.9,1201.470,350.23,3.45,51,118,565
04/29/2017 21:32:16,135,9.8,1199.310,350.47,3.45,52,112,565
04/29/2017 21:32:26,121,9.9,1196.770,351.45,3.45,51,113,565
04/29/2017 21:32:36,159,9.8,1194.620,351.93,3.45,53,113,565
04/29/2017 21:32:46,127,9.9,1192.210,351.81,3.45,52,110,565
04/29/2017 21:32:56,154,9.8,1189.910,351.57,3.45,52,112,565
04/29/2017 21:33:06,130,9.9,1187.620,351.00,3.45,53,112,565
04/29/2017 21:33:16,147,9.8,1185.210,351.25,3.45,51,113,565
04/29/2017 21:33:26,175,9.8,1182.940,351.66,3.45,52,113,565
04/29/2017 21:33:36,130,9.9,1180.570,351.08,3.45,52,112,565
04/29/2017 21:33:46,147,9.8,1178.250,351.04,3.45,51,115,565
04/29/2017 21:33:56,139,9.8,1176.000,351.73,3.45,51,112,565
04/29/2017 21:34:06,142,9.9,1173.650,351.85,3.45,51,113,565
04/29/2017 21:34:16,149,9.8,1171.360,351.77,3.45,51,112,565
04/29/2017 21:34:26,131,9.9,1168.980,351.33,3.45,54,112,565
04/29/2017 21:34:36,141,9.8,1166.700,351.27,3.45,52,113,565
04/29/2017 21:34:46,128,9.8,1164.420,351.35,3.45,51,111,565
04/29/2017 21:34:56,149,9.9,1162.000,351.76,3.45,53,113,565
04/29/2017 21:35:06,101,9.9,1159.600,351.97,3.45,52,112,565
04/29/2017 21:35:16,119,9.8,1157.220,352.49,3.45,52,113,565
04/29/2017 21:35:26,163,9.8,1155.070,352.43,3.45,52,112,565
04/29/2017 21:35:36,140,9.8,1152.750,352.31,3.45,51,112,565
04/29/2017 21:35:46,136,9.8,1150.340,352.52,3.45,53,113,565
04/29/2017 21:35:56,132,9.8,1147.990,352.32,3.45,51,114,565
04/29/2017 21:36:06,121,9.9,1145.780,352.20,3.45,52,112,565
04/29/2017 21:36:16,130,9.8,1143.420,353.30,3.45,52,113,565
04/29/2017 21:36:26,168,9.8,1141.060,353.38,3.45,52,114,565
04/29/2017 21:36:36,167,9.9,1138.820,352.87,3.44,51,114,565
04/29/2017 21:36:46,158,9.8,1136.590,353.04,3.44,53,114,565
04/29/2017 21:36:56,142,9.9,1134.170,353.00,3.44,52,113,565
04/29/2017 21:37:06,168,9.8,1131.900,352.66,3.44,52,113,565
04/29/2017 21:37:16,126,9.8,1129.500,353.27,3.44,53,113,565
04/29/2017 21:37:26,153,9.8,1127.370,352.59,3.44,52,114,565
04/29/2017 21:37:36,149,9.8,1124.910,353.38,3.44,52,112,565
04/29/2017 21:37:46,133,9.8,1122.600,353.60,3.44,53,113,565
04/29/2017 21:37:56,133,9.8,1120.210,352.64,3.44,53,114,565
04/29/2017 21:38:06,133,9.8,1117.980,353.37,3.45,51,113,565
04/29/2017 21:38:16,131,9.8,1115.580,353.90,3.45,52,114,565
04/29/2017 21:38:26,149,9.8,1113.290,353.05,3.45,53,111,565
04/29/2017 21:38:36,124,9.8,1111.040,354.07,3.45,52,113,565
04/29/2017 21:38:46,165,9.8,1108.630,352.87,3.45,52,113,565
04/29/2017 21:38:56,160,9.8,1106.310,353.16,3.45,51,114,565
04/29/2017 21:39:06,142,9.8,1104.080,353.93,3.45,52,112,565
04/29/2017 21:39:16,135,9.8,1101.760,353.34,3.45,52,112,565
04/29/2017 21:39:26,119,9.8,1099.360,353.90,3.45,51,119,565
04/29/2017 21:39:36,162,9.8,1097.160,353.21,3.45,53,113,565
04/29/2017 21:39:46,145,9.8,1094.700,354.48,3.45,53,112,565
04/29/2017 21:39:56,136,9.8,1092.360,353.41,3.45,52,114,565
04/29/2017 21:40:06,114,9.8,1090.090,353.51,3.45,53,113,565
04/29/2017 21:40:16,190,9.8,1087.860,353.34,3.46,52,114,565
04/29/2017 21:40:26,167,9.8,1085.460,353.65,3.46,52,113,565
04/29/2017 21:40:36,141,9.8,1083.240,354.10,3.46,52,112,565
04/29/2017 21:40:46,170,9.8,1080.820,353.87,3.46,53,114,565
04/29/2017 21:40:56,159,9.8,1078.600,354.34,3.46,52,112,565
04/29/2017 21:41:06,175,9.8,1076.230,353.74,3.46,52,111,565
04/29/2017 21:41:16,137,9.8,1073.850,354.09,3.46,52,112,565
04/29/2017 21:41:26,85,9.9,1071.530,354.15,3.46,52,113,565
04/29/2017 21:41:36,152,9.8,1069.200,354.07,3.45,51,111,565
04/29/2017 21:41:46,149,9.8,1066.920,353.57,3.46,52,112,565
04/29/2017 21:41:56,130,9.8,1064.670,354.48,3.45,52,114,565
04/29/2017 21:42:06,145,9.8,1062.370,355.04,3.45,53,115,565
04/29/2017 21:42:16,169,9.8,1059.990,354.16,3.45,51,113,565
04/29/2017 21:42:26,143,9.8,1057.690,355.27,3.45,51,113,565
04/29/2017 21:42:36,150,9.8,1055.370,354.42,3.45,52,112,565
04/29/2017 21:42:46,148,9.8,1053.060,354.58,3.45,53,112,565
04/29/2017 21:42:56,138,9.8,1050.730,354.50,3.45,52,115,565
04/29/2017 21:43:06,130,9.8,1048.520,354.80,3.46,53,113,565
04/29/2017 21:43:16,130,9.8,1046.220,355.29,3.45,52,113,565
04/29/2017 21:43:26,155,9.8,1043.810,355.55,3.45,53,118,565
04/29/2017 21:43:36,138,9.8,1041.570,355.47,3.45,52,112,565
04/29/2017 21:43:46,159,9.8,1039.210,354.74,3.45,51,112,565
04/29/2017 21:43:56,125,9.8,1036.840,355.14,3.45,53,112,565
04/29/2017 21:44:06,119,9.8,1034.460,355.13,3.44,51,114,565
04/29/2017 21:44:16,149,9.8,1032.240,356.18,3.43,53,114,565
04/29/2017 21:44:26,152,9.8,1029.970,355.56,3.43,52,112,565
04/29/2017 21:44:36,139,9.8,1027.680,355.86,3.43,52,114,565
04/29/2017 21:44:46,141,9.8,1025.360,356.15,3.44,53,113,565
04/29/2017 21:44:56,125,9.8,1023.060,356.70,3.44,52,114,565
04/29/2017 21:45:06,130,9.8,1020.740,355.72,3.44,53,113,565
04/29/2017 21:45:16,147,9.8,1018.440,355.74,3.45,53,113,565
04/29/2017 21:45:26,159,9.8,1016.080,355.65,3.45,53,113,565
04/29/2017 21:45:36,154,9.8,1013.770,356.48,3.44,53,113,565
04/29/2017 21:45:46,130,9.8,1011.510,356.53,3.44,52,113,565
04/29/2017 21:45:56,156,9.8,1009.140,356.59,3.44,52,117,565
04/29/2017 21:46:06,162,9.8,1006.930,356.83,3.44,52,113,565
04/29/2017 21:46:16,142,9.8,1004.630,356.36,3.44,51,113,565
04/29/2017 21:46:26,159,9.8,1002.250,357.84,3.44,52,114,565
04/29/2017 21:46:36,142,9.8,1000.070,356.20,3.45,50,112,565
04/29/2017 21:46:46,159,9.8,997.600,357.03,3.45,52,112,565
04/29/2017 21:46:56,102,9.8,995.480,356.28,3.45,53,115,565
04/29/2017 21:47:06,127,9.8,993.110,356.26,3.46,53,113,565
04/29/2017 21:47:16,144,9.8,990.900,357.44,3.45,52,118,565
04/29/2017 21:47:26,155,9.8,988.580,355.98,3.45,52,113,565
04/29/2017 21:47:36,149,9.8,986.220,355.86,3.46,52,115,565
04/29/2017 21:47:46,150,9.8,983.920,356.43,3.46,51,113,565
04/29/2017 21:47:56,171,9.8,981.660,357.34,3.46,52,114,565
04/29/2017 21:48:06,160,9.8,979.390,356.32,3.46,53,113,565
04/29/2017 21:48:16,183,9.8,977.080,357.60,3.46,52,114,565
04/29/2017 21:48:26,163,9.8,974.780,356.98,3.46,52,115,565
04/29/2017 21:48:36,177,9.8,972.460,358.04,3.45,52,114,565
04/29/2017 21:48:46,122,9.8,970.260,357.30,3.45,52,112,565
04/29/2017 21:48:56,170,9.8,968.000,357.44,3.45,54,114,565
04/29/2017 21:49:06,154,9.8,965.700,357.93,3.45,53,114,565
04/29/2017 21:49:16,150,9.8,963.330,356.91,3.45,52,114,565
04/29/2017 21:49:26,168,9.8,961.030,357.57,3.44,53,114,565
04/29/2017 21:49:36,159,9.8,958.710,358.59,3.44,51,112,565
04/29/2017 21:49:46,119,9.8,956.530,358.15,3.44,54,114,565
04/29/2017 21:49:56,127,9.8,954.270,356.66,3.44,52,113,565
04/29/2017 21:50:06,117,9.8,951.960,358.75,3.45,52,115,565
04/29/2017 21:50:16,159,9.7,949.610,357.61,3.45,52,114,565
04/29/2017 21:50:26,149,9.8,947.350,358.89,3.46,53,113,565
04/29/2017 21:50:36,156,9.7,945.040,358.08,3.46,53,113,565
04/29/2017 21:50:46,166,9.8,942.680,358.08,3.49,52,113,565
04/29/2017 21:50:56,152,9.8,940.380,356.77,3.49,51,113,565
04/29/2017 21:51:06,160,9.8,938.160,357.47,3.49,53,114,565
04/29/2017 21:51:16,150,9.7,935.710,355.81,3.50,52,114,565
04/29/2017 21:51:26,154,9.8,933.510,357.54,3.50,53,114,565
04/29/2017 21:51:36,133,9.8,931.100,355.82,3.50,52,114,565
04/29/2017 21:51:46,140,9.7,928.960,356.31,3.50,52,112,565
04/29/2017 21:51:56,157,9.8,926.630,357.54,3.51,52,114,565
04/29/2017 21:52:06,161,9.8,924.280,356.65,3.50,53,115,565
04/29/2017 21:52:16,124,9.8,921.990,357.07,3.50,52,112,565
04/29/2017 21:52:26,131,9.8,919.740,356.45,3.50,54,114,565
04/29/2017 21:52:36,110,9.8,917.340,358.40,3.49,54,113,565
04/29/2017 21:52:46,138,9.8,915.000,357.31,3.49,52,116,565
04/29/2017 21:52:56,129,9.8,912.850,357.81,3.49,52,114,565
04/29/2017 21:53:06,167,9.7,910.550,358.60,3.49,53,115,565
04/29/2017 21:53:16,146,9.8,908.250,360.66,3.49,52,114,565
04/29/2017 21:53:26,162,9.8,905.810,358.58,3.49,52,115,565
04/29/2017 21:53:36,149,9.7,903.670,357.67,3.49,52,113,565
04/29/2017 21:53:46,150,9.8,901.260,358.63,3.49,53,114,565
04/29/2017 21:53:56,181,9.8,898.980,359.03,3.49,53,111,565
04/29/2017 21:54:06,157,9.7,896.770,358.61,3.49,53,114,565
04/29/2017 21:54:16,174,9.7,894.520,360.50,3.49,53,114,565
04/29/2017 21:54:26,111,9.8,892.220,359.71,3.49,52,115,565
04/29/2017 21:54:36,152,9.7,889.780,359.06,3.50,52,143,565
04/29/2017 21:54:46,137,9.7,887.550,358.44,3.50,52,116,565
04/29/2017 21:54:56,135,9.7,885.340,357.85,3.50,53,113,565
04/29/2017 21:55:06,129,9.8,883.070,358.21,3.50,53,113,565
04/29/2017 21:55:16,161,9.7,880.650,359.52,3.49,53,115,565
04/29/2017 21:55:26,132,9.7,878.350,359.38,3.50,52,117,565
04/29/2017 21:55:36,169,9.7,876.130,359.09,3.50,53,115,565
04/29/2017 21:55:46,130,9.7,873.750,361.62,3.50,52,112,565
04/29/2017 21:55:56,161,9.7,871.550,360.42,3.51,53,114,565
04/29/2017 21:56:06,164,9.7,869.260,360.67,3.51,53,115,565
04/29/2017 21:56:16,137,9.8,866.920,359.97,3.51,53,115,565
04/29/2017 21:56:26,148,9.8,864.520,363.41,3.52,52,117,565
04/29/2017 21:56:36,148,9.7,862.380,360.78,3.52,52,114,565
04/29/2017 21:56:46,166,9.7,859.990,361.78,3.52,52,115,565
04/29/2017 21:56:56,71,9.8,857.770,361.67,3.52,53,119,565
04/29/2017 21:57:06,127,9.7,855.410,362.16,3.53,53,121,565
04/29/2017 21:57:16,144,9.7,853.100,362.00,3.53,55,115,565
04/29/2017 21:57:26,175,9.7,850.850,361.58,3.53,55,115,565
04/29/2017 21:57:36,138,9.8,848.480,363.98,3.54,55,114,565
04/29/2017 21:57:46,195,9.7,846.160,362.99,3.54,54,116,565
04/29/2017 21:57:56,131,9.8,843.940,363.66,3.54,55,116,565
04/29/2017 21:58:06,199,9.7,841.750,362.70,3.54,54,115,565
04/29/2017 21:58:16,153,9.7,839.460,364.45,3.54,53,117,565
04/29/2017 21:58:26,150,9.7,837.100,364.37,3.54,54,118,565
04/29/2017 21:58:36,149,9.7,834.780,364.17,3.54,54,117,565
04/29/2017 21:58:46,145,9.7,832.450,364.10,3.55,54,118,565
04/29/2017 21:58:56,137,9.7,830.120,364.10,3.55,54,116,565
04/29/2017 21:59:06,137,9.7,827.940,364.18,3.55,54,116,565
04/29/2017 21:59:16,193,9.7,825.620,364.11,3.55,54,116,565
04/29/2017 21:59:26,133,9.7,823.360,365.53,3.55,56,128,565
04/29/2017 21:59:36,126,9.7,820.970,365.18,3.55,55,118,565
04/29/2017 21:59:46,145,9.7,818.690,363.61,3.55,54,116,565
04/29/2017 21:59:56,142,9.7,816.460,363.61,3.55,54,123,565
04/29/2017 22:00:06,137,9.7,813.980,366.04,3.55,53,115,565
04/29/2017 22:00:16,166,9.7,811.890,365.40,3.55,54,129,565
04/29/2017 22:00:26,153,9.7,809.510,364.05,3.55,54,118,565
04/29/2017 22:00:36,169,9.7,807.320,364.84,3.55,53,114,565
04/29/2017 22:00:46,131,9.7,804.870,365.56,3.55,53,115,565
04/29/2017 22:00:56,166,9.7,802.590,364.23,3.55,55,115,565
04/29/2017 22:01:06,165,9.7,800.390,363.70,3.55,53,118,565
04/29/2017 22:01:16,171,9.7,798.030,365.28,3.55,54,115,565
04/29/2017 22:01:26,132,9.8,795.800,365.10,3.55,54,118,565
04/29/2017 22:01:36,164,9.7,793.560,365.34,3.55,54,117,565
04/29/2017 22:01:46,128,9.7,791.340,365.17,3.55,55,117,565
04/29/2017 22:01:56,114,9.7,788.950,365.92,3.56,56,120,565
04/29/2017 22:02:06,157,9.7,786.750,365.84,3.56,55,120,565
04/29/2017 22:02:16,184,9.7,784.430,365.80,3.56,55,116,565
04/29/2017 22:02:26,167,9.7,782.190,365.84,3.56,55,118,565
04/29/2017 22:02:36,157,9.7,779.930,365.54,3.56,54,116,565
04/29/2017 22:02:46,149,9.7,777.530,365.81,3.56,55,115,565
04/29/2017 22:02:56,181,9.7,775.370,366.37,3.57,54,123,565
04/29/2017 22:03:06,156,9.7,772.970,366.58,3.56,55,118,565
04/29/2017 22:03:16,153,9.7,770.860,367.01,3.57,53,118,565
04/29/2017 22:03:26,144,9.7,768.590,367.31,3.56,55,117,565
04/29/2017 22:03:36,163,9.7,766.280,368.07,3.56,53,119,565
04/29/2017 22:03:46,134,9.7,764.060,367.65,3.56,54,119,565
04/29/2017 22:03:56,171,9.7,761.710,368.12,3.56,55,126,565
04/29/2017 22:04:06,156,9.7,759.320,367.32,3.56,56,118,565
04/29/2017 22:04:16,169,9.7,757.090,367.69,3.56,55,119,565
04/29/2017 22:04:26,185,9.7,754.890,367.52,3.56,54,118,565
04/29/2017 22:04:36,162,9.7,752.670,368.24,3.55,56,118,565
04/29/2017 22:04:46,181,9.7,750.360,368.03,3.55,55,118,565
04/29/2017 22:04:56,151,9.7,747.970,368.68,3.55,54,132,565
04/29/2017 22:05:06,155,9.7,745.740,368.90,3.54,54,118,565
04/29/2017 22:05:16,155,9.7,743.400,367.26,3.54,55,118,565
04/29/2017 22:05:26,144,9.7,741.210,367.80,3.54,55,122,565
04/29/2017 22:05:36,146,9.7,738.910,368.50,3.54,55,120,565
04/29/2017 22:05:46,135,9.7,736.700,368.58,3.54,54,120,565
04/29/2017 22:05:56,160,9.7,734.330,368.09,3.55,55,119,565
04/29/2017 22:06:06,142,9.7,731.980,369.07,3.55,55,128,565
04/29/2017 22:06:16,183,9.7,729.720,369.07,3.55,55,117,565
04/29/2017 22:06:26,126,9.7,727.470,368.12,3.55,54,120,565
04/29/2017 22:06:36,109,9.7,725.220,368.12,3.55,54,117,565
04/29/2017 22:06:46,105,9.7,723.100,368.63,3.55,55,122,565
04/29/2017 22:06:56,162,9.7,720.880,369.92,3.55,56,118,565
04/29/2017 22:07:06,177,9.7,718.600,369.97,3.56,56,118,565
04/29/2017 22:07:16,178,9.7,716.350,370.37,3.55,55,118,565
04/29/2017 22:07:26,153,9.7,714.090,368.11,3.55,56,117,565
04/29/2017 22:07:36,130,9.7,711.790,370.26,3.56,54,119,565
04/29/2017 22:07:46,152,9.7,709.440,369.34,3.56,55,118,565
04/29/2017 22:07:56,154,9.7,707.270,369.67,3.56,54,122,565
04/29/2017 22:08:06,149,9.7,704.860,369.01,3.58,55,117,565
04/29/2017 22:08:16,168,9.7,702.550,368.25,3.58,55,119,565
04/29/2017 22:08:26,78,9.7,700.270,369.04,3.58,55,117,565
04/29/2017 22:08:36,149,9.7,697.980,368.49,3.59,56,117,565
04/29/2017 22:08:46,158,9.7,695.750,368.54,3.59,57,120,565
04/29/2017 22:08:56,134,9.7,693.430,367.84,3.58,56,120,565
04/29/2017 22:09:06,157,9.7,691.130,367.98,3.59,55,118,565
04/29/2017 22:09:16,151,9.7,688.870,368.76,3.58,55,116,565
04/29/2017 22:09:26,165,9.7,686.490,368.00,3.58,55,119,565
04/29/2017 22:09:36,169,9.7,684.370,367.91,3.58,55,529,565
04/29/2017 22:09:46,205,9.6,682.030,368.46,3.57,55,119,565
04/29/2017 22:09:56,154,9.7,679.760,367.82,3.57,57,120,565
04/29/2017 22:10:06,227,9.7,677.500,368.05,3.58,56,123,565
04/29/2017 22:10:16,68,9.7,675.300,369.23,3.57,55,120,565
04/29/2017 22:10:26,133,9.7,673.100,368.95,3.58,55,118,565
04/29/2017 22:10:36,179,9.6,670.670,368.22,3.58,56,118,565
04/29/2017 22:10:46,85,9.7,668.500,368.47,3.58,55,118,565
04/29/2017 22:10:56,178,9.7,666.240,368.02,3.58,56,120,565
04/29/2017 22:11:06,152,9.7,663.930,367.84,3.58,56,116,565
04/29/2017 22:11:16,136,9.7,661.710,369.02,3.58,56,117,565
04/29/2017 22:11:26,159,9.7,659.450,369.12,3.58,57,117,565
04/29/2017 22:11:36,123,9.7,657.130,369.18,3.58,56,119,565
04/29/2017 22:11:46,163,9.7,654.800,369.37,3.58,56,117,565
04/29/2017 22:11:56,157,9.7,652.480,369.43,3.58,56,121,565
04/29/2017 22:12:06,128,9.7,650.320,369.14,3.57,56,117,565
04/29/2017 22:12:16,170,9.7,647.890,369.69,3.57,55,118,565
04/29/2017 22:12:26,161,9.6,645.590,369.11,3.58,55,117,565
04/29/2017 22:12:36,192,9.6,643.370,369.29,3.58,55,121,565
04/29/2017 22:12:46,170,9.7,641.140,368.16,3.57,55,119,565
04/29/2017 22:12:56,146,9.6,638.840,369.16,3.56,55,119,565
04/29/2017 22:13:06,165,9.6,636.570,369.36,3.56,56,118,565
04/29/2017 22:13:16,188,9.7,634.400,369.71,3.55,55,118,565
04/29/2017 22:13:26,159,9.7,632.020,369.24,3.55,54,119,565
04/29/2017 22:13:36,160,9.6,629.830,370.03,3.55,56,118,565
04/29/2017 22:13:46,169,9.6,627.490,369.23,3.55,54,119,565
04/29/2017 22:13:56,193,9.7,625.250,369.75,3.55,55,118,565
04/29/2017 22:14:06,172,9.6,622.980,369.40,3.55,55,119,565
04/29/2017 22:14:16,107,9.6,620.680,369.18,3.55,55,118,565
04/29/2017 22:14:26,181,9.7,618.370,369.96,3.55,56,119,565
04/29/2017 22:14:36,117,9.7,616.150,369.44,3.55,56,119,565
04/29/2017 22:14:46,141,9.7,613.840,370.54,3.55,56,119,565
04/29/2017 22:14:56,149,9.7,611.570,370.71,3.55,56,119,565
04/29/2017 22:15:06,198,9.6,609.400,370.46,3.56,56,120,565
04/29/2017 22:15:16,162,9.6,607.150,370.49,3.56,55,124,565
04/29/2017 22:15:26,132,9.6,604.810,370.01,3.56,54,119,565
04/29/2017 22:15:36,139,9.6,602.580,370.40,3.56,57,119,565
04/29/2017 22:15:46,138,9.7,600.310,370.15,3.56,55,119,565
04/29/2017 22:15:56,199,9.6,597.990,370.57,3.56,54,120,565
04/29/2017 22:16:06,193,9.6,595.700,370.57,3.57,57,117,565
04/29/2017 22:16:16,145,9.6,593.510,369.97,3.57,56,119,565
04/29/2017 22:16:26,184,9.6,591.240,370.16,3.57,55,119,565
04/29/2017 22:16:36,136,9.6,589.050,371.07,3.56,54,120,565
04/29/2017 22:16:46,139,9.6,586.640,369.77,3.56,56,119,565
04/29/2017 22:16:56,160,9.7,584.400,370.98,3.56,55,118,565
04/29/2017 22:17:06,197,9.7,582.220,370.60,3.57,55,118,565
04/29/2017 22:17:16,135,9.6,579.880,370.78,3.56,55,120,565
04/29/2017 22:17:26,161,9.6,577.610,371.22,3.56,56,118,565
04/29/2017 22:17:36,157,9.6,575.340,371.17,3.56,55,119,565
04/29/2017 22:17:46,218,9.6,573.230,370.25,3.56,55,118,565
04/29/2017 22:17:56,143,9.6,570.940,370.82,3.56,57,125,565
04/29/2017 22:18:06,201,9.6,568.580,371.00,3.56,56,118,565
04/29/2017 22:18:16,180,9.6,566.430,370.40,3.56,55,118,565
04/29/2017 22:18:26,151,9.7,564.160,371.29,3.56,55,119,565
04/29/2017 22:18:36,177,9.6,561.860,370.82,3.56,55,120,565
04/29/2017 22:18:46,85,9.6,559.540,370.39,3.56,54,118,565
04/29/2017 22:18:56,193,9.6,557.260,371.50,3.57,55,117,565
04/29/2017 22:19:06,157,9.6,555.030,370.69,3.57,57,118,565
04/29/2017 22:19:16,141,9.6,552.750,371.00,3.57,56,121,565
04/29/2017 22:19:26,176,9.6,550.430,371.53,3.56,57,119,565
04/29/2017 22:19:36,176,9.6,548.180,370.58,3.56,55,119,565
04/29/2017 22:19:46,184,9.6,545.870,371.59,3.56,55,119,565
04/29/2017 22:19:56,217,9.6,543.760,370.89,3.57,56,124,565
04/29/2017 22:20:06,151,9.6,541.470,370.69,3.57,56,118,565
04/29/2017 22:20:16,182,9.6,539.150,371.37,3.57,58,120,565
04/29/2017 22:20:26,179,9.6,536.850,371.66,3.57,57,119,565
04/29/2017 22:20:36,206,9.6,534.550,371.32,3.57,55,125,565
04/29/2017 22:20:46,176,9.6,532.340,370.38,3.57,56,119,565
04/29/2017 22:20:56,153,9.6,530.070,371.90,3.57,56,120,565
04/29/2017 22:21:06,175,9.6,527.830,371.62,3.57,55,120,565
04/29/2017 22:21:16,164,9.6,525.640,370.95,3.57,56,119,565
04/29/2017 22:21:26,162,9.6,523.280,370.88,3.57,54,118,565
04/29/2017 22:21:36,118,9.6,520.990,370.88,3.57,56,118,565
04/29/2017 22:21:46,203,9.6,518.890,370.43,3.57,55,118,565
04/29/2017 22:21:56,181,9.6,516.640,371.22,3.57,55,119,565
04/29/2017 22:22:06,165,9.6,514.230,371.60,3.57,58,125,565
04/29/2017 22:22:16,171,9.6,512.020,371.33,3.57,55,118,565
04/29/2017 22:22:26,203,9.6,509.860,370.90,3.57,55,119,565
04/29/2017 22:22:36,104,9.6,507.520,371.40,3.57,55,117,565
04/29/2017 22:22:46,173,9.6,505.360,371.58,3.58,55,119,565
04/29/2017 22:22:56,144,9.6,502.970,370.23,3.59,55,118,565
04/29/2017 22:23:06,155,9.6,500.790,370.09,3.59,56,118,565
04/29/2017 22:23:16,175,9.6,498.410,370.61,3.59,55,117,565
04/29/2017 22:23:26,198,9.6,496.410,369.66,3.59,56,118,565
04/29/2017 22:23:36,122,9.7,494.000,369.82,3.59,57,120,565
04/29/2017 22:23:46,173,9.6,491.820,370.69,3.60,56,116,565
04/29/2017 22:23:56,188,9.6,489.420,370.40,3.60,55,119,565
04/29/2017 22:24:06,88,9.6,487.250,370.82,3.60,56,119,565
04/29/2017 22:24:16,169,9.6,484.940,370.20,3.60,55,119,565
04/29/2017 22:24:26,137,9.6,482.600,370.44,3.60,55,119,565
04/29/2017 22:24:36,182,9.6,480.430,370.30,3.60,56,119,565
04/29/2017 22:24:46,116,9.6,478.250,370.89,3.61,57,119,565
04/29/2017 22:24:56,114,9.6,475.820,370.38,3.61,56,118,565
04/29/2017 22:25:06,185,9.6,473.650,369.83,3.61,56,120,565
04/29/2017 22:25:16,203,9.6,471.320,370.17,3.61,58,120,565
04/29/2017 22:25:26,183,9.6,468.990,371.24,3.61,58,120,565
04/29/2017 22:25:36,144,9.6,466.890,371.01,3.61,58,120,565
04/29/2017 22:25:46,168,9.6,464.620,371.54,3.61,59,121,565
04/29/2017 22:25:56,169,9.6,462.280,373.07,3.61,56,123,565
04/29/2017 22:26:06,150,9.6,460.040,371.33,3.61,57,120,565
04/29/2017 22:26:16,179,9.6,457.660,372.74,3.62,57,125,565
04/29/2017 22:26:26,123,9.6,455.530,372.39,3.62,58,121,565
04/29/2017 22:26:36,211,9.6,453.150,371.86,3.63,59,120,565
04/29/2017 22:26:46,155,9.6,450.920,372.70,3.63,58,122,565
04/29/2017 22:26:56,171,9.6,448.650,372.98,3.63,58,119,565
04/29/2017 22:27:06,101,9.6,446.480,373.28,3.63,59,122,565
04/29/2017 22:27:16,169,9.6,444.100,372.73,3.63,59,119,565
04/29/2017 22:27:26,144,9.6,441.910,372.72,3.63,59,120,565
04/29/2017 22:27:36,190,9.6,439.520,372.55,3.64,58,124,565
04/29/2017 22:27:46,212,9.6,437.350,373.86,3.64,59,120,565
04/29/2017 22:27:56,155,9.6,435.060,373.02,3.64,59,122,565
04/29/2017 22:28:06,164,9.6,432.900,372.90,3.64,60,120,565
04/29/2017 22:28:16,156,9.6,430.540,372.44,3.65,58,122,565
04/29/2017 22:28:26,137,9.6,428.190,372.38,3.65,59,121,565
04/29/2017 22:28:36,168,9.6,425.980,372.34,3.65,59,121,565
04/29/2017 22:28:46,153,9.6,423.790,372.63,3.66,60,122,565
04/29/2017 22:28:56,191,9.6,421.450,372.59,3.66,58,126,565
04/29/2017 22:29:06,205,9.6,419.200,373.18,3.66,57,120,565
04/29/2017 22:29:16,171,9.6,416.900,371.83,3.66,59,120,565
04/29/2017 22:29:26,167,9.6,414.740,372.35,3.66,59,120,565
04/29/2017 22:29:36,136,9.6,412.300,372.49,3.66,57,121,565
04/29/2017 22:29:46,142,9.6,410.120,370.94,3.66,56,119,565
04/29/2017 22:29:56,146,9.6,407.800,371.64,3.66,58,120,565
04/29/2017 22:30:06,159,9.6,405.580,372.09,3.67,57,120,565
04/29/2017 22:30:16,171,9.6,403.260,371.58,3.67,56,119,565
04/29/2017 22:30:26,151,9.6,401.040,371.95,3.67,57,119,565
04/29/2017 22:30:36,160,9.6,398.590,371.67,3.67,58,119,565
04/29/2017 22:30:46,131,9.6,396.520,371.58,3.67,58,118,565
04/29/2017 22:30:56,147,9.6,394.310,372.43,3.67,57,120,565
04/29/2017 22:31:06,166,9.6,391.970,371.34,3.67,56,121,565
04/29/2017 22:31:16,115,9.7,389.690,372.17,3.67,59,119,565
04/29/2017 22:31:26,222,9.6,387.480,372.51,3.68,57,123,565
04/29/2017 22:31:36,192,9.6,385.140,372.16,3.68,57,121,565
04/29/2017 22:31:46,90,9.6,382.900,372.13,3.68,57,124,565
04/29/2017 22:31:56,169,9.6,380.770,372.82,3.68,57,120,565
04/29/2017 22:32:06,176,9.6,378.430,372.11,3.68,57,130,565
04/29/2017 22:32:16,160,9.6,376.140,371.55,3.68,58,121,565
04/29/2017 22:32:26,173,9.6,373.850,372.14,3.68,58,120,565
04/29/2017 22:32:36,150,9.6,371.560,372.03,3.68,58,121,565
04/29/2017 22:32:46,151,9.6,369.380,372.85,3.68,58,122,565
04/29/2017 22:32:56,185,9.6,367.060,373.11,3.69,57,137,565
04/29/2017 22:33:06,155,9.6,364.760,372.33,3.69,57,120,565
04/29/2017 22:33:16,186,9.6,362.510,372.12,3.69,58,126,565
04/29/2017 22:33:26,153,9.6,360.220,372.39,3.70,59,124,565
04/29/2017 22:33:36,102,9.6,357.950,372.07,3.70,59,122,565
04/29/2017 22:33:46,171,9.6,355.770,372.51,3.70,58,121,565
04/29/2017 22:33:56,142,9.6,353.560,372.69,3.69,58,121,565
04/29/2017 22:34:06,195,9.6,351.290,373.26,3.69,59,122,565
04/29/2017 22:34:16,146,9.6,348.970,373.47,3.69,58,120,565
04/29/2017 22:34:26,179,9.6,346.740,373.15,3.69,59,121,565
04/29/2017 22:34:36,191,9.6,344.580,372.25,3.69,59,123,565
04/29/2017 22:34:46,170,9.6,342.340,372.41,3.70,59,120,565
04/29/2017 22:34:56,161,9.6,339.920,373.30,3.70,59,122,565
04/29/2017 22:35:06,142,9.6,337.680,372.94,3.70,61,121,565
04/29/2017 22:35:16,159,9.6,335.450,372.31,3.72,59,122,565
04/29/2017 22:35:26,171,9.6,333.230,371.15,3.73,60,121,565
04/29/2017 22:35:36,205,9.6,330.840,372.22,3.73,63,123,565
04/29/2017 22:35:46,188,9.6,328.600,372.03,3.73,64,126,565
04/29/2017 22:35:56,188,9.6,326.410,373.19,3.73,65,127,565
04/29/2017 22:36:06,182,9.6,324.240,373.78,3.73,66,127,565
04/29/2017 22:36:16,193,9.6,321.890,375.42,3.72,68,127,565
04/29/2017 22:36:26,182,9.6,319.580,374.73,3.72,66,130,565
04/29/2017 22:36:36,170,9.6,317.410,374.31,3.72,66,124,565
04/29/2017 22:36:46,141,9.6,315.150,374.24,3.72,67,125,565
04/29/2017 22:36:56,142,9.6,312.800,375.84,3.72,69,129,565
04/29/2017 22:37:06,182,9.6,310.520,375.66,3.73,69,128,565
04/29/2017 22:37:16,210,9.5,308.360,376.14,3.73,70,125,565
04/29/2017 22:37:26,175,9.6,306.020,376.39,3.74,71,128,565
04/29/2017 22:37:36,144,9.6,303.770,376.60,3.75,73,126,565
04/29/2017 22:37:46,178,9.6,301.550,378.08,3.76,73,128,565
04/29/2017 22:37:56,145,9.6,299.400,376.65,3.77,74,127,565
04/29/2017 22:38:06,182,9.6,297.020,377.08,3.78,75,131,565
04/29/2017 22:38:16,92,9.6,294.660,378.44,3.79,75,128,565
04/29/2017 22:38:26,195,9.6,292.400,377.76,3.79,76,130,565
04/29/2017 22:38:36,163,9.6,290.220,377.78,3.81,76,127,565
04/29/2017 22:38:46,184,9.6,288.070,377.62,3.81,74,129,565
04/29/2017 22:38:56,159,9.6,285.720,377.33,3.81,76,128,565
04/29/2017 22:39:06,180,9.6,283.510,377.95,3.81,74,134,565
04/29/2017 22:39:16,186,9.6,281.240,378.27,3.81,79,137,565
04/29/2017 22:39:26,181,9.6,279.020,377.64,3.81,77,127,565
04/29/2017 22:39:36,194,9.6,276.650,378.05,3.82,79,129,565
04/29/2017 22:39:46,194,9.6,274.470,379.12,3.84,81,135,565
04/29/2017 22:39:56,155,9.6,272.220,378.95,3.84,80,131,565
04/29/2017 22:40:06,183,9.6,269.980,379.50,3.84,81,132,565
04/29/2017 22:40:16,204,9.6,267.610,380.38,3.83,81,133,565
04/29/2017 22:40:26,148,9.6,265.510,379.88,3.83,82,135,565
04/29/2017 22:40:36,182,9.6,263.120,379.97,3.83,80,137,565
04/29/2017 22:40:46,174,9.5,260.960,380.04,3.84,82,133,565
04/29/2017 22:40:56,171,9.6,258.590,380.21,3.83,84,134,565
04/29/2017 22:41:06,184,9.5,256.390,380.74,3.83,81,132,565
04/29/2017 22:41:16,194,9.6,254.120,380.41,3.83,79,133,565
04/29/2017 22:41:26,173,9.6,252.000,380.24,3.83,82,134,565
04/29/2017 22:41:36,155,9.6,249.650,379.91,3.83,82,133,565
04/29/2017 22:41:46,201,9.6,247.300,380.32,3.83,82,134,565
04/29/2017 22:41:56,155,9.6,245.100,380.50,3.83,83,132,565
04/29/2017 22:42:06,168,9.6,243.280,380.64,3.83,83,140,565
04/29/2017 22:42:16,335,9.4,243.190,380.78,3.83,86,140,565
04/29/2017 22:42:26,390,9.4,243.260,381.32,3.83,85,137,565
04/29/2017 22:42:36,291,9.4,243.400,380.29,3.83,83,139,565
04/29/2017 22:42:46,357,9.4,243.340,381.42,3.83,84,141,565
04/29/2017 22:42:56,374,9.4,243.330,380.68,3.83,82,139,565
04/29/2017 22:43:06,439,9.5,243.330,380.66,3.83,83,138,565

 Ramp exit:    SMOOTH RUNNING
 Profile exit: TOP PRESSURE

 Vehicle motion stopped at 04/29/2017 22:43:10
 Sensor logging stopped at 04/29/2017 22:45:18
