
 Profile 335

 Sensors were turned on at  04/16/2017 12:00:02
 Vehicle began profiling at 04/16/2017 12:02:05

Date,[mA],[V],[dbar],Oxygen[uM],Optode Temp[C],Chl,NTU,Therm
04/16/2017 12:02:05,0,11.0,0.000,0.00,0.00,55,150,570
04/16/2017 12:02:15,219,10.7,0.000,0.00,0.00,53,138,570
04/16/2017 12:02:25,176,10.8,0.000,0.00,0.00,53,135,570
04/16/2017 12:02:38,189,10.8,2524.630,343.38,2.01,55,137,570
04/16/2017 12:02:48,96,11.0,2521.860,342.69,2.05,54,129,569
04/16/2017 12:02:58,89,11.0,2519.000,342.69,2.07,53,132,569
04/16/2017 12:03:08,98,11.0,2516.190,341.53,2.11,54,133,569
04/16/2017 12:03:18,92,10.9,2513.420,340.65,2.17,53,129,569
04/16/2017 12:03:28,91,11.0,2510.740,339.95,2.19,53,127,569
04/16/2017 12:03:38,99,11.0,2507.910,339.13,2.20,54,172,569
04/16/2017 12:03:48,96,10.9,2505.070,339.24,2.21,53,132,569
04/16/2017 12:03:58,92,11.0,2502.360,338.40,2.22,53,139,569
04/16/2017 12:04:08,97,11.0,2499.570,338.39,2.24,54,129,569
04/16/2017 12:04:18,89,10.9,2496.760,338.22,2.25,54,126,569
04/16/2017 12:04:28,88,10.9,2493.940,337.49,2.27,53,136,569
04/16/2017 12:04:38,96,10.9,2491.190,336.53,2.27,53,123,569
04/16/2017 12:04:48,90,10.9,2488.370,336.79,2.29,52,124,569
04/16/2017 12:04:58,95,10.9,2485.580,335.93,2.30,53,127,569
04/16/2017 12:05:08,100,10.9,2482.850,335.73,2.30,54,124,569
04/16/2017 12:05:18,94,10.9,2479.980,335.85,2.31,53,126,568
04/16/2017 12:05:28,94,10.9,2477.180,335.75,2.33,54,125,568
04/16/2017 12:05:38,97,10.9,2474.520,335.71,2.34,53,132,568
04/16/2017 12:05:48,93,10.9,2471.780,335.27,2.35,52,127,568
04/16/2017 12:05:58,99,10.9,2469.010,335.62,2.35,53,123,568
04/16/2017 12:06:08,95,10.9,2466.130,335.00,2.35,54,127,568
04/16/2017 12:06:18,92,10.9,2463.330,334.69,2.36,54,123,568
04/16/2017 12:06:28,99,10.9,2460.560,335.72,2.36,53,124,568
04/16/2017 12:06:38,99,10.9,2457.920,335.22,2.37,53,122,568
04/16/2017 12:06:48,105,10.9,2455.020,334.59,2.37,53,127,568
04/16/2017 12:06:58,102,10.9,2452.400,334.62,2.38,53,138,568
04/16/2017 12:07:08,103,10.9,2449.540,334.51,2.40,53,127,568
04/16/2017 12:07:18,101,10.9,2446.920,334.10,2.41,54,124,568
04/16/2017 12:07:28,99,10.9,2444.170,333.77,2.43,53,128,568
04/16/2017 12:07:38,98,10.9,2441.350,333.80,2.44,53,125,568
04/16/2017 12:07:48,110,10.8,2438.570,334.15,2.44,54,131,568
04/16/2017 12:07:58,89,10.9,2435.780,334.06,2.43,54,130,568
04/16/2017 12:08:08,94,10.9,2433.080,333.91,2.43,54,140,568
04/16/2017 12:08:18,97,10.9,2430.320,335.38,2.42,52,143,568
04/16/2017 12:08:28,107,10.8,2427.540,336.28,2.42,53,139,568
04/16/2017 12:08:38,103,10.8,2424.860,337.09,2.42,53,139,568
04/16/2017 12:08:48,105,10.9,2422.100,336.57,2.42,54,140,568
04/16/2017 12:08:58,100,10.8,2419.390,337.18,2.42,53,140,568
04/16/2017 12:09:08,102,10.8,2416.590,336.94,2.43,54,137,568
04/16/2017 12:09:18,98,10.8,2413.880,336.82,2.44,53,140,567
04/16/2017 12:09:28,106,10.8,2411.200,336.94,2.44,54,129,568
04/16/2017 12:09:38,111,10.8,2408.410,334.29,2.51,53,126,567
04/16/2017 12:09:48,101,10.9,2405.720,332.93,2.52,53,123,567
04/16/2017 12:09:58,101,10.9,2402.810,332.04,2.53,53,115,567
04/16/2017 12:10:08,112,10.8,2400.200,329.87,2.60,53,117,568
04/16/2017 12:10:18,103,10.8,2397.500,327.29,2.62,55,113,567
04/16/2017 12:10:28,100,10.9,2394.700,326.21,2.64,53,115,567
04/16/2017 12:10:38,101,10.9,2391.940,325.09,2.64,51,114,567
04/16/2017 12:10:48,113,10.9,2389.190,324.63,2.65,52,113,567
04/16/2017 12:10:58,104,10.8,2386.480,323.98,2.66,54,115,567
04/16/2017 12:11:08,107,10.8,2383.650,324.08,2.67,54,114,567
04/16/2017 12:11:18,88,10.9,2381.030,323.37,2.68,53,113,567
04/16/2017 12:11:28,111,10.8,2378.220,323.61,2.69,53,112,567
04/16/2017 12:11:38,109,10.8,2375.390,323.29,2.70,53,114,567
04/16/2017 12:11:48,109,10.8,2372.630,323.86,2.70,52,112,567
04/16/2017 12:11:58,111,10.8,2369.930,322.96,2.71,53,117,567
04/16/2017 12:12:08,108,10.8,2367.180,323.12,2.71,53,112,567
04/16/2017 12:12:18,107,10.8,2364.590,323.38,2.71,53,113,567
04/16/2017 12:12:28,100,10.8,2361.850,323.64,2.71,54,111,567
04/16/2017 12:12:38,102,10.8,2358.960,323.29,2.72,54,114,567
04/16/2017 12:12:48,102,10.8,2356.250,323.31,2.73,53,112,567
04/16/2017 12:12:58,99,10.8,2353.610,322.98,2.73,54,113,567
04/16/2017 12:13:08,116,10.8,2350.730,322.58,2.73,53,115,567
04/16/2017 12:13:18,107,10.8,2348.080,322.72,2.73,52,112,567
04/16/2017 12:13:28,110,10.9,2345.380,322.62,2.74,54,112,567
04/16/2017 12:13:38,100,10.8,2342.550,321.52,2.74,52,112,567
04/16/2017 12:13:48,108,10.8,2339.860,321.26,2.74,52,114,567
04/16/2017 12:13:58,107,10.8,2337.080,321.92,2.75,53,113,567
04/16/2017 12:14:08,107,10.8,2334.290,322.04,2.75,53,111,567
04/16/2017 12:14:18,88,10.9,2331.540,322.08,2.75,53,113,567
04/16/2017 12:14:28,101,10.8,2328.880,321.57,2.77,52,111,567
04/16/2017 12:14:38,113,10.8,2326.170,321.43,2.77,53,110,567
04/16/2017 12:14:48,118,10.8,2323.540,321.05,2.78,53,113,567
04/16/2017 12:14:58,114,10.8,2320.790,320.84,2.78,53,110,567
04/16/2017 12:15:08,119,10.8,2318.040,320.63,2.78,53,109,567
04/16/2017 12:15:18,112,10.8,2315.210,321.10,2.79,53,111,567
04/16/2017 12:15:28,107,10.8,2312.480,321.78,2.80,53,112,567
04/16/2017 12:15:38,104,10.9,2309.930,321.06,2.80,54,111,567
04/16/2017 12:15:48,111,10.8,2307.090,321.11,2.80,53,114,567
04/16/2017 12:15:58,99,10.9,2304.440,321.11,2.81,53,110,567
04/16/2017 12:16:08,112,10.8,2301.610,320.08,2.81,52,110,567
04/16/2017 12:16:18,108,10.8,2298.870,321.24,2.81,55,112,567
04/16/2017 12:16:28,101,10.9,2296.310,320.64,2.81,53,111,567
04/16/2017 12:16:38,115,10.8,2293.440,321.21,2.81,53,112,567
04/16/2017 12:16:48,100,10.9,2290.700,321.11,2.82,53,110,567
04/16/2017 12:16:58,117,10.8,2288.020,320.98,2.82,54,110,567
04/16/2017 12:17:08,105,10.8,2285.360,320.45,2.82,55,110,566
04/16/2017 12:17:18,101,10.8,2282.600,321.21,2.82,52,113,567
04/16/2017 12:17:28,101,10.8,2279.820,320.89,2.82,53,111,567
04/16/2017 12:17:38,116,10.9,2277.210,321.30,2.83,53,113,566
04/16/2017 12:17:48,124,10.8,2274.380,320.69,2.83,54,112,567
04/16/2017 12:17:58,101,10.8,2271.770,320.57,2.83,54,110,567
04/16/2017 12:18:08,101,10.9,2268.940,320.09,2.84,53,111,566
04/16/2017 12:18:18,114,10.9,2266.290,320.44,2.84,53,109,567
04/16/2017 12:18:28,90,10.9,2263.680,320.76,2.84,52,112,566
04/16/2017 12:18:38,107,10.8,2260.930,319.95,2.85,53,110,566
04/16/2017 12:18:48,102,10.8,2258.140,320.72,2.85,52,109,566
04/16/2017 12:18:58,109,10.9,2255.320,320.37,2.85,53,111,566
04/16/2017 12:19:08,112,10.8,2252.710,320.19,2.86,54,109,566
04/16/2017 12:19:18,108,10.8,2250.000,320.31,2.86,53,110,566
04/16/2017 12:19:28,116,10.8,2247.240,321.19,2.86,52,111,566
04/16/2017 12:19:38,119,10.8,2244.580,320.42,2.87,53,109,566
04/16/2017 12:19:48,113,10.8,2241.770,320.67,2.87,54,110,566
04/16/2017 12:19:58,93,10.8,2239.150,321.00,2.87,53,115,566
04/16/2017 12:20:08,103,10.9,2236.270,321.25,2.87,55,112,566
04/16/2017 12:20:18,106,10.9,2233.640,320.48,2.87,53,111,566
04/16/2017 12:20:28,106,10.9,2230.870,320.91,2.87,53,113,566
04/16/2017 12:20:38,108,10.9,2228.210,321.28,2.88,54,110,566
04/16/2017 12:20:48,105,10.9,2225.330,320.91,2.89,53,110,566
04/16/2017 12:20:58,102,10.9,2222.660,320.28,2.89,54,112,566
04/16/2017 12:21:08,115,10.8,2219.910,321.29,2.89,53,117,566
04/16/2017 12:21:18,103,10.8,2217.240,320.90,2.89,52,110,566
04/16/2017 12:21:28,110,10.9,2214.560,320.74,2.90,54,112,566
04/16/2017 12:21:38,85,10.9,2211.830,320.55,2.91,54,111,566
04/16/2017 12:21:48,104,10.8,2209.140,320.15,2.91,54,114,566
04/16/2017 12:21:58,110,10.8,2206.260,320.22,2.92,54,118,566
04/16/2017 12:22:08,105,10.9,2203.560,320.70,2.92,54,111,566
04/16/2017 12:22:18,105,10.9,2200.890,321.00,2.92,54,113,566
04/16/2017 12:22:28,107,10.9,2198.240,320.11,2.92,53,112,566
04/16/2017 12:22:38,95,10.9,2195.500,320.66,2.93,52,110,566
04/16/2017 12:22:48,106,10.9,2192.790,321.04,2.93,54,111,566
04/16/2017 12:22:58,97,10.9,2190.180,320.43,2.93,53,112,566
04/16/2017 12:23:08,100,10.9,2187.250,320.74,2.93,53,111,566
04/16/2017 12:23:18,112,10.9,2184.570,319.91,2.93,53,112,566
04/16/2017 12:23:28,88,10.9,2181.900,320.34,2.94,53,111,566
04/16/2017 12:23:38,96,10.9,2179.140,320.87,2.94,53,111,566
04/16/2017 12:23:48,94,10.9,2176.440,320.65,2.94,53,112,566
04/16/2017 12:23:58,104,10.9,2173.740,320.57,2.94,53,111,566
04/16/2017 12:24:08,87,10.9,2170.900,321.10,2.94,53,111,566
04/16/2017 12:24:18,109,10.9,2168.330,320.74,2.95,53,109,566
04/16/2017 12:24:28,107,10.9,2165.470,320.35,2.95,53,111,566
04/16/2017 12:24:38,98,10.9,2162.800,320.44,2.95,53,111,566
04/16/2017 12:24:48,105,10.9,2160.020,320.82,2.95,52,110,566
04/16/2017 12:24:58,114,10.8,2157.390,321.09,2.95,53,110,566
04/16/2017 12:25:08,104,10.9,2154.550,320.53,2.96,53,111,566
04/16/2017 12:25:18,101,10.9,2151.770,320.63,2.96,52,112,566
04/16/2017 12:25:28,101,10.9,2149.050,321.21,2.96,55,110,566
04/16/2017 12:25:38,103,10.9,2146.370,320.84,2.96,53,110,566
04/16/2017 12:25:48,106,10.9,2143.590,320.83,2.96,53,114,566
04/16/2017 12:25:58,99,10.9,2140.840,320.69,2.96,52,112,566
04/16/2017 12:26:08,103,10.9,2138.260,320.62,2.96,53,124,566
04/16/2017 12:26:18,96,10.9,2135.420,321.05,2.96,53,110,566
04/16/2017 12:26:28,101,10.9,2132.710,321.32,2.96,53,111,566
04/16/2017 12:26:38,116,10.9,2129.920,320.92,2.97,52,111,566
04/16/2017 12:26:48,115,10.9,2127.220,320.91,2.97,53,110,566
04/16/2017 12:26:58,103,10.9,2124.450,320.41,2.97,53,110,566
04/16/2017 12:27:08,105,10.9,2121.750,320.89,2.98,54,113,566
04/16/2017 12:27:18,115,10.9,2119.010,320.64,2.98,52,112,566
04/16/2017 12:27:28,112,10.9,2116.270,320.68,2.98,54,113,566
04/16/2017 12:27:38,110,10.9,2113.440,320.29,2.98,53,110,566
04/16/2017 12:27:48,118,10.9,2110.820,320.55,2.98,53,110,566
04/16/2017 12:27:58,107,10.9,2108.050,320.97,2.99,53,109,566
04/16/2017 12:28:08,110,10.9,2105.360,320.88,2.99,52,111,566
04/16/2017 12:28:18,101,10.9,2102.680,321.37,2.99,52,109,566
04/16/2017 12:28:28,108,10.9,2099.900,321.33,2.99,53,112,566
04/16/2017 12:28:38,111,10.9,2097.120,321.48,3.00,53,110,566
04/16/2017 12:28:48,115,10.9,2094.310,320.96,3.00,53,110,566
04/16/2017 12:28:58,112,10.9,2091.600,322.07,3.00,53,110,566
04/16/2017 12:29:08,113,10.9,2088.920,320.94,3.01,53,111,566
04/16/2017 12:29:18,122,10.9,2086.170,321.54,3.01,52,110,566
04/16/2017 12:29:28,107,10.9,2083.520,321.24,3.01,55,111,566
04/16/2017 12:29:38,116,10.9,2080.770,321.14,3.01,52,111,566
04/16/2017 12:29:48,111,10.9,2078.070,321.08,3.02,54,111,566
04/16/2017 12:29:58,104,10.9,2075.320,320.40,3.02,54,113,566
04/16/2017 12:30:08,117,10.9,2072.550,321.10,3.03,54,111,566
04/16/2017 12:30:18,116,10.9,2069.890,320.78,3.03,53,112,566
04/16/2017 12:30:28,121,10.8,2067.180,321.07,3.03,54,110,566
04/16/2017 12:30:38,116,10.9,2064.490,319.82,3.04,53,112,566
04/16/2017 12:30:48,114,10.9,2061.640,321.05,3.04,52,113,566
04/16/2017 12:30:58,121,10.9,2058.870,320.50,3.04,53,110,566
04/16/2017 12:31:08,113,10.9,2056.280,321.01,3.04,53,116,566
04/16/2017 12:31:18,116,10.9,2053.410,321.22,3.04,54,111,566
04/16/2017 12:31:28,118,10.9,2050.740,320.37,3.05,54,113,566
04/16/2017 12:31:38,120,10.9,2048.070,321.09,3.05,54,112,566
04/16/2017 12:31:48,106,10.9,2045.220,320.83,3.05,53,113,566
04/16/2017 12:31:58,114,10.9,2042.450,320.34,3.05,53,112,566
04/16/2017 12:32:08,109,10.9,2039.810,321.04,3.05,54,110,566
04/16/2017 12:32:18,117,10.8,2037.040,321.39,3.05,52,113,566
04/16/2017 12:32:28,121,10.9,2034.350,321.16,3.05,53,110,566
04/16/2017 12:32:38,107,10.9,2031.550,321.22,3.05,54,110,566
04/16/2017 12:32:48,114,10.9,2028.820,321.60,3.05,52,112,566
04/16/2017 12:32:58,102,10.9,2026.050,321.66,3.05,53,111,566
04/16/2017 12:33:08,105,10.9,2023.350,321.02,3.06,52,111,566
04/16/2017 12:33:18,111,10.8,2020.650,321.69,3.05,52,111,566
04/16/2017 12:33:28,111,10.9,2017.900,322.58,3.06,53,111,566
04/16/2017 12:33:38,95,10.9,2015.260,321.28,3.06,53,109,566
04/16/2017 12:33:48,104,10.9,2012.420,321.51,3.06,53,108,566
04/16/2017 12:33:58,110,10.9,2009.750,321.74,3.06,54,110,566
04/16/2017 12:34:08,106,10.9,2007.100,321.97,3.06,54,109,566
04/16/2017 12:34:18,106,10.9,2004.240,321.75,3.06,53,112,566
04/16/2017 12:34:28,109,10.9,2001.510,321.95,3.07,53,113,566
04/16/2017 12:34:38,101,10.9,1998.780,321.78,3.07,54,110,566
04/16/2017 12:34:48,110,10.9,1996.010,322.34,3.07,52,109,566
04/16/2017 12:34:58,111,10.9,1993.330,322.21,3.07,52,110,566
04/16/2017 12:35:08,103,10.9,1990.560,321.67,3.07,51,110,566
04/16/2017 12:35:18,107,10.9,1987.820,321.37,3.07,53,110,566
04/16/2017 12:35:28,94,10.9,1985.240,322.04,3.08,53,111,566
04/16/2017 12:35:38,107,10.9,1982.330,321.91,3.08,54,110,566
04/16/2017 12:35:48,109,10.9,1979.740,322.21,3.08,54,110,566
04/16/2017 12:35:58,109,10.9,1977.070,322.42,3.08,53,110,566
04/16/2017 12:36:08,107,10.9,1974.180,322.59,3.08,53,110,566
04/16/2017 12:36:18,114,10.9,1971.540,322.28,3.09,53,110,566
04/16/2017 12:36:28,118,10.9,1968.760,322.61,3.09,52,110,566
04/16/2017 12:36:38,122,10.9,1966.030,322.37,3.10,54,112,566
04/16/2017 12:36:48,106,10.9,1963.320,322.73,3.11,54,108,566
04/16/2017 12:36:58,110,10.9,1960.650,322.38,3.11,54,113,565
04/16/2017 12:37:08,104,10.9,1957.810,322.61,3.11,53,113,566
04/16/2017 12:37:18,106,10.9,1955.120,322.38,3.12,52,111,566
04/16/2017 12:37:28,104,10.9,1952.470,322.06,3.13,54,110,566
04/16/2017 12:37:38,100,10.9,1949.690,321.99,3.13,52,109,566
04/16/2017 12:37:48,111,10.9,1946.780,322.25,3.13,54,110,566
04/16/2017 12:37:58,106,10.9,1944.190,322.56,3.14,53,110,566
04/16/2017 12:38:08,109,10.9,1941.540,322.78,3.15,51,111,566
04/16/2017 12:38:18,102,10.9,1938.710,322.77,3.15,53,111,566
04/16/2017 12:38:28,99,10.9,1935.910,322.18,3.16,52,110,566
04/16/2017 12:38:38,109,10.9,1933.330,322.76,3.16,52,111,566
04/16/2017 12:38:48,100,10.9,1930.510,322.26,3.16,52,112,566
04/16/2017 12:38:58,98,10.9,1927.910,323.26,3.16,53,117,565
04/16/2017 12:39:08,108,10.9,1925.040,322.87,3.16,53,111,566
04/16/2017 12:39:18,98,10.9,1922.290,322.70,3.17,52,111,566
04/16/2017 12:39:28,110,10.9,1919.620,323.39,3.17,53,112,565
04/16/2017 12:39:38,114,10.9,1917.000,323.31,3.17,52,111,566
04/16/2017 12:39:48,106,10.9,1914.120,322.80,3.17,53,110,566
04/16/2017 12:39:58,100,10.9,1911.490,323.18,3.17,54,111,566
04/16/2017 12:40:08,111,10.9,1908.860,322.90,3.17,53,113,566
04/16/2017 12:40:18,95,10.9,1905.970,323.36,3.18,53,111,565
04/16/2017 12:40:28,102,10.9,1903.330,322.76,3.18,52,110,566
04/16/2017 12:40:38,101,10.9,1900.600,322.25,3.18,53,111,566
04/16/2017 12:40:48,114,10.9,1897.800,322.69,3.19,53,110,566
04/16/2017 12:40:58,123,10.9,1895.100,322.95,3.19,53,112,566
04/16/2017 12:41:08,111,10.9,1892.300,322.71,3.19,52,111,565
04/16/2017 12:41:18,104,10.9,1889.600,322.88,3.19,54,110,565
04/16/2017 12:41:28,112,10.9,1886.940,323.39,3.19,53,110,565
04/16/2017 12:41:38,103,10.9,1884.180,322.96,3.19,55,110,565
04/16/2017 12:41:48,108,10.9,1881.600,323.57,3.19,53,111,565
04/16/2017 12:41:58,102,10.9,1878.640,323.03,3.20,53,111,565
04/16/2017 12:42:08,101,10.9,1875.990,322.88,3.20,53,111,565
04/16/2017 12:42:18,105,10.9,1873.240,322.79,3.21,53,110,566
04/16/2017 12:42:28,108,10.9,1870.570,322.90,3.22,53,113,565
04/16/2017 12:42:38,113,10.9,1867.880,322.88,3.22,53,110,565
04/16/2017 12:42:48,106,10.9,1865.040,323.17,3.22,53,111,565
04/16/2017 12:42:58,110,10.9,1862.240,322.29,3.23,53,111,566
04/16/2017 12:43:08,104,10.9,1859.620,323.23,3.23,53,112,565
04/16/2017 12:43:18,113,10.9,1857.010,322.35,3.24,53,110,565
04/16/2017 12:43:28,111,10.9,1854.150,323.01,3.24,52,112,565
04/16/2017 12:43:38,118,10.9,1851.490,323.08,3.24,53,110,565
04/16/2017 12:43:48,110,10.9,1848.870,322.92,3.24,53,112,566
04/16/2017 12:43:58,123,10.8,1846.000,322.53,3.24,52,110,565
04/16/2017 12:44:08,104,10.9,1843.360,323.63,3.24,53,114,565
04/16/2017 12:44:18,109,10.9,1840.530,322.41,3.24,54,110,565
04/16/2017 12:44:28,118,10.9,1837.870,323.19,3.24,54,111,565
04/16/2017 12:44:38,93,10.9,1835.180,322.12,3.25,53,111,565
04/16/2017 12:44:48,121,10.9,1832.430,322.60,3.25,52,110,565
04/16/2017 12:44:58,116,10.9,1829.690,322.12,3.25,53,111,565
04/16/2017 12:45:08,119,10.9,1827.050,322.65,3.25,53,112,565
04/16/2017 12:45:18,120,10.9,1824.280,322.74,3.25,53,112,565
04/16/2017 12:45:28,120,10.9,1821.580,322.71,3.26,52,110,565
04/16/2017 12:45:38,114,10.9,1818.880,322.27,3.26,51,110,565
04/16/2017 12:45:48,110,10.9,1816.270,322.68,3.26,53,110,565
04/16/2017 12:45:58,116,10.9,1813.370,322.37,3.26,54,111,565
04/16/2017 12:46:08,111,10.9,1810.810,323.80,3.26,52,112,565
04/16/2017 12:46:18,116,10.9,1808.140,323.21,3.26,53,111,565
04/16/2017 12:46:28,104,10.9,1805.280,323.70,3.26,53,110,565
04/16/2017 12:46:38,113,10.9,1802.620,323.10,3.27,54,111,565
04/16/2017 12:46:48,114,10.9,1800.010,323.46,3.27,52,110,565
04/16/2017 12:46:58,103,10.9,1797.290,323.11,3.27,53,114,565
04/16/2017 12:47:08,114,10.9,1794.560,323.72,3.27,53,110,565
04/16/2017 12:47:18,100,10.9,1791.740,324.10,3.28,53,111,565
04/16/2017 12:47:28,103,10.9,1789.070,322.96,3.28,54,112,565
04/16/2017 12:47:38,122,10.9,1786.400,324.01,3.28,53,112,565
04/16/2017 12:47:48,119,10.9,1783.590,322.83,3.29,53,111,565
04/16/2017 12:47:58,112,10.9,1780.880,323.55,3.29,53,111,565
04/16/2017 12:48:08,116,10.9,1778.260,323.85,3.30,54,112,565
04/16/2017 12:48:18,112,10.9,1775.520,323.68,3.30,52,110,565
04/16/2017 12:48:28,106,10.9,1772.750,323.05,3.31,52,111,565
04/16/2017 12:48:38,109,10.9,1770.100,323.01,3.31,53,110,565
04/16/2017 12:48:48,111,10.9,1767.300,323.28,3.31,53,113,565
04/16/2017 12:48:58,115,10.9,1764.650,323.46,3.32,53,112,565
04/16/2017 12:49:08,123,10.9,1761.910,323.26,3.32,53,112,565
04/16/2017 12:49:18,115,10.9,1759.160,323.36,3.32,54,112,565
04/16/2017 12:49:28,101,10.9,1756.590,323.58,3.33,53,111,565
04/16/2017 12:49:38,104,10.9,1753.760,323.76,3.34,53,112,565
04/16/2017 12:49:48,113,10.9,1751.090,323.32,3.34,53,111,565
04/16/2017 12:49:58,100,10.9,1748.370,323.52,3.34,53,111,565
04/16/2017 12:50:08,109,10.9,1745.670,323.61,3.34,53,113,565
04/16/2017 12:50:18,122,10.9,1742.850,324.26,3.34,53,112,565
04/16/2017 12:50:28,123,10.9,1740.120,324.32,3.35,54,114,565
04/16/2017 12:50:38,127,10.9,1737.450,323.91,3.35,54,113,565
04/16/2017 12:50:48,94,10.9,1734.870,323.74,3.35,52,112,565
04/16/2017 12:50:58,98,10.9,1732.170,323.67,3.35,52,112,565
04/16/2017 12:51:08,100,10.9,1729.510,323.47,3.36,55,113,565
04/16/2017 12:51:18,132,10.9,1726.910,323.37,3.37,54,112,565
04/16/2017 12:51:28,92,10.9,1724.270,323.65,3.37,54,112,565
04/16/2017 12:51:38,94,10.9,1721.550,323.71,3.37,53,111,565
04/16/2017 12:51:48,105,10.9,1718.840,323.37,3.38,53,113,565
04/16/2017 12:51:58,106,10.9,1716.210,324.27,3.38,54,114,565
04/16/2017 12:52:08,103,10.9,1713.510,324.70,3.38,53,113,565
04/16/2017 12:52:18,95,11.0,1710.910,324.31,3.38,53,115,565
04/16/2017 12:52:28,118,10.9,1708.230,323.77,3.38,53,115,565
04/16/2017 12:52:38,101,10.9,1705.490,324.17,3.38,52,113,565
04/16/2017 12:52:48,122,10.9,1702.800,324.52,3.38,53,113,565
04/16/2017 12:52:58,117,10.9,1700.320,324.22,3.39,52,114,565
04/16/2017 12:53:08,116,10.9,1697.540,324.52,3.39,52,113,565
04/16/2017 12:53:18,121,10.9,1694.800,323.96,3.39,54,113,565
04/16/2017 12:53:28,121,10.8,1692.260,324.58,3.40,53,114,565
04/16/2017 12:53:38,115,10.9,1689.590,324.07,3.40,52,112,565
04/16/2017 12:53:48,93,10.9,1686.870,324.52,3.40,52,115,565
04/16/2017 12:53:58,113,10.9,1684.210,324.24,3.40,52,116,565
04/16/2017 12:54:08,103,10.9,1681.450,325.31,3.41,54,111,565
04/16/2017 12:54:18,89,10.9,1678.920,324.59,3.41,52,113,565
04/16/2017 12:54:28,120,10.9,1676.170,324.36,3.41,54,114,565
04/16/2017 12:54:38,93,10.9,1673.630,323.84,3.42,52,112,565
04/16/2017 12:54:48,98,10.9,1671.130,324.15,3.42,54,112,565
04/16/2017 12:54:58,105,10.9,1668.410,324.90,3.42,52,112,565
04/16/2017 12:55:08,101,10.9,1665.750,324.24,3.42,52,112,565
04/16/2017 12:55:18,135,10.9,1663.140,324.24,3.42,53,118,565
04/16/2017 12:55:28,103,10.9,1660.440,324.17,3.42,53,114,565
04/16/2017 12:55:38,113,10.9,1657.810,324.48,3.43,53,114,565
04/16/2017 12:55:48,130,10.9,1655.300,324.81,3.43,53,114,565
04/16/2017 12:55:58,121,10.9,1652.660,324.43,3.43,54,114,565
04/16/2017 12:56:08,112,10.9,1649.950,324.26,3.43,53,114,565
04/16/2017 12:56:18,110,10.9,1647.410,324.85,3.43,54,113,565
04/16/2017 12:56:28,131,10.9,1644.960,324.89,3.43,52,113,565
04/16/2017 12:56:38,95,10.9,1642.330,324.94,3.43,51,113,565
04/16/2017 12:56:48,99,10.9,1639.810,324.18,3.44,52,113,565
04/16/2017 12:56:58,119,10.9,1637.250,324.19,3.45,53,112,565
04/16/2017 12:57:08,126,10.8,1634.590,323.65,3.45,54,112,565
04/16/2017 12:57:18,139,10.9,1632.000,323.80,3.45,53,112,565
04/16/2017 12:57:28,103,10.9,1629.390,324.89,3.45,53,113,565
04/16/2017 12:57:38,142,10.8,1626.790,324.47,3.46,53,114,565
04/16/2017 12:57:48,137,10.9,1624.130,323.68,3.46,52,113,565
04/16/2017 12:57:58,138,10.9,1621.450,324.80,3.46,54,113,565
04/16/2017 12:58:08,152,10.8,1618.690,323.80,3.46,51,112,565
04/16/2017 12:58:18,145,10.9,1616.110,324.47,3.46,52,115,565
04/16/2017 12:58:28,134,10.8,1613.440,324.60,3.47,53,113,565
04/16/2017 12:58:38,132,10.8,1610.740,324.42,3.47,53,113,565
04/16/2017 12:58:48,147,10.9,1608.050,324.30,3.47,51,112,565
04/16/2017 12:58:58,139,10.9,1605.360,324.39,3.48,52,112,565
04/16/2017 12:59:08,135,10.9,1602.670,324.87,3.48,52,112,565
04/16/2017 12:59:18,129,10.9,1600.090,324.36,3.48,53,114,565
04/16/2017 12:59:28,134,10.9,1597.430,324.23,3.49,54,114,565
04/16/2017 12:59:38,142,10.8,1594.700,324.70,3.49,53,112,565
04/16/2017 12:59:48,131,10.9,1591.960,324.97,3.49,52,113,565
04/16/2017 12:59:58,132,10.8,1589.350,324.36,3.49,54,113,565
04/16/2017 13:00:08,151,10.8,1586.630,324.87,3.49,54,114,565
04/16/2017 13:00:18,144,10.8,1584.050,323.97,3.49,53,112,565
04/16/2017 13:00:28,137,10.8,1581.390,324.21,3.49,53,113,565
04/16/2017 13:00:38,150,10.8,1578.590,324.50,3.49,53,112,565
04/16/2017 13:00:48,145,10.8,1575.880,324.64,3.49,53,115,565
04/16/2017 13:00:58,151,10.8,1573.250,323.93,3.49,54,114,565
04/16/2017 13:01:08,160,10.8,1570.540,324.36,3.50,52,119,565
04/16/2017 13:01:18,148,10.8,1567.910,324.48,3.50,52,113,565
04/16/2017 13:01:28,157,10.8,1565.250,323.86,3.50,51,114,565
04/16/2017 13:01:38,149,10.8,1562.630,324.13,3.50,54,114,565
04/16/2017 13:01:48,146,10.9,1559.960,324.02,3.50,53,112,565
04/16/2017 13:01:58,153,10.8,1557.410,324.44,3.50,52,114,565
04/16/2017 13:02:08,150,10.9,1554.570,324.55,3.50,52,113,565
04/16/2017 13:02:18,142,10.9,1551.870,324.47,3.51,53,113,565
04/16/2017 13:02:28,143,10.9,1549.240,324.95,3.51,53,114,565
04/16/2017 13:02:38,150,10.8,1546.490,324.78,3.51,52,113,565
04/16/2017 13:02:48,139,10.8,1543.990,324.59,3.52,52,113,565
04/16/2017 13:02:58,152,10.9,1541.330,324.58,3.52,53,113,565
04/16/2017 13:03:08,139,10.9,1538.630,324.35,3.52,52,113,565
04/16/2017 13:03:18,128,10.8,1535.970,324.52,3.53,52,112,565
04/16/2017 13:03:28,131,10.9,1533.290,324.78,3.53,52,112,565
04/16/2017 13:03:38,125,10.9,1530.490,325.57,3.53,55,115,565
04/16/2017 13:03:48,131,10.8,1527.750,324.61,3.53,54,114,565
04/16/2017 13:03:58,135,10.9,1525.150,324.58,3.53,53,113,565
04/16/2017 13:04:08,140,10.9,1522.520,325.36,3.54,53,113,565
04/16/2017 13:04:18,137,10.8,1519.810,325.04,3.54,53,112,565
04/16/2017 13:04:28,137,10.9,1517.020,325.04,3.54,53,111,565
04/16/2017 13:04:38,136,10.9,1514.330,325.05,3.54,54,112,565
04/16/2017 13:04:48,135,10.9,1511.650,325.09,3.54,54,118,565
04/16/2017 13:04:58,144,10.9,1508.960,325.14,3.54,54,112,565
04/16/2017 13:05:08,142,10.9,1506.280,325.14,3.54,54,112,565
04/16/2017 13:05:18,133,10.9,1503.730,325.79,3.54,53,113,565
04/16/2017 13:05:28,128,10.9,1501.030,325.20,3.54,52,112,565
04/16/2017 13:05:38,123,10.9,1498.380,325.81,3.54,53,112,565
04/16/2017 13:05:48,129,10.9,1495.710,325.75,3.55,51,116,565
04/16/2017 13:05:58,144,10.9,1492.960,324.92,3.55,52,112,565
04/16/2017 13:06:08,128,10.9,1490.210,325.95,3.55,54,113,565
04/16/2017 13:06:18,129,10.9,1487.620,326.78,3.55,54,112,565
04/16/2017 13:06:28,136,10.8,1484.850,325.92,3.56,52,111,565
04/16/2017 13:06:38,136,10.9,1482.320,325.80,3.56,51,115,565
04/16/2017 13:06:48,137,10.9,1479.480,326.43,3.55,51,114,565
04/16/2017 13:06:58,129,10.9,1476.900,326.26,3.55,53,113,565
04/16/2017 13:07:08,136,10.9,1474.180,326.28,3.56,53,112,565
04/16/2017 13:07:18,134,10.9,1471.520,326.51,3.56,53,113,565
04/16/2017 13:07:28,135,10.9,1468.880,326.85,3.56,53,113,565
04/16/2017 13:07:38,127,10.9,1466.220,326.99,3.56,52,114,565
04/16/2017 13:07:48,138,10.9,1463.440,328.03,3.56,53,112,565
04/16/2017 13:07:58,134,10.9,1460.700,326.92,3.56,53,114,565
04/16/2017 13:08:08,126,10.9,1458.010,327.47,3.56,53,113,565
04/16/2017 13:08:18,150,10.9,1455.470,327.83,3.55,53,112,565
04/16/2017 13:08:28,141,10.9,1452.770,328.31,3.55,52,114,565
04/16/2017 13:08:38,138,10.9,1450.070,327.85,3.56,54,112,565
04/16/2017 13:08:48,137,10.8,1447.310,329.01,3.56,53,113,565
04/16/2017 13:08:58,149,10.9,1444.690,328.33,3.56,53,113,565
04/16/2017 13:09:08,130,10.9,1441.990,329.74,3.57,52,111,565
04/16/2017 13:09:18,129,10.9,1439.290,329.21,3.57,52,113,565
04/16/2017 13:09:28,147,10.8,1436.650,328.69,3.57,52,112,565
04/16/2017 13:09:38,135,10.9,1434.040,328.95,3.57,53,112,565
04/16/2017 13:09:48,136,10.8,1431.330,329.71,3.57,52,112,565
04/16/2017 13:09:58,147,10.9,1428.680,329.75,3.57,51,115,565
04/16/2017 13:10:08,151,10.8,1426.080,329.72,3.57,52,113,565
04/16/2017 13:10:18,147,10.9,1423.410,330.03,3.57,52,112,565
04/16/2017 13:10:28,143,10.9,1420.600,330.80,3.57,53,114,565
04/16/2017 13:10:38,148,10.8,1418.050,331.34,3.57,54,112,565
04/16/2017 13:10:48,140,10.8,1415.310,331.06,3.56,51,113,565
04/16/2017 13:10:58,153,10.9,1412.700,331.32,3.56,53,114,565
04/16/2017 13:11:08,139,10.9,1410.000,330.81,3.56,54,114,565
04/16/2017 13:11:18,153,10.8,1407.270,331.74,3.56,53,113,565
04/16/2017 13:11:28,143,10.9,1404.560,332.37,3.57,53,113,565
04/16/2017 13:11:38,135,10.9,1402.020,331.99,3.56,52,115,565
04/16/2017 13:11:48,141,10.9,1399.290,332.77,3.56,53,113,565
04/16/2017 13:11:58,139,10.9,1396.640,332.52,3.56,52,114,565
04/16/2017 13:12:08,135,10.9,1394.110,332.88,3.56,53,112,565
04/16/2017 13:12:18,141,10.8,1391.320,333.35,3.56,54,112,565
04/16/2017 13:12:28,146,10.9,1388.660,334.04,3.55,52,114,564
04/16/2017 13:12:38,149,10.8,1386.060,333.18,3.54,53,112,565
04/16/2017 13:12:48,151,10.8,1383.290,334.33,3.54,53,112,565
04/16/2017 13:12:58,136,10.9,1380.730,334.82,3.54,51,112,565
04/16/2017 13:13:08,148,10.9,1378.000,335.62,3.53,53,112,565
04/16/2017 13:13:18,130,10.9,1375.220,334.89,3.52,52,115,565
04/16/2017 13:13:28,147,10.9,1372.550,336.13,3.52,53,114,565
04/16/2017 13:13:38,150,10.9,1370.050,336.87,3.51,53,111,565
04/16/2017 13:13:48,147,10.9,1367.250,336.74,3.51,53,113,565
04/16/2017 13:13:58,136,10.9,1364.760,337.27,3.50,51,112,565
04/16/2017 13:14:08,136,10.9,1361.870,337.53,3.50,53,114,565
04/16/2017 13:14:18,137,10.9,1359.320,338.78,3.50,53,112,565
04/16/2017 13:14:28,142,10.9,1356.730,338.59,3.50,53,113,565
04/16/2017 13:14:38,119,10.9,1353.950,338.77,3.50,52,113,565
04/16/2017 13:14:48,134,10.9,1351.230,339.21,3.50,52,112,565
04/16/2017 13:14:58,144,10.9,1348.560,339.66,3.49,52,114,565
04/16/2017 13:15:08,137,10.9,1345.880,340.12,3.49,54,112,565
04/16/2017 13:15:18,140,10.9,1343.300,339.51,3.48,53,114,565
04/16/2017 13:15:28,146,10.9,1340.600,340.79,3.48,53,112,565
04/16/2017 13:15:38,125,10.9,1337.990,340.50,3.48,51,112,565
04/16/2017 13:15:48,135,10.9,1335.300,340.80,3.47,52,113,565
04/16/2017 13:15:58,143,10.8,1332.600,340.89,3.47,52,114,565
04/16/2017 13:16:08,146,10.8,1329.970,342.23,3.47,54,111,565
04/16/2017 13:16:18,138,10.9,1327.270,342.76,3.46,53,113,565
04/16/2017 13:16:28,139,10.9,1324.660,342.38,3.46,52,114,565
04/16/2017 13:16:38,139,10.9,1321.940,343.05,3.45,53,113,565
04/16/2017 13:16:48,141,10.9,1319.290,342.46,3.45,53,112,565
04/16/2017 13:16:58,142,10.9,1316.520,343.44,3.45,52,113,565
04/16/2017 13:17:08,130,10.9,1313.820,343.16,3.44,53,113,565
04/16/2017 13:17:18,144,10.9,1311.280,344.01,3.44,53,112,565
04/16/2017 13:17:28,144,10.9,1308.600,343.88,3.44,52,112,565
04/16/2017 13:17:38,144,10.9,1305.930,344.45,3.43,52,113,565
04/16/2017 13:17:48,147,10.9,1303.250,345.45,3.43,52,113,565
04/16/2017 13:17:58,145,10.9,1300.600,345.66,3.42,52,113,565
04/16/2017 13:18:08,139,10.9,1297.870,346.32,3.42,52,114,565
04/16/2017 13:18:18,133,10.9,1295.150,346.06,3.42,52,113,565
04/16/2017 13:18:28,144,10.9,1292.510,346.06,3.42,52,112,565
04/16/2017 13:18:38,138,10.9,1290.050,346.32,3.42,53,112,565
04/16/2017 13:18:48,145,10.9,1287.220,346.84,3.42,51,114,565
04/16/2017 13:18:58,145,10.8,1284.470,347.19,3.42,52,114,565
04/16/2017 13:19:08,142,10.8,1282.020,347.48,3.42,52,122,565
04/16/2017 13:19:18,154,10.9,1279.200,348.04,3.41,54,113,565
04/16/2017 13:19:28,142,10.9,1276.550,347.67,3.41,52,112,565
04/16/2017 13:19:38,145,10.8,1273.980,347.90,3.40,53,112,565
04/16/2017 13:19:48,147,10.9,1271.370,348.52,3.40,52,112,565
04/16/2017 13:19:58,147,10.9,1268.550,348.40,3.40,52,113,565
04/16/2017 13:20:08,142,10.9,1266.010,348.25,3.39,54,112,565
04/16/2017 13:20:18,146,10.8,1263.230,348.64,3.39,53,113,565
04/16/2017 13:20:28,147,10.8,1260.610,349.11,3.38,52,113,565
04/16/2017 13:20:38,158,10.8,1257.960,350.07,3.38,51,113,565
04/16/2017 13:20:48,154,10.8,1255.320,350.06,3.38,53,112,565
04/16/2017 13:20:58,155,10.8,1252.670,350.62,3.38,53,112,565
04/16/2017 13:21:08,150,10.8,1250.070,350.47,3.37,52,115,565
04/16/2017 13:21:18,155,10.8,1247.380,350.46,3.37,53,115,565
04/16/2017 13:21:28,152,10.8,1244.740,350.66,3.37,53,113,565
04/16/2017 13:21:38,160,10.8,1242.190,350.34,3.37,52,114,565
04/16/2017 13:21:48,145,10.8,1239.350,351.04,3.37,52,114,565
04/16/2017 13:21:58,147,10.8,1236.790,352.50,3.37,54,115,565
04/16/2017 13:22:08,146,10.8,1234.080,351.75,3.37,52,111,565
04/16/2017 13:22:18,146,10.8,1231.440,352.17,3.36,53,114,565
04/16/2017 13:22:28,147,10.8,1228.890,351.96,3.36,51,113,565
04/16/2017 13:22:38,151,10.8,1226.210,352.17,3.36,53,113,565
04/16/2017 13:22:48,155,10.8,1223.600,352.52,3.36,53,113,565
04/16/2017 13:22:58,145,10.8,1220.930,352.54,3.36,52,114,565
04/16/2017 13:23:08,144,10.8,1218.250,353.06,3.36,53,113,565
04/16/2017 13:23:18,149,10.9,1215.620,352.77,3.36,51,114,565
04/16/2017 13:23:28,146,10.8,1212.960,353.48,3.36,52,113,565
04/16/2017 13:23:38,143,10.8,1210.190,352.83,3.36,52,113,565
04/16/2017 13:23:48,150,10.8,1207.490,353.21,3.36,50,112,565
04/16/2017 13:23:58,158,10.8,1204.860,352.47,3.36,52,113,565
04/16/2017 13:24:08,142,10.9,1202.230,353.09,3.36,53,112,565
04/16/2017 13:24:18,154,10.8,1199.530,352.30,3.35,51,112,565
04/16/2017 13:24:28,150,10.9,1196.930,353.14,3.35,54,113,565
04/16/2017 13:24:38,149,10.8,1194.350,354.29,3.35,52,112,565
04/16/2017 13:24:48,144,10.9,1191.710,352.62,3.35,52,113,565
04/16/2017 13:24:58,147,10.9,1188.980,354.40,3.35,53,112,565
04/16/2017 13:25:08,134,10.9,1186.330,353.65,3.35,53,112,565
04/16/2017 13:25:18,143,10.8,1183.680,354.11,3.35,52,113,565
04/16/2017 13:25:28,142,10.8,1181.000,354.63,3.35,52,113,565
04/16/2017 13:25:38,144,10.9,1178.260,353.93,3.35,52,113,565
04/16/2017 13:25:48,136,10.9,1175.620,355.29,3.35,52,113,565
04/16/2017 13:25:58,138,10.8,1172.940,353.99,3.35,51,113,565
04/16/2017 13:26:08,137,10.9,1170.320,354.10,3.34,51,114,565
04/16/2017 13:26:18,138,10.9,1167.620,355.01,3.34,54,113,565
04/16/2017 13:26:28,135,10.9,1164.960,354.51,3.34,53,114,565
04/16/2017 13:26:38,139,10.8,1162.410,356.10,3.34,52,112,565
04/16/2017 13:26:48,145,10.9,1159.660,354.43,3.34,52,114,565
04/16/2017 13:26:58,149,10.8,1157.030,354.79,3.34,52,113,565
04/16/2017 13:27:08,155,10.9,1154.460,355.38,3.34,52,113,565
04/16/2017 13:27:18,146,10.9,1151.780,355.51,3.34,51,114,565
04/16/2017 13:27:28,144,10.8,1149.080,355.52,3.34,51,114,565
04/16/2017 13:27:38,150,10.9,1146.410,355.09,3.34,53,113,565
04/16/2017 13:27:48,148,10.8,1143.790,355.02,3.35,52,116,565
04/16/2017 13:27:58,140,10.9,1141.160,356.12,3.35,52,112,565
04/16/2017 13:28:08,144,10.9,1138.400,354.86,3.35,51,113,565
04/16/2017 13:28:18,147,10.8,1135.830,355.32,3.35,52,114,565
04/16/2017 13:28:28,125,10.9,1133.210,355.70,3.34,52,114,565
04/16/2017 13:28:38,155,10.9,1130.580,356.75,3.35,52,113,565
04/16/2017 13:28:48,142,10.8,1127.850,355.61,3.34,51,114,565
04/16/2017 13:28:58,154,10.9,1125.160,356.08,3.34,53,114,565
04/16/2017 13:29:08,145,10.9,1122.460,355.36,3.34,53,113,565
04/16/2017 13:29:18,153,10.9,1119.970,355.85,3.34,52,113,565
04/16/2017 13:29:28,163,10.8,1117.210,356.69,3.34,53,113,565
04/16/2017 13:29:38,145,10.8,1114.540,355.41,3.34,53,130,565
04/16/2017 13:29:48,139,10.8,1111.990,357.34,3.35,52,112,565
04/16/2017 13:29:58,151,10.9,1109.360,356.24,3.35,53,117,565
04/16/2017 13:30:08,158,10.8,1106.710,356.23,3.34,52,114,565
04/16/2017 13:30:18,155,10.8,1104.070,355.62,3.34,51,112,565
04/16/2017 13:30:28,154,10.8,1101.330,355.93,3.34,52,113,565
04/16/2017 13:30:38,142,10.9,1098.750,356.01,3.34,52,112,565
04/16/2017 13:30:48,141,10.9,1095.970,355.59,3.34,53,117,565
04/16/2017 13:30:58,149,10.8,1093.300,355.95,3.34,52,114,565
04/16/2017 13:31:08,147,10.8,1090.640,356.38,3.34,52,113,565
04/16/2017 13:31:18,148,10.8,1087.990,357.00,3.35,53,113,565
04/16/2017 13:31:28,151,10.8,1085.370,355.42,3.35,51,114,565
04/16/2017 13:31:38,146,10.8,1082.810,356.01,3.35,53,114,565
04/16/2017 13:31:48,157,10.8,1080.040,356.39,3.35,52,114,565
04/16/2017 13:31:58,146,10.8,1077.360,356.28,3.35,52,115,565
04/16/2017 13:32:08,151,10.8,1074.730,356.67,3.36,54,114,565
04/16/2017 13:32:18,150,10.9,1072.060,355.81,3.36,54,117,565
04/16/2017 13:32:28,144,10.9,1069.540,355.99,3.36,53,112,565
04/16/2017 13:32:38,147,10.8,1066.810,355.88,3.36,51,115,565
04/16/2017 13:32:48,152,10.8,1064.190,356.31,3.36,53,112,565
04/16/2017 13:32:58,162,10.8,1061.550,356.76,3.36,53,114,565
04/16/2017 13:33:08,149,10.9,1058.820,357.10,3.36,52,146,565
04/16/2017 13:33:18,152,10.8,1056.100,356.63,3.35,52,114,565
04/16/2017 13:33:28,155,10.8,1053.570,356.64,3.36,52,114,565
04/16/2017 13:33:38,145,10.8,1050.910,356.65,3.36,52,114,565
04/16/2017 13:33:48,152,10.8,1048.150,356.76,3.36,52,115,565
04/16/2017 13:33:58,145,10.8,1045.570,356.36,3.36,51,114,565
04/16/2017 13:34:08,150,10.8,1042.820,356.01,3.37,53,113,565
04/16/2017 13:34:18,150,10.8,1040.240,357.30,3.37,52,114,565
04/16/2017 13:34:28,149,10.9,1037.580,356.82,3.37,52,116,565
04/16/2017 13:34:38,150,10.8,1034.920,356.14,3.37,51,115,565
04/16/2017 13:34:48,148,10.8,1032.180,356.20,3.37,52,115,565
04/16/2017 13:34:58,157,10.8,1029.660,356.95,3.37,53,115,565
04/16/2017 13:35:08,154,10.8,1026.910,356.69,3.37,53,115,565
04/16/2017 13:35:18,144,10.9,1024.240,356.53,3.37,52,114,565
04/16/2017 13:35:28,137,10.8,1021.550,356.64,3.37,53,114,565
04/16/2017 13:35:38,139,10.8,1018.970,356.30,3.38,52,114,565
04/16/2017 13:35:48,150,10.8,1016.330,356.76,3.38,52,112,565
04/16/2017 13:35:58,148,10.9,1013.570,356.77,3.38,51,115,565
04/16/2017 13:36:08,143,10.8,1011.050,356.97,3.38,52,112,565
04/16/2017 13:36:18,145,10.8,1008.330,357.06,3.38,53,115,565
04/16/2017 13:36:28,153,10.8,1005.590,356.94,3.38,53,114,565
04/16/2017 13:36:38,158,10.8,1002.950,357.29,3.39,51,115,565
04/16/2017 13:36:48,137,10.8,1000.280,356.32,3.39,52,113,565
04/16/2017 13:36:58,150,10.8,997.770,357.04,3.39,52,114,565
04/16/2017 13:37:08,146,10.8,995.140,356.92,3.39,52,114,565
04/16/2017 13:37:18,155,10.8,992.510,357.47,3.40,52,124,565
04/16/2017 13:37:28,150,10.8,989.830,357.54,3.40,52,114,565
04/16/2017 13:37:38,146,10.8,987.140,357.38,3.40,54,117,565
04/16/2017 13:37:48,154,10.8,984.360,356.95,3.40,53,114,565
04/16/2017 13:37:58,154,10.8,981.820,357.31,3.40,52,115,565
04/16/2017 13:38:08,145,10.8,979.270,357.12,3.40,52,114,565
04/16/2017 13:38:18,156,10.8,976.560,356.68,3.40,54,129,565
04/16/2017 13:38:28,146,10.8,973.910,357.93,3.40,52,114,565
04/16/2017 13:38:38,138,10.9,971.200,356.92,3.40,52,112,565
04/16/2017 13:38:48,147,10.8,968.640,356.77,3.40,53,118,565
04/16/2017 13:38:58,145,10.9,965.840,356.90,3.40,53,116,565
04/16/2017 13:39:08,150,10.8,963.220,357.36,3.40,53,115,565
04/16/2017 13:39:18,146,10.9,960.550,358.40,3.40,53,114,565
04/16/2017 13:39:28,157,10.8,957.950,358.79,3.40,52,114,565
04/16/2017 13:39:38,154,10.8,955.340,357.47,3.39,52,116,565
04/16/2017 13:39:48,148,10.8,952.650,358.55,3.38,53,115,565
04/16/2017 13:39:58,156,10.8,949.970,359.77,3.38,53,115,565
04/16/2017 13:40:08,147,10.8,947.390,360.19,3.37,53,115,565
04/16/2017 13:40:18,159,10.8,944.770,360.20,3.37,52,116,565
04/16/2017 13:40:28,159,10.8,942.180,360.36,3.37,52,118,565
04/16/2017 13:40:38,158,10.8,939.430,360.59,3.36,54,117,565
04/16/2017 13:40:48,151,10.8,936.810,360.67,3.36,53,116,565
04/16/2017 13:40:58,147,10.8,934.130,361.95,3.36,54,118,565
04/16/2017 13:41:08,152,10.8,931.500,361.30,3.36,52,119,565
04/16/2017 13:41:18,153,10.8,928.910,362.70,3.36,53,118,565
04/16/2017 13:41:28,155,10.8,926.140,363.56,3.34,53,119,565
04/16/2017 13:41:38,156,10.8,923.640,363.55,3.34,53,119,565
04/16/2017 13:41:48,156,10.8,920.880,363.33,3.34,53,117,565
04/16/2017 13:41:58,149,10.8,918.320,363.66,3.34,52,117,565
04/16/2017 13:42:08,147,10.8,915.590,364.32,3.34,53,117,565
04/16/2017 13:42:18,161,10.8,912.980,364.33,3.34,52,118,565
04/16/2017 13:42:28,158,10.8,910.430,364.81,3.34,53,117,565
04/16/2017 13:42:38,157,10.8,907.660,363.87,3.34,53,117,565
04/16/2017 13:42:48,147,10.8,905.020,364.32,3.34,51,119,565
04/16/2017 13:42:58,162,10.8,902.400,364.21,3.34,52,116,565
04/16/2017 13:43:08,155,10.8,899.790,363.97,3.34,54,118,565
04/16/2017 13:43:18,161,10.8,897.070,364.27,3.35,52,123,565
04/16/2017 13:43:28,165,10.8,894.400,364.10,3.35,53,119,565
04/16/2017 13:43:38,160,10.8,891.850,363.39,3.35,55,119,565
04/16/2017 13:43:48,150,10.8,889.220,364.20,3.35,52,117,565
04/16/2017 13:43:58,153,10.8,886.550,364.94,3.36,52,117,565
04/16/2017 13:44:08,161,10.8,883.950,363.68,3.35,53,116,565
04/16/2017 13:44:18,155,10.8,881.210,363.58,3.37,52,118,565
04/16/2017 13:44:28,158,10.8,878.710,362.94,3.38,52,116,565
04/16/2017 13:44:38,158,10.8,876.030,361.20,3.39,52,114,565
04/16/2017 13:44:48,151,10.9,873.260,361.37,3.39,52,115,565
04/16/2017 13:44:58,156,10.8,870.730,360.74,3.40,54,116,565
04/16/2017 13:45:08,160,10.8,868.090,360.05,3.40,52,115,565
04/16/2017 13:45:18,168,10.8,865.510,360.02,3.41,52,118,565
04/16/2017 13:45:28,159,10.8,862.800,359.66,3.41,51,116,565
04/16/2017 13:45:38,173,10.8,860.120,360.09,3.41,52,116,565
04/16/2017 13:45:48,154,10.8,857.500,359.89,3.41,52,114,565
04/16/2017 13:45:58,171,10.8,854.840,359.69,3.42,52,114,565
04/16/2017 13:46:08,166,10.8,852.230,359.42,3.42,51,114,565
04/16/2017 13:46:18,157,10.9,849.730,359.14,3.42,52,115,565
04/16/2017 13:46:28,159,10.8,847.010,358.94,3.43,53,116,565
04/16/2017 13:46:38,153,10.9,844.310,359.30,3.43,52,113,565
04/16/2017 13:46:48,152,10.9,841.720,360.21,3.43,51,116,565
04/16/2017 13:46:58,172,10.8,839.190,360.19,3.43,53,118,565
04/16/2017 13:47:08,158,10.8,836.400,359.33,3.43,52,114,565
04/16/2017 13:47:18,155,10.8,833.830,359.30,3.43,53,115,565
04/16/2017 13:47:28,145,10.8,831.130,360.23,3.43,53,115,565
04/16/2017 13:47:38,155,10.8,828.560,359.97,3.43,52,116,565
04/16/2017 13:47:48,162,10.8,825.920,361.06,3.43,53,114,565
04/16/2017 13:47:58,163,10.8,823.210,359.41,3.43,52,116,565
04/16/2017 13:48:08,152,10.8,820.560,361.56,3.43,52,115,565
04/16/2017 13:48:18,156,10.9,817.990,360.27,3.43,53,116,565
04/16/2017 13:48:28,158,10.8,815.310,359.83,3.44,53,115,565
04/16/2017 13:48:38,152,10.8,812.720,360.33,3.44,51,114,565
04/16/2017 13:48:48,153,10.8,810.140,360.98,3.44,52,116,565
04/16/2017 13:48:58,154,10.9,807.320,360.39,3.44,53,116,565
04/16/2017 13:49:08,175,10.8,804.690,360.78,3.44,54,116,565
04/16/2017 13:49:18,159,10.8,802.080,360.49,3.44,53,114,565
04/16/2017 13:49:28,162,10.8,799.510,360.84,3.44,52,116,565
04/16/2017 13:49:38,153,10.8,796.850,360.95,3.44,54,116,565
04/16/2017 13:49:48,157,10.8,794.230,362.17,3.44,54,115,565
04/16/2017 13:49:58,156,10.8,791.500,361.03,3.44,54,116,565
04/16/2017 13:50:08,160,10.8,788.850,362.10,3.44,52,115,565
04/16/2017 13:50:18,155,10.9,786.240,361.93,3.45,53,114,565
04/16/2017 13:50:28,165,10.8,783.670,362.45,3.45,53,115,565
04/16/2017 13:50:38,154,10.9,780.930,362.47,3.45,54,116,565
04/16/2017 13:50:48,150,10.9,778.310,362.22,3.45,53,116,565
04/16/2017 13:50:58,158,10.9,775.800,362.58,3.45,52,117,565
04/16/2017 13:51:08,158,10.9,773.100,362.94,3.45,53,113,565
04/16/2017 13:51:18,167,10.8,770.520,362.78,3.45,53,116,565
04/16/2017 13:51:28,162,10.8,767.840,363.49,3.45,53,116,565
04/16/2017 13:51:38,165,10.8,765.100,362.43,3.45,54,116,565
04/16/2017 13:51:48,156,10.8,762.460,362.22,3.45,53,116,565
04/16/2017 13:51:58,156,10.8,759.940,362.36,3.45,53,114,565
04/16/2017 13:52:08,158,10.8,757.270,362.95,3.45,52,115,565
04/16/2017 13:52:18,163,10.8,754.600,362.66,3.45,52,114,565
04/16/2017 13:52:28,167,10.8,751.900,361.71,3.45,53,116,565
04/16/2017 13:52:38,148,10.8,749.290,362.13,3.45,53,115,565
04/16/2017 13:52:48,158,10.9,746.580,363.19,3.45,56,117,565
04/16/2017 13:52:58,165,10.8,744.060,363.81,3.46,56,115,565
04/16/2017 13:53:08,169,10.8,741.520,364.14,3.46,54,116,565
04/16/2017 13:53:18,155,10.8,738.810,364.01,3.46,56,116,565
04/16/2017 13:53:28,158,10.8,736.240,363.89,3.46,55,117,565
04/16/2017 13:53:38,160,10.8,733.510,364.52,3.46,55,118,565
04/16/2017 13:53:48,158,10.8,730.860,364.55,3.46,54,118,565
04/16/2017 13:53:58,151,10.9,728.250,363.88,3.47,55,118,565
04/16/2017 13:54:08,151,10.8,725.560,364.37,3.47,54,116,565
04/16/2017 13:54:18,154,10.8,722.920,363.75,3.48,54,116,565
04/16/2017 13:54:28,160,10.8,720.400,363.85,3.48,56,117,565
04/16/2017 13:54:38,153,10.9,717.740,365.11,3.49,55,117,565
04/16/2017 13:54:48,155,10.9,715.010,365.49,3.49,56,118,565
04/16/2017 13:54:58,155,10.8,712.370,364.84,3.49,58,119,565
04/16/2017 13:55:08,160,10.9,709.730,364.99,3.50,56,119,565
04/16/2017 13:55:18,156,10.9,707.030,366.63,3.50,56,117,565
04/16/2017 13:55:28,156,10.8,704.440,367.44,3.50,58,119,565
04/16/2017 13:55:38,167,10.8,701.800,366.64,3.50,58,121,565
04/16/2017 13:55:48,165,10.9,699.340,366.66,3.50,57,118,565
04/16/2017 13:55:58,152,10.9,696.600,366.99,3.50,55,120,565
04/16/2017 13:56:08,160,10.9,693.960,365.81,3.50,56,119,565
04/16/2017 13:56:18,162,10.9,691.310,366.28,3.50,57,117,565
04/16/2017 13:56:28,154,10.9,688.780,366.69,3.50,57,120,565
04/16/2017 13:56:38,163,10.8,686.070,366.77,3.50,57,120,565
04/16/2017 13:56:48,157,10.8,683.340,367.01,3.50,57,122,565
04/16/2017 13:56:58,151,10.9,680.910,367.30,3.51,56,118,565
04/16/2017 13:57:08,146,10.9,678.080,366.98,3.51,57,120,565
04/16/2017 13:57:18,161,10.9,675.610,368.93,3.51,58,118,565
04/16/2017 13:57:28,157,10.9,672.890,368.26,3.51,58,118,565
04/16/2017 13:57:38,157,10.8,670.240,369.21,3.51,58,119,565
04/16/2017 13:57:48,165,10.8,667.590,368.27,3.51,58,118,565
04/16/2017 13:57:58,168,10.8,664.980,367.81,3.51,59,118,565
04/16/2017 13:58:08,154,10.9,662.360,368.05,3.51,58,118,565
04/16/2017 13:58:18,165,10.9,659.810,368.18,3.51,58,124,565
04/16/2017 13:58:28,155,10.9,657.020,368.64,3.51,57,118,565
04/16/2017 13:58:38,164,10.9,654.500,367.98,3.51,57,119,565
04/16/2017 13:58:48,156,10.9,651.720,367.72,3.51,59,119,565
04/16/2017 13:58:58,165,10.9,649.220,368.24,3.51,59,117,565
04/16/2017 13:59:08,154,10.8,646.570,368.97,3.51,60,118,565
04/16/2017 13:59:18,165,10.8,643.900,367.95,3.51,61,118,565
04/16/2017 13:59:28,170,10.9,641.250,368.94,3.51,58,119,565
04/16/2017 13:59:38,170,10.9,638.690,368.95,3.52,59,117,565
04/16/2017 13:59:48,160,10.8,636.000,368.06,3.52,59,120,564
04/16/2017 13:59:58,159,10.9,633.330,369.32,3.52,58,120,565
04/16/2017 14:00:08,171,10.8,630.780,369.37,3.52,60,120,565
04/16/2017 14:00:18,171,10.8,628.150,368.80,3.52,59,117,565
04/16/2017 14:00:28,175,10.9,625.460,369.61,3.52,59,127,565
04/16/2017 14:00:38,165,10.9,622.770,369.38,3.53,60,121,565
04/16/2017 14:00:48,171,10.9,620.080,369.81,3.53,63,121,565
04/16/2017 14:00:58,153,10.9,617.480,371.13,3.54,63,121,565
04/16/2017 14:01:08,167,10.9,614.890,371.08,3.54,62,121,565
04/16/2017 14:01:18,159,10.8,612.240,372.50,3.54,63,120,565
04/16/2017 14:01:28,152,10.9,609.590,371.75,3.54,64,124,565
04/16/2017 14:01:38,165,10.9,606.970,371.94,3.54,65,121,565
04/16/2017 14:01:48,170,10.9,604.360,373.05,3.54,62,121,565
04/16/2017 14:01:58,158,10.9,601.740,372.35,3.54,64,121,565
04/16/2017 14:02:08,154,10.9,599.100,373.00,3.53,66,123,565
04/16/2017 14:02:18,158,10.9,596.560,372.79,3.52,66,123,565
04/16/2017 14:02:28,163,10.9,593.970,372.83,3.52,67,120,565
04/16/2017 14:02:38,167,10.9,591.190,374.31,3.52,68,121,565
04/16/2017 14:02:48,151,10.9,588.700,374.48,3.52,66,123,565
04/16/2017 14:02:58,169,10.8,585.930,374.77,3.52,67,121,565
04/16/2017 14:03:08,166,10.8,583.420,374.68,3.52,67,121,565
04/16/2017 14:03:18,167,10.9,580.770,375.10,3.52,68,124,565
04/16/2017 14:03:28,165,10.8,578.080,374.72,3.52,69,122,565
04/16/2017 14:03:38,171,10.9,575.420,374.96,3.52,67,120,565
04/16/2017 14:03:48,168,10.9,572.790,375.53,3.51,68,121,565
04/16/2017 14:03:58,160,10.9,570.150,375.94,3.51,68,122,565
04/16/2017 14:04:08,160,10.8,567.590,375.56,3.51,70,122,565
04/16/2017 14:04:18,158,10.8,564.960,375.27,3.51,71,124,565
04/16/2017 14:04:28,180,10.9,562.410,375.39,3.51,71,124,565
04/16/2017 14:04:38,171,10.9,559.630,375.55,3.51,70,122,565
04/16/2017 14:04:48,165,10.9,557.110,376.39,3.51,71,125,565
04/16/2017 14:04:58,163,10.9,554.410,376.59,3.50,71,123,565
04/16/2017 14:05:08,152,10.9,551.820,376.23,3.50,72,123,565
04/16/2017 14:05:18,165,10.9,549.130,376.69,3.51,71,126,565
04/16/2017 14:05:28,156,10.9,546.620,376.70,3.51,72,124,565
04/16/2017 14:05:38,173,10.8,543.860,377.07,3.51,72,125,565
04/16/2017 14:05:48,153,10.9,541.380,375.91,3.51,71,122,565
04/16/2017 14:05:58,169,10.8,538.630,376.38,3.51,70,128,565
04/16/2017 14:06:08,167,10.9,535.980,376.16,3.51,72,124,565
04/16/2017 14:06:18,168,10.8,533.410,376.81,3.51,69,122,565
04/16/2017 14:06:28,164,10.9,530.720,376.68,3.51,72,122,565
04/16/2017 14:06:38,176,10.9,528.180,376.15,3.51,71,124,565
04/16/2017 14:06:48,171,10.8,525.590,375.73,3.51,70,124,565
04/16/2017 14:06:58,166,10.9,522.940,375.77,3.51,71,123,565
04/16/2017 14:07:08,159,10.9,520.170,376.39,3.51,69,123,565
04/16/2017 14:07:18,172,10.8,517.620,376.38,3.51,71,121,565
04/16/2017 14:07:28,180,10.8,515.060,377.34,3.51,72,121,565
04/16/2017 14:07:38,164,10.8,512.460,376.23,3.51,72,124,565
04/16/2017 14:07:48,178,10.8,509.820,376.21,3.51,73,124,565
04/16/2017 14:07:58,170,10.9,507.140,377.63,3.51,72,124,565
04/16/2017 14:08:08,180,10.8,504.520,377.51,3.51,74,124,565
04/16/2017 14:08:18,161,10.8,501.920,376.16,3.51,69,121,565
04/16/2017 14:08:28,163,10.8,499.280,376.72,3.52,69,126,565
04/16/2017 14:08:38,172,10.9,496.670,376.41,3.52,71,124,565
04/16/2017 14:08:48,174,10.8,494.000,376.31,3.52,69,121,565
04/16/2017 14:08:58,172,10.9,491.440,375.84,3.52,68,123,565
04/16/2017 14:09:08,176,10.9,488.940,374.76,3.54,68,124,565
04/16/2017 14:09:18,177,10.8,486.230,375.47,3.55,68,122,565
04/16/2017 14:09:28,181,10.8,483.680,375.87,3.56,68,123,565
04/16/2017 14:09:38,171,10.8,481.000,375.71,3.56,66,122,565
04/16/2017 14:09:48,175,10.8,478.420,375.15,3.56,66,121,565
04/16/2017 14:09:58,182,10.8,475.920,375.76,3.57,66,124,565
04/16/2017 14:10:08,175,10.9,473.140,374.54,3.57,65,121,565
04/16/2017 14:10:18,170,10.8,470.510,374.87,3.57,66,121,565
04/16/2017 14:10:28,178,10.8,468.010,374.92,3.58,66,121,565
04/16/2017 14:10:38,180,10.8,465.340,375.40,3.59,65,122,565
04/16/2017 14:10:48,185,10.8,462.790,374.16,3.59,65,122,565
04/16/2017 14:10:58,184,10.8,460.080,374.70,3.59,64,121,565
04/16/2017 14:11:08,196,10.8,457.640,375.38,3.59,64,121,565
04/16/2017 14:11:18,187,10.8,455.020,374.42,3.59,65,121,565
04/16/2017 14:11:28,190,10.8,452.320,375.93,3.60,63,123,565
04/16/2017 14:11:38,167,10.8,449.700,375.28,3.60,64,123,565
04/16/2017 14:11:48,188,10.8,447.030,374.28,3.60,66,120,565
04/16/2017 14:11:58,168,10.8,444.570,375.33,3.60,66,120,565
04/16/2017 14:12:08,181,10.8,441.890,375.48,3.60,63,125,565
04/16/2017 14:12:18,173,10.8,439.320,376.10,3.60,66,122,565
04/16/2017 14:12:28,181,10.8,436.650,374.89,3.60,66,123,565
04/16/2017 14:12:38,179,10.8,434.130,375.85,3.60,65,122,565
04/16/2017 14:12:48,168,10.8,431.390,374.72,3.60,65,122,565
04/16/2017 14:12:58,181,10.8,428.850,375.25,3.60,65,123,565
04/16/2017 14:13:08,171,10.8,426.270,375.22,3.61,67,121,565
04/16/2017 14:13:18,180,10.8,423.680,375.97,3.60,65,121,565
04/16/2017 14:13:28,183,10.8,421.100,375.95,3.60,65,122,565
04/16/2017 14:13:38,175,10.8,418.440,375.81,3.61,65,122,565
04/16/2017 14:13:48,173,10.9,415.800,375.72,3.61,65,123,565
04/16/2017 14:13:58,179,10.8,413.220,374.65,3.61,65,122,564
04/16/2017 14:14:08,173,10.8,410.660,376.59,3.61,65,123,565
04/16/2017 14:14:18,177,10.8,408.020,375.73,3.61,66,121,565
04/16/2017 14:14:28,177,10.9,405.430,375.70,3.61,66,121,565
04/16/2017 14:14:38,178,10.9,402.700,376.28,3.61,67,123,565
04/16/2017 14:14:48,161,10.9,400.140,375.79,3.60,65,122,565
04/16/2017 14:14:58,171,10.8,397.600,375.07,3.61,64,124,565
04/16/2017 14:15:08,171,10.9,394.960,376.09,3.61,66,124,565
04/16/2017 14:15:18,171,10.8,392.260,376.84,3.61,66,127,565
04/16/2017 14:15:28,167,10.8,389.710,376.74,3.62,66,122,565
04/16/2017 14:15:38,179,10.8,387.010,377.31,3.63,65,121,565
04/16/2017 14:15:48,169,10.9,384.450,376.76,3.63,64,122,565
04/16/2017 14:15:58,189,10.8,381.790,376.42,3.64,65,123,565
04/16/2017 14:16:08,176,10.8,379.160,377.05,3.64,67,123,565
04/16/2017 14:16:18,182,10.8,376.660,377.13,3.64,67,121,565
04/16/2017 14:16:28,169,10.8,374.110,376.53,3.64,65,123,564
04/16/2017 14:16:38,169,10.9,371.480,377.16,3.64,66,123,565
04/16/2017 14:16:48,178,10.9,368.840,376.33,3.64,66,123,565
04/16/2017 14:16:58,180,10.8,366.240,376.76,3.63,67,123,565
04/16/2017 14:17:08,173,10.9,363.500,377.12,3.63,67,122,565
04/16/2017 14:17:18,174,10.8,360.880,376.72,3.63,68,124,565
04/16/2017 14:17:28,180,10.8,358.400,376.91,3.63,68,121,565
04/16/2017 14:17:38,168,10.8,355.630,377.20,3.63,67,122,565
04/16/2017 14:17:48,167,10.9,353.130,377.44,3.63,66,123,565
04/16/2017 14:17:58,178,10.8,350.470,377.67,3.63,67,122,565
04/16/2017 14:18:08,167,10.9,347.850,377.63,3.63,66,123,564
04/16/2017 14:18:18,173,10.8,345.310,377.49,3.63,67,120,565
04/16/2017 14:18:28,174,10.9,342.580,378.51,3.63,67,124,565
04/16/2017 14:18:38,167,10.8,340.040,376.77,3.63,66,123,565
04/16/2017 14:18:48,170,10.8,337.450,378.60,3.63,67,123,565
04/16/2017 14:18:58,170,10.8,334.750,377.70,3.63,67,122,565
04/16/2017 14:19:08,167,10.9,332.250,377.65,3.63,66,122,565
04/16/2017 14:19:18,180,10.8,329.530,377.77,3.63,66,121,564
04/16/2017 14:19:28,181,10.8,326.970,376.87,3.63,66,124,565
04/16/2017 14:19:38,163,10.9,324.430,378.02,3.63,66,123,565
04/16/2017 14:19:48,173,10.8,321.650,378.45,3.63,68,121,565
04/16/2017 14:19:58,167,10.8,319.080,378.12,3.63,66,123,565
04/16/2017 14:20:08,165,10.9,316.580,377.69,3.63,67,123,565
04/16/2017 14:20:18,178,10.8,313.810,378.30,3.63,68,123,565
04/16/2017 14:20:28,181,10.9,311.290,378.04,3.62,67,124,565
04/16/2017 14:20:38,167,10.9,308.790,378.49,3.62,68,124,565
04/16/2017 14:20:48,169,10.8,306.120,377.05,3.62,68,122,565
04/16/2017 14:20:58,176,10.8,303.450,378.49,3.62,68,123,564
04/16/2017 14:21:08,170,10.8,300.980,377.96,3.62,68,121,565
04/16/2017 14:21:18,161,10.9,298.180,378.09,3.62,69,124,564
04/16/2017 14:21:28,184,10.9,295.720,378.07,3.62,71,124,565
04/16/2017 14:21:38,175,10.9,292.940,378.73,3.63,70,122,565
04/16/2017 14:21:48,173,10.9,290.430,378.67,3.63,73,122,564
04/16/2017 14:21:58,182,10.9,287.870,378.54,3.63,71,122,565
04/16/2017 14:22:08,187,10.8,285.210,378.49,3.63,72,122,564
04/16/2017 14:22:18,188,10.8,282.630,379.80,3.63,72,124,565
04/16/2017 14:22:28,195,10.8,280.050,379.34,3.63,72,122,565
04/16/2017 14:22:38,188,10.8,277.410,379.26,3.63,72,125,565
04/16/2017 14:22:48,183,10.8,274.820,379.55,3.63,74,126,565
04/16/2017 14:22:58,186,10.8,272.360,378.99,3.63,73,123,565
04/16/2017 14:23:08,181,10.8,269.750,379.30,3.63,75,123,565
04/16/2017 14:23:18,205,10.8,267.110,379.14,3.63,74,124,565
04/16/2017 14:23:28,180,10.8,264.510,379.90,3.62,77,125,565
04/16/2017 14:23:38,182,10.8,261.870,379.38,3.62,75,123,564
04/16/2017 14:23:48,184,10.8,259.220,379.87,3.62,75,124,565
04/16/2017 14:23:58,193,10.8,256.590,379.55,3.63,74,126,565
04/16/2017 14:24:08,190,10.8,254.130,378.79,3.63,76,124,565
04/16/2017 14:24:18,177,10.8,251.410,379.65,3.63,71,125,565
04/16/2017 14:24:28,189,10.9,248.840,378.93,3.64,69,122,564
04/16/2017 14:24:38,170,10.9,246.370,378.92,3.65,68,130,565
04/16/2017 14:24:48,167,10.8,243.690,377.45,3.66,62,120,565
04/16/2017 14:24:58,168,10.8,240.970,377.91,3.66,64,123,565
04/16/2017 14:25:08,174,10.8,238.490,377.47,3.67,66,122,564
04/16/2017 14:25:18,178,10.8,235.800,377.67,3.67,65,124,564
04/16/2017 14:25:28,187,10.8,233.180,376.85,3.67,63,123,565
04/16/2017 14:25:38,168,10.9,230.610,377.60,3.67,64,121,565
04/16/2017 14:25:48,180,10.9,228.000,376.84,3.67,63,122,565
04/16/2017 14:25:58,167,10.9,225.360,377.70,3.67,63,122,565
04/16/2017 14:26:08,170,10.9,222.800,377.59,3.67,64,121,564
04/16/2017 14:26:18,171,10.9,220.210,377.63,3.68,64,122,565
04/16/2017 14:26:28,194,10.8,217.530,377.71,3.68,63,121,565
04/16/2017 14:26:38,185,10.8,215.000,377.44,3.68,63,120,564
04/16/2017 14:26:48,177,10.8,212.400,376.45,3.68,64,122,565
04/16/2017 14:26:58,184,10.8,209.900,377.32,3.68,64,121,565
04/16/2017 14:27:08,175,10.8,207.200,377.38,3.68,64,124,565
04/16/2017 14:27:18,174,10.9,204.580,377.49,3.68,65,122,564
04/16/2017 14:27:28,166,10.8,202.020,377.30,3.68,64,121,565
04/16/2017 14:27:38,178,10.9,199.530,379.00,3.68,64,126,565
04/16/2017 14:27:48,170,10.9,196.790,377.83,3.69,64,122,565
04/16/2017 14:27:58,164,10.9,194.320,378.33,3.69,66,121,564
04/16/2017 14:28:08,179,10.8,191.550,378.96,3.69,67,126,564
04/16/2017 14:28:18,160,10.9,188.980,378.15,3.69,66,122,565
04/16/2017 14:28:28,173,10.9,186.450,377.44,3.69,68,123,564
04/16/2017 14:28:38,185,10.9,183.810,379.00,3.69,68,123,565
04/16/2017 14:28:48,174,10.8,181.150,378.62,3.70,71,123,565
04/16/2017 14:28:58,171,10.9,178.650,378.84,3.70,69,122,564
04/16/2017 14:29:08,347,10.6,178.180,379.70,3.70,76,124,565
04/16/2017 14:29:18,368,10.6,178.180,378.85,3.70,76,122,564
04/16/2017 14:29:28,368,10.7,178.140,379.77,3.70,72,128,564
04/16/2017 14:29:38,343,10.6,178.020,379.77,3.70,74,124,564
04/16/2017 14:29:48,381,10.6,178.200,379.59,3.70,74,123,565
04/16/2017 14:29:58,356,10.6,178.060,378.91,3.70,74,127,564

 Ramp exit:    SMOOTH RUNNING
 Profile exit: TOP PRESSURE

 Vehicle motion stopped at 04/16/2017 14:30:02
 Sensor logging stopped at 04/16/2017 14:32:10
