
 Profile 337

 Sensors were turned on at  04/18/2017 04:00:02
 Vehicle began profiling at 04/18/2017 04:02:05

Date,[mA],[V],[dbar],Oxygen[uM],Optode Temp[C],Chl,NTU,Therm
04/18/2017 04:02:05,0,11.0,0.000,0.00,0.00,53,135,570
04/18/2017 04:02:15,176,10.8,0.000,0.00,0.00,52,130,570
04/18/2017 04:02:25,137,10.9,0.000,0.00,0.00,55,135,570
04/18/2017 04:02:38,178,10.8,2518.960,343.62,2.02,53,133,570
04/18/2017 04:02:48,90,10.9,2516.220,343.95,2.02,53,135,570
04/18/2017 04:02:58,93,11.0,2513.520,342.90,2.03,55,134,569
04/18/2017 04:03:08,111,11.0,2510.760,342.55,2.06,53,133,569
04/18/2017 04:03:18,104,10.9,2507.910,342.90,2.07,53,136,569
04/18/2017 04:03:28,94,11.0,2505.100,342.69,2.08,52,142,569
04/18/2017 04:03:38,89,11.0,2502.320,343.01,2.09,54,136,569
04/18/2017 04:03:48,96,11.0,2499.510,342.29,2.12,53,140,569
04/18/2017 04:03:58,87,11.0,2496.700,341.41,2.14,55,134,569
04/18/2017 04:04:08,90,11.0,2493.920,341.69,2.17,53,134,569
04/18/2017 04:04:18,100,10.9,2491.300,340.91,2.21,53,136,569
04/18/2017 04:04:28,92,10.9,2488.380,338.85,2.24,54,130,569
04/18/2017 04:04:38,92,10.9,2485.600,338.97,2.26,52,133,569
04/18/2017 04:04:48,93,10.9,2482.820,338.48,2.27,53,134,569
04/18/2017 04:04:58,105,10.9,2479.980,338.54,2.28,53,136,568
04/18/2017 04:05:08,93,10.9,2477.280,338.21,2.30,52,131,569
04/18/2017 04:05:18,82,10.9,2474.530,337.53,2.30,53,126,568
04/18/2017 04:05:28,86,10.9,2471.750,337.55,2.30,53,125,568
04/18/2017 04:05:38,102,10.9,2469.050,337.16,2.30,53,130,568
04/18/2017 04:05:48,102,10.9,2466.150,338.03,2.31,54,127,568
04/18/2017 04:05:58,86,10.9,2463.390,337.81,2.32,53,129,568
04/18/2017 04:06:08,89,10.9,2460.700,337.54,2.32,53,129,568
04/18/2017 04:06:18,92,10.9,2457.990,337.68,2.34,54,130,568
04/18/2017 04:06:28,94,10.9,2455.150,336.67,2.36,53,135,568
04/18/2017 04:06:38,101,10.9,2452.370,337.88,2.36,53,132,568
04/18/2017 04:06:48,86,10.9,2449.540,336.79,2.38,53,133,568
04/18/2017 04:06:58,96,10.9,2446.840,336.27,2.39,52,130,568
04/18/2017 04:07:08,115,10.9,2444.070,336.62,2.39,53,130,568
04/18/2017 04:07:18,102,10.9,2441.450,336.45,2.41,53,133,568
04/18/2017 04:07:28,93,10.9,2438.540,336.73,2.42,54,130,568
04/18/2017 04:07:38,101,10.9,2435.850,335.80,2.42,55,131,568
04/18/2017 04:07:48,87,10.9,2433.080,336.56,2.42,52,129,568
04/18/2017 04:07:58,86,10.9,2430.210,337.00,2.42,52,129,568
04/18/2017 04:08:08,103,10.9,2427.510,337.31,2.42,53,130,568
04/18/2017 04:08:18,95,10.8,2424.780,337.32,2.42,54,129,568
04/18/2017 04:08:28,100,10.9,2422.110,336.40,2.42,54,131,568
04/18/2017 04:08:38,97,10.9,2419.230,337.10,2.43,54,130,568
04/18/2017 04:08:48,96,10.9,2416.460,337.26,2.43,54,135,568
04/18/2017 04:08:58,101,10.8,2413.680,335.50,2.47,54,127,568
04/18/2017 04:09:08,97,10.9,2411.000,334.56,2.49,51,123,568
04/18/2017 04:09:18,96,10.8,2408.290,333.19,2.52,53,120,568
04/18/2017 04:09:28,102,10.9,2405.390,331.76,2.55,53,122,568
04/18/2017 04:09:38,99,10.8,2402.620,330.33,2.57,53,124,568
04/18/2017 04:09:48,101,10.9,2399.910,329.37,2.57,52,124,567
04/18/2017 04:09:58,104,10.8,2397.190,329.45,2.58,52,122,568
04/18/2017 04:10:08,96,10.9,2394.410,329.58,2.59,53,120,567
04/18/2017 04:10:18,96,10.9,2391.650,329.45,2.60,53,119,567
04/18/2017 04:10:28,102,10.9,2388.840,329.52,2.61,52,123,567
04/18/2017 04:10:38,95,10.8,2386.120,328.83,2.61,53,121,567
04/18/2017 04:10:48,98,10.8,2383.450,328.59,2.64,53,115,567
04/18/2017 04:10:58,90,10.8,2380.740,327.09,2.65,52,118,567
04/18/2017 04:11:08,97,10.8,2377.830,327.18,2.66,52,121,567
04/18/2017 04:11:18,88,10.8,2375.140,326.68,2.67,54,119,567
04/18/2017 04:11:28,96,10.8,2372.300,327.42,2.67,53,119,567
04/18/2017 04:11:38,92,10.9,2369.540,326.97,2.67,54,119,567
04/18/2017 04:11:48,99,10.9,2366.780,327.13,2.67,56,119,567
04/18/2017 04:11:58,98,10.9,2364.030,327.41,2.67,53,124,567
04/18/2017 04:12:08,89,10.9,2361.420,327.83,2.68,53,121,567
04/18/2017 04:12:18,98,10.8,2358.550,327.87,2.69,54,119,567
04/18/2017 04:12:28,94,10.9,2355.760,328.26,2.69,53,123,567
04/18/2017 04:12:38,99,10.8,2353.110,329.09,2.70,53,121,567
04/18/2017 04:12:48,95,10.9,2350.390,328.86,2.71,51,122,567
04/18/2017 04:12:58,98,10.9,2347.660,329.88,2.71,53,124,567
04/18/2017 04:13:08,97,10.8,2344.900,329.82,2.71,52,122,567
04/18/2017 04:13:18,97,10.9,2342.200,329.80,2.71,54,125,567
04/18/2017 04:13:28,104,10.8,2339.370,330.32,2.72,54,121,567
04/18/2017 04:13:38,97,10.9,2336.580,330.66,2.72,53,123,567
04/18/2017 04:13:48,94,10.9,2333.780,330.43,2.73,53,122,567
04/18/2017 04:13:58,106,10.8,2331.190,329.93,2.74,54,122,567
04/18/2017 04:14:08,96,10.9,2328.370,330.21,2.74,54,126,567
04/18/2017 04:14:18,93,10.9,2325.720,330.44,2.74,54,120,567
04/18/2017 04:14:28,92,10.9,2322.810,329.50,2.75,52,121,567
04/18/2017 04:14:38,98,10.8,2320.010,328.53,2.75,53,121,567
04/18/2017 04:14:48,106,10.8,2317.310,328.58,2.76,54,118,567
04/18/2017 04:14:58,98,10.8,2314.660,328.29,2.77,51,119,567
04/18/2017 04:15:08,95,10.8,2311.940,327.58,2.78,53,117,567
04/18/2017 04:15:18,83,10.9,2309.030,327.18,2.80,52,115,567
04/18/2017 04:15:28,86,10.9,2306.390,325.77,2.81,53,115,567
04/18/2017 04:15:38,86,10.9,2303.570,325.36,2.81,52,114,567
04/18/2017 04:15:48,96,10.9,2300.750,324.05,2.82,54,115,567
04/18/2017 04:15:58,92,10.8,2298.050,324.00,2.82,53,115,567
04/18/2017 04:16:08,91,10.8,2295.360,324.30,2.82,55,115,567
04/18/2017 04:16:18,94,10.9,2292.470,323.74,2.82,54,116,567
04/18/2017 04:16:28,102,10.9,2289.690,324.04,2.83,53,114,567
04/18/2017 04:16:38,83,10.9,2287.070,324.66,2.83,53,114,567
04/18/2017 04:16:48,101,10.9,2284.210,324.29,2.84,53,115,567
04/18/2017 04:16:58,88,10.9,2281.510,324.29,2.84,53,113,567
04/18/2017 04:17:08,93,10.9,2278.750,323.89,2.84,51,113,567
04/18/2017 04:17:18,100,10.9,2275.900,323.65,2.84,53,115,566
04/18/2017 04:17:28,98,10.9,2273.250,324.10,2.85,52,114,567
04/18/2017 04:17:38,93,10.9,2270.430,324.02,2.85,54,127,566
04/18/2017 04:17:48,96,10.9,2267.600,323.17,2.85,53,112,567
04/18/2017 04:17:58,103,10.8,2264.990,323.12,2.85,54,113,566
04/18/2017 04:18:08,95,10.9,2262.280,323.23,2.86,52,118,567
04/18/2017 04:18:18,96,10.9,2259.470,324.05,2.86,55,117,566
04/18/2017 04:18:28,97,10.9,2256.710,324.43,2.86,53,118,566
04/18/2017 04:18:38,95,10.8,2253.920,325.53,2.85,53,116,566
04/18/2017 04:18:48,95,10.9,2251.230,324.86,2.85,54,115,567
04/18/2017 04:18:58,97,10.9,2248.460,325.69,2.85,53,119,566
04/18/2017 04:19:08,99,10.9,2245.630,325.15,2.85,52,117,566
04/18/2017 04:19:18,92,10.9,2242.870,325.74,2.86,53,115,566
04/18/2017 04:19:28,92,10.9,2240.160,325.19,2.87,52,117,567
04/18/2017 04:19:38,104,10.9,2237.410,325.43,2.87,52,114,566
04/18/2017 04:19:48,94,10.8,2234.550,324.77,2.87,52,116,566
04/18/2017 04:19:58,94,10.9,2231.920,324.42,2.88,52,115,566
04/18/2017 04:20:08,97,10.9,2229.170,325.21,2.88,54,116,566
04/18/2017 04:20:18,89,10.9,2226.440,325.17,2.88,54,113,566
04/18/2017 04:20:28,98,10.9,2223.620,324.04,2.89,53,115,566
04/18/2017 04:20:38,104,10.9,2220.970,325.13,2.90,53,114,566
04/18/2017 04:20:48,103,10.9,2218.020,324.76,2.90,53,114,566
04/18/2017 04:20:58,108,10.9,2215.370,324.96,2.91,55,117,566
04/18/2017 04:21:08,102,10.9,2212.740,324.10,2.91,53,113,566
04/18/2017 04:21:18,99,10.9,2209.870,324.67,2.92,55,115,566
04/18/2017 04:21:28,104,10.9,2207.090,323.88,2.92,53,115,566
04/18/2017 04:21:38,105,10.9,2204.450,324.13,2.92,53,114,566
04/18/2017 04:21:48,102,10.8,2201.720,324.07,2.93,52,112,566
04/18/2017 04:21:58,101,10.9,2198.960,324.79,2.94,54,113,566
04/18/2017 04:22:08,93,10.8,2196.160,323.69,2.94,51,113,566
04/18/2017 04:22:18,99,10.9,2193.470,323.76,2.95,54,113,566
04/18/2017 04:22:28,110,10.8,2190.720,323.31,2.96,54,114,566
04/18/2017 04:22:38,100,10.9,2187.970,323.40,2.96,52,113,566
04/18/2017 04:22:48,102,10.9,2185.150,323.17,2.97,53,113,566
04/18/2017 04:22:58,96,10.9,2182.400,323.21,2.97,53,112,566
04/18/2017 04:23:08,93,10.9,2179.700,322.96,2.98,52,112,566
04/18/2017 04:23:18,99,10.9,2176.930,322.53,2.99,53,112,566
04/18/2017 04:23:28,110,10.9,2174.270,322.65,2.99,54,113,566
04/18/2017 04:23:38,105,10.8,2171.540,323.49,2.99,54,114,566
04/18/2017 04:23:48,92,10.9,2168.620,322.41,3.00,53,111,566
04/18/2017 04:23:58,92,10.9,2165.890,322.75,3.00,52,112,566
04/18/2017 04:24:08,88,10.9,2163.290,322.20,3.00,53,111,566
04/18/2017 04:24:18,98,10.9,2160.490,322.68,3.00,52,111,566
04/18/2017 04:24:28,96,10.9,2157.740,321.69,3.01,53,112,566
04/18/2017 04:24:38,105,10.9,2154.950,321.87,3.01,54,111,566
04/18/2017 04:24:48,99,10.9,2152.190,321.86,3.01,55,112,566
04/18/2017 04:24:58,97,10.9,2149.440,322.27,3.01,51,112,566
04/18/2017 04:25:08,99,10.9,2146.610,322.16,3.01,53,111,566
04/18/2017 04:25:18,101,10.9,2143.900,322.42,3.02,54,112,566
04/18/2017 04:25:28,100,10.9,2141.120,322.13,3.02,53,112,566
04/18/2017 04:25:38,93,10.9,2138.380,322.74,3.02,54,113,566
04/18/2017 04:25:48,85,10.9,2135.640,322.82,3.02,53,112,566
04/18/2017 04:25:58,106,10.9,2132.960,322.03,3.02,52,112,566
04/18/2017 04:26:08,98,10.9,2130.200,323.07,3.03,52,110,566
04/18/2017 04:26:18,99,10.9,2127.450,322.76,3.03,52,111,566
04/18/2017 04:26:28,95,10.9,2124.660,323.29,3.03,53,110,566
04/18/2017 04:26:38,98,10.9,2121.860,322.72,3.03,53,113,566
04/18/2017 04:26:48,100,10.9,2119.160,322.39,3.04,54,109,566
04/18/2017 04:26:58,103,10.9,2116.510,322.64,3.04,52,110,566
04/18/2017 04:27:08,106,10.9,2113.660,321.91,3.04,53,111,566
04/18/2017 04:27:18,102,10.8,2111.030,321.94,3.04,53,111,566
04/18/2017 04:27:28,104,10.9,2108.190,322.50,3.05,53,112,566
04/18/2017 04:27:38,99,10.9,2105.450,321.72,3.05,54,111,566
04/18/2017 04:27:48,100,10.9,2102.770,323.02,3.05,53,110,566
04/18/2017 04:27:58,99,10.9,2099.860,322.19,3.05,54,111,566
04/18/2017 04:28:08,104,10.9,2097.190,321.93,3.06,52,112,566
04/18/2017 04:28:18,101,10.9,2094.510,322.68,3.06,54,112,566
04/18/2017 04:28:28,97,10.9,2091.750,322.25,3.06,54,111,566
04/18/2017 04:28:38,105,10.9,2088.890,322.58,3.06,53,112,566
04/18/2017 04:28:48,92,10.9,2086.190,322.77,3.06,55,112,566
04/18/2017 04:28:58,96,10.9,2083.440,322.27,3.06,53,109,566
04/18/2017 04:29:08,97,10.9,2080.750,322.67,3.07,55,111,566
04/18/2017 04:29:18,103,10.9,2077.980,321.56,3.07,52,111,566
04/18/2017 04:29:28,97,10.9,2075.380,322.73,3.07,52,111,566
04/18/2017 04:29:38,109,10.9,2072.450,323.10,3.07,53,111,566
04/18/2017 04:29:48,106,10.9,2069.780,322.32,3.07,53,113,566
04/18/2017 04:29:58,90,10.9,2067.070,322.58,3.07,53,110,566
04/18/2017 04:30:08,101,10.9,2064.210,322.68,3.07,52,113,566
04/18/2017 04:30:18,104,10.9,2061.500,322.14,3.08,52,111,566
04/18/2017 04:30:28,109,10.9,2058.830,322.02,3.08,53,111,566
04/18/2017 04:30:38,107,10.9,2056.110,321.84,3.09,52,110,566
04/18/2017 04:30:48,91,10.9,2053.260,322.21,3.09,54,111,566
04/18/2017 04:30:58,109,10.9,2050.600,321.91,3.10,53,111,566
04/18/2017 04:31:08,110,10.9,2047.800,322.05,3.10,52,112,566
04/18/2017 04:31:18,103,10.9,2045.150,322.21,3.11,53,111,566
04/18/2017 04:31:28,100,10.9,2042.410,322.22,3.11,54,110,566
04/18/2017 04:31:38,102,10.9,2039.540,322.22,3.11,53,111,566
04/18/2017 04:31:48,107,10.9,2036.900,322.49,3.11,52,112,566
04/18/2017 04:31:58,108,10.9,2034.150,322.14,3.11,53,112,566
04/18/2017 04:32:08,108,10.9,2031.370,322.46,3.11,52,111,566
04/18/2017 04:32:18,108,10.9,2028.650,322.35,3.11,54,112,566
04/18/2017 04:32:28,112,10.9,2025.880,322.20,3.12,53,112,566
04/18/2017 04:32:38,104,10.9,2023.130,322.72,3.12,52,111,566
04/18/2017 04:32:48,96,10.9,2020.420,322.55,3.13,54,109,566
04/18/2017 04:32:58,116,10.9,2017.640,322.13,3.13,53,112,566
04/18/2017 04:33:08,106,10.9,2014.940,322.53,3.13,52,111,566
04/18/2017 04:33:18,107,10.9,2012.190,321.99,3.13,54,110,566
04/18/2017 04:33:28,128,10.8,2009.470,321.81,3.14,53,111,566
04/18/2017 04:33:38,123,10.9,2006.750,322.15,3.14,54,110,566
04/18/2017 04:33:48,113,10.9,2004.050,321.59,3.15,54,110,566
04/18/2017 04:33:58,115,10.9,2001.400,321.81,3.15,54,109,566
04/18/2017 04:34:08,96,10.9,1998.510,322.68,3.15,52,111,566
04/18/2017 04:34:18,103,10.9,1995.800,322.32,3.16,53,111,566
04/18/2017 04:34:28,110,10.9,1993.100,321.62,3.17,54,109,566
04/18/2017 04:34:38,100,10.9,1990.290,321.47,3.17,52,113,566
04/18/2017 04:34:48,109,10.9,1987.720,322.10,3.17,53,111,566
04/18/2017 04:34:58,105,10.9,1985.000,322.27,3.17,54,111,566
04/18/2017 04:35:08,111,10.9,1982.210,321.86,3.17,53,111,566
04/18/2017 04:35:18,108,10.9,1979.410,322.06,3.17,53,110,566
04/18/2017 04:35:28,99,10.9,1976.600,321.89,3.17,52,111,566
04/18/2017 04:35:38,124,10.8,1973.970,322.56,3.17,53,112,565
04/18/2017 04:35:48,98,10.9,1971.180,321.17,3.17,52,111,565
04/18/2017 04:35:58,96,10.9,1968.460,322.17,3.17,53,109,566
04/18/2017 04:36:08,106,10.9,1965.720,321.22,3.18,52,111,565
04/18/2017 04:36:18,109,10.9,1962.940,321.61,3.18,52,111,566
04/18/2017 04:36:28,102,10.9,1960.190,322.02,3.18,53,111,566
04/18/2017 04:36:38,95,10.9,1957.490,321.95,3.18,55,111,565
04/18/2017 04:36:48,109,10.9,1954.810,321.86,3.18,53,113,565
04/18/2017 04:36:58,108,10.9,1952.050,322.00,3.18,54,110,566
04/18/2017 04:37:08,104,10.9,1949.280,321.03,3.19,52,114,566
04/18/2017 04:37:18,124,10.9,1946.570,322.06,3.19,54,111,565
04/18/2017 04:37:28,109,10.9,1943.760,322.37,3.19,53,109,565
04/18/2017 04:37:38,117,10.9,1941.140,322.25,3.19,53,110,565
04/18/2017 04:37:48,109,10.9,1938.370,321.98,3.19,54,110,566
04/18/2017 04:37:58,106,10.9,1935.790,321.93,3.19,53,112,566
04/18/2017 04:38:08,109,10.9,1933.110,322.70,3.20,53,112,566
04/18/2017 04:38:18,114,10.8,1930.330,322.32,3.20,53,110,565
04/18/2017 04:38:28,96,10.9,1927.590,321.76,3.20,53,111,566
04/18/2017 04:38:38,109,10.9,1924.810,322.45,3.20,53,112,566
04/18/2017 04:38:48,102,10.9,1922.230,322.14,3.20,53,112,565
04/18/2017 04:38:58,109,10.9,1919.470,321.81,3.20,52,110,566
04/18/2017 04:39:08,105,10.9,1916.640,323.24,3.21,53,112,565
04/18/2017 04:39:18,92,10.9,1913.930,322.34,3.20,53,111,565
04/18/2017 04:39:28,94,10.9,1911.200,322.73,3.20,53,111,565
04/18/2017 04:39:38,103,10.9,1908.510,323.05,3.20,52,111,565
04/18/2017 04:39:48,94,10.9,1905.780,322.94,3.20,54,109,565
04/18/2017 04:39:58,90,10.9,1903.070,322.90,3.20,52,110,565
04/18/2017 04:40:08,104,10.9,1900.320,322.82,3.20,52,115,565
04/18/2017 04:40:18,89,10.9,1897.690,323.22,3.20,51,113,565
04/18/2017 04:40:28,86,10.9,1894.930,323.07,3.20,53,113,565
04/18/2017 04:40:38,88,10.9,1892.210,323.23,3.21,53,114,566
04/18/2017 04:40:48,111,10.9,1889.590,322.62,3.21,53,117,565
04/18/2017 04:40:58,100,10.9,1886.850,322.12,3.21,53,110,565
04/18/2017 04:41:08,105,10.9,1884.070,322.92,3.21,53,111,565
04/18/2017 04:41:18,95,10.9,1881.390,322.88,3.21,54,110,565
04/18/2017 04:41:28,99,10.9,1878.770,323.63,3.21,53,111,565
04/18/2017 04:41:38,111,10.9,1876.030,322.43,3.21,51,113,565
04/18/2017 04:41:48,115,10.9,1873.340,323.31,3.22,53,110,565
04/18/2017 04:41:58,117,10.9,1870.650,322.54,3.22,53,111,565
04/18/2017 04:42:08,105,10.9,1867.830,322.71,3.22,54,111,565
04/18/2017 04:42:18,105,10.9,1865.140,322.81,3.23,54,111,565
04/18/2017 04:42:28,117,10.8,1862.460,322.92,3.23,53,112,565
04/18/2017 04:42:38,100,10.9,1859.840,323.46,3.23,54,112,565
04/18/2017 04:42:48,100,10.9,1857.020,322.74,3.23,52,112,565
04/18/2017 04:42:58,110,10.9,1854.300,322.99,3.23,53,111,565
04/18/2017 04:43:08,117,10.9,1851.600,323.03,3.23,53,110,565
04/18/2017 04:43:18,117,10.9,1848.990,323.07,3.24,53,111,565
04/18/2017 04:43:28,114,10.9,1846.190,323.75,3.24,54,111,565
04/18/2017 04:43:38,120,10.9,1843.400,323.84,3.24,53,110,565
04/18/2017 04:43:48,108,10.9,1840.800,323.09,3.24,53,115,565
04/18/2017 04:43:58,117,10.9,1837.990,323.32,3.24,53,112,565
04/18/2017 04:44:08,93,10.9,1835.390,324.23,3.24,52,110,565
04/18/2017 04:44:18,99,10.9,1832.530,323.15,3.25,52,111,566
04/18/2017 04:44:28,106,10.9,1829.910,323.40,3.25,53,111,565
04/18/2017 04:44:38,123,10.9,1827.180,323.29,3.25,53,113,565
04/18/2017 04:44:48,111,10.9,1824.590,323.18,3.26,52,112,565
04/18/2017 04:44:58,102,10.9,1821.820,323.33,3.26,53,111,565
04/18/2017 04:45:08,113,10.9,1819.130,323.52,3.26,54,111,565
04/18/2017 04:45:18,114,10.9,1816.390,323.15,3.26,52,110,565
04/18/2017 04:45:28,103,10.9,1813.790,323.50,3.27,52,112,565
04/18/2017 04:45:38,125,10.9,1811.030,323.04,3.27,53,109,565
04/18/2017 04:45:48,98,10.9,1808.390,322.85,3.27,53,111,565
04/18/2017 04:45:58,92,10.9,1805.730,323.89,3.27,52,111,565
04/18/2017 04:46:08,118,10.9,1802.970,322.99,3.27,53,110,565
04/18/2017 04:46:18,116,10.9,1800.250,323.12,3.27,55,112,565
04/18/2017 04:46:28,121,10.9,1797.640,323.27,3.27,53,111,565
04/18/2017 04:46:38,108,10.9,1794.910,324.02,3.27,53,110,565
04/18/2017 04:46:48,110,10.9,1792.320,322.91,3.28,52,111,565
04/18/2017 04:46:58,99,10.9,1789.540,323.24,3.28,55,111,565
04/18/2017 04:47:08,106,10.9,1786.860,323.50,3.29,54,111,565
04/18/2017 04:47:18,115,10.9,1784.190,323.27,3.29,53,111,565
04/18/2017 04:47:28,119,10.9,1781.530,323.05,3.29,53,111,565
04/18/2017 04:47:38,105,10.9,1778.750,322.74,3.30,53,111,565
04/18/2017 04:47:48,96,10.9,1776.010,323.20,3.30,54,114,565
04/18/2017 04:47:58,88,10.9,1773.480,323.01,3.31,54,112,565
04/18/2017 04:48:08,90,10.9,1770.760,322.49,3.31,52,110,565
04/18/2017 04:48:18,115,10.8,1768.160,323.21,3.31,54,111,565
04/18/2017 04:48:28,106,10.9,1765.500,322.86,3.32,52,111,565
04/18/2017 04:48:38,110,10.9,1762.900,323.54,3.32,53,112,565
04/18/2017 04:48:48,103,10.9,1760.110,322.60,3.32,54,112,565
04/18/2017 04:48:58,92,10.9,1757.450,323.17,3.32,53,112,565
04/18/2017 04:49:08,96,10.9,1754.790,322.60,3.32,53,111,565
04/18/2017 04:49:18,116,10.9,1751.980,322.77,3.32,52,110,565
04/18/2017 04:49:28,107,10.9,1749.380,322.88,3.32,53,112,565
04/18/2017 04:49:38,123,10.8,1746.660,323.03,3.32,53,114,565
04/18/2017 04:49:48,115,10.9,1743.880,322.84,3.33,52,110,565
04/18/2017 04:49:58,107,10.9,1741.190,322.77,3.33,52,111,565
04/18/2017 04:50:08,106,10.9,1738.470,323.07,3.33,52,110,565
04/18/2017 04:50:18,116,10.9,1735.770,323.28,3.34,52,114,565
04/18/2017 04:50:28,101,10.9,1733.130,323.94,3.34,54,119,565
04/18/2017 04:50:38,110,10.9,1730.370,322.97,3.34,53,111,565
04/18/2017 04:50:48,109,10.9,1727.810,323.46,3.34,54,110,565
04/18/2017 04:50:58,111,10.9,1725.000,323.03,3.35,53,114,565
04/18/2017 04:51:08,112,10.9,1722.350,323.21,3.35,53,111,565
04/18/2017 04:51:18,118,10.9,1719.660,323.43,3.35,53,114,565
04/18/2017 04:51:28,93,10.9,1717.010,323.36,3.36,53,114,565
04/18/2017 04:51:38,107,10.9,1714.460,323.38,3.36,52,111,565
04/18/2017 04:51:48,101,10.9,1711.820,323.17,3.36,53,112,565
04/18/2017 04:51:58,95,10.9,1709.160,323.73,3.36,53,112,565
04/18/2017 04:52:08,105,10.9,1706.740,322.77,3.36,54,111,565
04/18/2017 04:52:18,144,10.8,1704.030,323.09,3.36,52,112,565
04/18/2017 04:52:28,120,10.9,1701.410,322.91,3.36,52,112,565
04/18/2017 04:52:38,103,10.9,1698.710,323.58,3.37,54,111,565
04/18/2017 04:52:48,101,10.9,1696.030,323.81,3.37,52,114,565
04/18/2017 04:52:58,95,11.0,1693.450,323.49,3.37,53,112,565
04/18/2017 04:53:08,107,10.9,1690.690,324.36,3.38,54,114,565
04/18/2017 04:53:18,111,10.9,1688.110,323.51,3.39,52,112,565
04/18/2017 04:53:28,120,10.9,1685.450,324.04,3.39,52,112,565
04/18/2017 04:53:38,99,10.9,1682.850,323.84,3.40,52,113,565
04/18/2017 04:53:48,96,10.9,1680.070,323.59,3.40,54,115,565
04/18/2017 04:53:58,121,10.9,1677.620,324.02,3.40,53,114,565
04/18/2017 04:54:08,119,10.9,1674.950,323.78,3.40,53,111,565
04/18/2017 04:54:18,108,10.9,1672.230,324.08,3.40,54,114,565
04/18/2017 04:54:28,122,10.9,1669.540,324.53,3.41,54,116,565
04/18/2017 04:54:38,102,10.9,1666.880,324.67,3.42,53,113,565
04/18/2017 04:54:48,99,10.9,1664.270,323.48,3.42,53,112,565
04/18/2017 04:54:58,91,10.9,1661.740,323.43,3.43,54,114,565
04/18/2017 04:55:08,104,10.9,1658.940,324.29,3.43,53,118,565
04/18/2017 04:55:18,95,10.9,1656.410,324.82,3.44,52,115,565
04/18/2017 04:55:28,113,10.9,1653.680,325.50,3.44,53,115,565
04/18/2017 04:55:38,83,10.9,1650.970,325.43,3.44,54,113,565
04/18/2017 04:55:48,94,10.9,1648.460,325.77,3.44,54,114,565
04/18/2017 04:55:58,98,10.9,1645.740,325.46,3.44,52,119,565
04/18/2017 04:56:08,119,10.9,1643.080,325.50,3.44,51,115,565
04/18/2017 04:56:18,97,10.9,1640.470,325.93,3.44,52,115,565
04/18/2017 04:56:28,120,10.9,1637.720,327.14,3.44,53,116,565
04/18/2017 04:56:38,132,10.8,1635.250,326.40,3.44,53,117,565
04/18/2017 04:56:48,143,10.9,1632.400,326.88,3.44,53,117,565
04/18/2017 04:56:58,129,10.9,1629.770,326.87,3.45,52,116,565
04/18/2017 04:57:08,134,10.8,1627.290,326.32,3.45,52,116,565
04/18/2017 04:57:18,141,10.9,1624.610,327.22,3.45,51,115,565
04/18/2017 04:57:28,131,10.8,1621.810,326.61,3.46,54,116,565
04/18/2017 04:57:38,133,10.9,1619.130,326.46,3.46,54,116,565
04/18/2017 04:57:48,133,10.9,1616.440,327.35,3.47,52,116,565
04/18/2017 04:57:58,137,10.8,1613.880,326.67,3.47,53,116,565
04/18/2017 04:58:08,126,10.9,1611.260,326.43,3.48,53,117,565
04/18/2017 04:58:18,126,10.8,1608.480,326.80,3.49,54,114,565
04/18/2017 04:58:28,150,10.8,1605.750,326.01,3.49,53,116,565
04/18/2017 04:58:38,131,10.9,1603.210,326.11,3.49,52,114,565
04/18/2017 04:58:48,133,10.9,1600.400,326.64,3.49,53,115,565
04/18/2017 04:58:58,113,10.9,1597.690,326.27,3.50,52,114,565
04/18/2017 04:59:08,137,10.8,1595.100,326.14,3.50,54,114,565
04/18/2017 04:59:18,136,10.9,1592.480,325.72,3.50,52,113,565
04/18/2017 04:59:28,109,10.9,1589.640,324.78,3.51,53,114,565
04/18/2017 04:59:38,149,10.8,1587.030,325.81,3.51,54,114,565
04/18/2017 04:59:48,142,10.9,1584.400,324.07,3.51,53,114,565
04/18/2017 04:59:58,142,10.8,1581.690,325.48,3.51,54,131,565
04/18/2017 05:00:08,139,10.8,1579.150,324.04,3.52,52,113,565
04/18/2017 05:00:18,145,10.9,1576.440,325.35,3.52,53,114,565
04/18/2017 05:00:28,155,10.8,1573.680,324.89,3.52,51,113,565
04/18/2017 05:00:38,137,10.8,1571.020,324.71,3.52,53,113,565
04/18/2017 05:00:48,136,10.8,1568.310,323.65,3.53,52,113,565
04/18/2017 05:00:58,135,10.9,1565.670,324.09,3.53,52,114,565
04/18/2017 05:01:08,147,10.8,1562.950,323.63,3.54,53,114,565
04/18/2017 05:01:18,138,10.8,1560.400,325.31,3.54,53,112,565
04/18/2017 05:01:28,136,10.9,1557.690,323.43,3.54,53,112,565
04/18/2017 05:01:38,123,10.9,1554.990,324.68,3.55,53,112,565
04/18/2017 05:01:48,139,10.8,1552.290,324.08,3.55,53,114,565
04/18/2017 05:01:58,120,10.9,1549.750,324.15,3.56,52,112,565
04/18/2017 05:02:08,126,10.8,1546.960,324.29,3.56,54,114,565
04/18/2017 05:02:18,136,10.8,1544.420,324.63,3.57,52,114,565
04/18/2017 05:02:28,135,10.8,1541.700,324.46,3.57,53,113,565
04/18/2017 05:02:38,152,10.8,1539.050,324.53,3.58,53,113,565
04/18/2017 05:02:48,145,10.9,1536.360,324.37,3.59,54,113,565
04/18/2017 05:02:58,139,10.9,1533.700,324.24,3.59,53,114,565
04/18/2017 05:03:08,136,10.9,1531.070,324.99,3.59,52,113,565
04/18/2017 05:03:18,147,10.9,1528.370,324.14,3.59,53,112,565
04/18/2017 05:03:28,139,10.9,1525.650,324.41,3.59,52,112,565
04/18/2017 05:03:38,141,10.9,1523.000,324.75,3.59,53,115,565
04/18/2017 05:03:48,141,10.8,1520.330,324.54,3.59,54,112,565
04/18/2017 05:03:58,148,10.9,1517.640,325.33,3.60,53,118,565
04/18/2017 05:04:08,153,10.8,1514.840,325.00,3.60,53,117,565
04/18/2017 05:04:18,127,10.8,1512.310,324.68,3.60,53,113,565
04/18/2017 05:04:28,142,10.9,1509.640,324.87,3.60,53,112,565
04/18/2017 05:04:38,123,10.9,1506.880,325.82,3.60,53,112,565
04/18/2017 05:04:48,137,10.9,1504.310,325.05,3.60,55,113,565
04/18/2017 05:04:58,136,10.9,1501.480,325.59,3.60,53,113,565
04/18/2017 05:05:08,147,10.8,1498.910,325.64,3.59,52,113,565
04/18/2017 05:05:18,125,10.9,1496.280,326.76,3.59,53,112,565
04/18/2017 05:05:28,142,10.9,1493.520,326.29,3.59,53,114,565
04/18/2017 05:05:38,145,10.9,1490.860,326.83,3.59,54,113,565
04/18/2017 05:05:48,133,10.9,1488.210,326.84,3.59,52,113,565
04/18/2017 05:05:58,134,10.9,1485.490,325.72,3.60,53,114,565
04/18/2017 05:06:08,132,10.8,1482.880,326.47,3.60,52,112,565
04/18/2017 05:06:18,126,10.9,1480.140,327.20,3.60,52,113,565
04/18/2017 05:06:28,153,10.8,1477.550,326.98,3.60,53,113,565
04/18/2017 05:06:38,144,10.8,1474.900,327.24,3.60,52,113,565
04/18/2017 05:06:48,138,10.8,1472.180,327.61,3.60,52,113,565
04/18/2017 05:06:58,140,10.9,1469.490,327.23,3.61,54,113,565
04/18/2017 05:07:08,141,10.9,1466.800,327.04,3.61,53,114,565
04/18/2017 05:07:18,143,10.9,1464.140,328.01,3.61,53,114,565
04/18/2017 05:07:28,138,10.9,1461.460,327.40,3.61,53,113,565
04/18/2017 05:07:38,146,10.8,1458.810,327.12,3.61,52,112,565
04/18/2017 05:07:48,146,10.8,1456.190,327.63,3.60,53,111,565
04/18/2017 05:07:58,145,10.9,1453.520,327.91,3.60,54,112,565
04/18/2017 05:08:08,144,10.8,1450.860,327.21,3.60,53,114,565
04/18/2017 05:08:18,129,10.8,1448.120,328.48,3.59,53,112,565
04/18/2017 05:08:28,145,10.9,1445.450,328.06,3.59,53,112,565
04/18/2017 05:08:38,147,10.9,1442.730,327.93,3.59,52,114,565
04/18/2017 05:08:48,147,10.8,1440.050,328.34,3.59,53,113,565
04/18/2017 05:08:58,148,10.9,1437.450,329.37,3.59,53,113,565
04/18/2017 05:09:08,140,10.8,1434.820,328.81,3.59,51,114,565
04/18/2017 05:09:18,143,10.9,1432.170,329.30,3.59,52,112,565
04/18/2017 05:09:28,141,10.8,1429.580,329.42,3.58,53,113,565
04/18/2017 05:09:38,149,10.8,1426.780,329.15,3.58,52,112,565
04/18/2017 05:09:48,148,10.8,1424.130,329.26,3.59,53,112,565
04/18/2017 05:09:58,143,10.9,1421.510,329.94,3.59,52,113,564
04/18/2017 05:10:08,142,10.8,1418.780,330.37,3.59,53,114,565
04/18/2017 05:10:18,154,10.9,1416.160,330.11,3.58,52,112,565
04/18/2017 05:10:28,147,10.8,1413.500,330.24,3.57,54,112,565
04/18/2017 05:10:38,157,10.9,1410.840,330.64,3.57,53,112,565
04/18/2017 05:10:48,144,10.9,1408.150,331.59,3.57,54,113,565
04/18/2017 05:10:58,164,10.8,1405.520,332.39,3.57,52,112,565
04/18/2017 05:11:08,148,10.8,1402.950,332.40,3.56,52,112,565
04/18/2017 05:11:18,169,10.8,1400.340,332.80,3.56,52,114,565
04/18/2017 05:11:28,176,10.8,1397.690,332.62,3.56,52,112,564
04/18/2017 05:11:38,175,10.8,1395.030,333.06,3.56,53,112,565
04/18/2017 05:11:48,187,10.8,1392.360,333.60,3.56,52,112,565
04/18/2017 05:11:58,185,10.8,1389.740,333.65,3.57,53,113,565
04/18/2017 05:12:08,170,10.8,1387.100,334.21,3.57,54,113,565
04/18/2017 05:12:18,185,10.8,1384.530,334.27,3.57,50,133,565
04/18/2017 05:12:28,160,10.8,1381.830,333.76,3.57,51,114,565
04/18/2017 05:12:38,157,10.8,1379.260,334.67,3.57,53,112,565
04/18/2017 05:12:48,162,10.9,1376.620,334.44,3.57,52,113,565
04/18/2017 05:12:58,142,10.8,1373.980,334.13,3.57,52,112,565
04/18/2017 05:13:08,155,10.8,1371.320,334.77,3.57,52,111,565
04/18/2017 05:13:18,170,10.8,1368.660,334.47,3.57,53,112,565
04/18/2017 05:13:28,164,10.8,1366.030,334.43,3.57,53,113,565
04/18/2017 05:13:38,157,10.9,1363.280,334.54,3.57,53,113,565
04/18/2017 05:13:48,141,10.8,1360.740,334.77,3.57,53,112,565
04/18/2017 05:13:58,144,10.8,1358.000,335.63,3.57,53,115,565
04/18/2017 05:14:08,133,10.9,1355.310,335.71,3.57,53,111,565
04/18/2017 05:14:18,148,10.9,1352.720,334.93,3.57,52,112,565
04/18/2017 05:14:28,150,10.8,1350.050,335.09,3.57,52,113,565
04/18/2017 05:14:38,137,10.8,1347.490,336.00,3.57,53,112,565
04/18/2017 05:14:48,159,10.8,1344.810,335.72,3.56,53,113,565
04/18/2017 05:14:58,155,10.8,1342.140,335.99,3.56,52,111,565
04/18/2017 05:15:08,159,10.8,1339.440,336.52,3.55,51,112,565
04/18/2017 05:15:18,137,10.8,1336.740,337.75,3.55,54,112,565
04/18/2017 05:15:28,145,10.9,1334.170,338.13,3.54,52,114,565
04/18/2017 05:15:38,144,10.8,1331.400,338.62,3.53,53,114,565
04/18/2017 05:15:48,152,10.9,1328.900,339.01,3.52,52,113,565
04/18/2017 05:15:58,147,10.9,1326.180,339.47,3.52,52,113,565
04/18/2017 05:16:08,135,10.8,1323.540,340.11,3.52,53,112,565
04/18/2017 05:16:18,157,10.9,1320.760,339.93,3.52,53,114,565
04/18/2017 05:16:28,164,10.8,1318.180,340.18,3.53,55,112,565
04/18/2017 05:16:38,144,10.8,1315.440,340.35,3.53,52,113,565
04/18/2017 05:16:48,143,10.9,1312.800,340.26,3.52,52,113,565
04/18/2017 05:16:58,155,10.9,1310.240,341.67,3.50,52,114,565
04/18/2017 05:17:08,150,10.9,1307.510,342.15,3.49,54,113,565
04/18/2017 05:17:18,148,10.8,1304.870,343.17,3.47,52,113,564
04/18/2017 05:17:28,156,10.9,1302.340,343.04,3.46,52,113,565
04/18/2017 05:17:38,142,10.9,1299.520,344.15,3.46,52,112,565
04/18/2017 05:17:48,146,10.9,1296.910,345.04,3.46,52,112,565
04/18/2017 05:17:58,142,10.8,1294.280,345.85,3.45,51,113,565
04/18/2017 05:18:08,154,10.9,1291.540,345.11,3.45,52,112,565
04/18/2017 05:18:18,152,10.9,1288.880,346.77,3.45,51,113,565
04/18/2017 05:18:28,151,10.8,1286.220,346.32,3.43,52,113,565
04/18/2017 05:18:38,142,10.9,1283.560,347.80,3.42,53,112,565
04/18/2017 05:18:48,153,10.9,1280.990,348.24,3.42,52,111,565
04/18/2017 05:18:58,147,10.8,1278.360,348.41,3.42,53,112,565
04/18/2017 05:19:08,144,10.8,1275.700,348.58,3.40,52,113,565
04/18/2017 05:19:18,138,10.9,1272.980,349.25,3.40,53,110,565
04/18/2017 05:19:28,129,10.9,1270.210,349.77,3.40,53,112,565
04/18/2017 05:19:38,148,10.9,1267.730,350.62,3.39,54,111,565
04/18/2017 05:19:48,138,10.8,1264.890,351.39,3.39,51,113,565
04/18/2017 05:19:58,150,10.8,1262.380,351.16,3.38,53,111,565
04/18/2017 05:20:08,139,10.9,1259.730,351.31,3.38,51,112,565
04/18/2017 05:20:18,145,10.8,1256.980,352.12,3.38,52,112,565
04/18/2017 05:20:28,150,10.8,1254.280,351.19,3.38,52,111,565
04/18/2017 05:20:38,147,10.8,1251.670,351.78,3.38,53,113,565
04/18/2017 05:20:48,144,10.9,1249.000,353.19,3.38,52,113,565
04/18/2017 05:20:58,129,10.9,1246.430,351.80,3.38,52,113,565
04/18/2017 05:21:08,139,10.9,1243.580,352.30,3.38,52,113,565
04/18/2017 05:21:18,139,10.9,1241.120,352.98,3.38,52,112,565
04/18/2017 05:21:28,138,10.9,1238.440,353.13,3.38,53,114,565
04/18/2017 05:21:38,141,10.9,1235.860,352.52,3.38,52,113,565
04/18/2017 05:21:48,132,10.9,1233.040,352.97,3.38,53,113,565
04/18/2017 05:21:58,146,10.9,1230.410,352.62,3.38,51,113,565
04/18/2017 05:22:08,146,10.9,1227.700,352.91,3.38,52,112,565
04/18/2017 05:22:18,139,10.9,1225.120,352.47,3.38,52,113,565
04/18/2017 05:22:28,137,10.9,1222.370,352.52,3.38,51,111,565
04/18/2017 05:22:38,140,10.9,1219.670,352.48,3.38,52,112,565
04/18/2017 05:22:48,156,10.8,1217.140,353.68,3.38,52,112,565
04/18/2017 05:22:58,146,10.9,1214.390,352.16,3.38,51,114,565
04/18/2017 05:23:08,161,10.8,1211.690,353.62,3.38,52,113,565
04/18/2017 05:23:18,142,10.9,1208.880,352.36,3.38,52,112,565
04/18/2017 05:23:28,143,10.9,1206.420,352.85,3.38,51,114,565
04/18/2017 05:23:38,157,10.9,1203.830,353.29,3.38,51,112,565
04/18/2017 05:23:48,141,10.9,1201.210,353.44,3.38,53,112,565
04/18/2017 05:23:58,146,10.9,1198.100,353.92,3.38,53,113,565
04/18/2017 05:24:08,141,10.9,1195.730,353.36,3.38,52,112,565
04/18/2017 05:24:18,144,10.9,1193.030,353.13,3.38,52,115,565
04/18/2017 05:24:28,135,10.9,1190.580,353.96,3.38,53,113,565
04/18/2017 05:24:38,140,10.9,1187.900,353.34,3.38,53,114,565
04/18/2017 05:24:48,137,10.9,1185.200,353.59,3.38,53,112,565
04/18/2017 05:24:58,135,10.9,1182.520,354.30,3.38,53,112,565
04/18/2017 05:25:08,139,10.9,1179.810,353.18,3.38,52,113,565
04/18/2017 05:25:18,141,10.9,1177.330,353.43,3.38,52,112,565
04/18/2017 05:25:28,140,10.9,1174.260,353.39,3.38,52,111,565
04/18/2017 05:25:38,141,10.9,1171.810,354.06,3.38,52,113,565
04/18/2017 05:25:48,146,10.9,1169.010,353.61,3.38,52,113,565
04/18/2017 05:25:58,141,10.9,1166.590,353.77,3.38,53,117,565
04/18/2017 05:26:08,145,10.9,1163.880,353.78,3.38,53,113,565
04/18/2017 05:26:18,160,10.8,1161.380,354.51,3.38,51,113,565
04/18/2017 05:26:28,155,10.8,1158.350,354.58,3.38,52,114,565
04/18/2017 05:26:38,166,10.8,1156.020,353.26,3.38,52,114,565
04/18/2017 05:26:48,158,10.9,1153.280,353.55,3.38,53,114,565
04/18/2017 05:26:58,155,10.9,1150.730,354.08,3.38,51,113,565
04/18/2017 05:27:08,146,10.9,1147.760,354.47,3.38,52,113,565
04/18/2017 05:27:18,152,10.9,1145.090,354.06,3.38,52,113,565
04/18/2017 05:27:28,132,10.9,1142.770,354.20,3.38,52,113,565
04/18/2017 05:27:38,152,10.9,1140.110,354.87,3.38,51,112,565
04/18/2017 05:27:48,160,10.8,1137.120,353.86,3.39,52,112,565
04/18/2017 05:27:58,159,10.8,1134.540,354.71,3.39,53,112,565
04/18/2017 05:28:08,134,10.9,1132.120,354.41,3.39,53,113,565
04/18/2017 05:28:18,147,10.9,1129.150,354.51,3.40,53,115,565
04/18/2017 05:28:28,140,10.8,1126.830,354.80,3.40,51,111,565
04/18/2017 05:28:38,150,10.8,1123.830,354.18,3.40,50,113,565
04/18/2017 05:28:48,154,10.8,1121.550,354.28,3.40,53,113,565
04/18/2017 05:28:58,156,10.8,1118.710,354.41,3.41,52,114,565
04/18/2017 05:29:08,159,10.8,1115.900,353.00,3.41,51,114,565
04/18/2017 05:29:18,144,10.9,1113.360,354.13,3.42,51,118,565
04/18/2017 05:29:28,109,10.9,1110.580,354.08,3.42,51,113,565
04/18/2017 05:29:38,134,10.9,1107.990,353.85,3.42,52,114,565
04/18/2017 05:29:48,137,10.9,1105.370,354.48,3.42,51,113,565
04/18/2017 05:29:58,149,10.9,1102.980,354.83,3.42,51,114,565
04/18/2017 05:30:08,130,10.9,1100.350,354.03,3.42,51,112,565
04/18/2017 05:30:18,143,10.9,1097.430,355.46,3.42,52,116,565
04/18/2017 05:30:28,144,10.8,1094.640,354.66,3.42,51,112,565
04/18/2017 05:30:38,155,10.9,1092.200,354.27,3.43,52,113,565
04/18/2017 05:30:48,164,10.9,1089.400,355.48,3.43,53,113,565
04/18/2017 05:30:58,142,10.9,1086.840,354.34,3.43,51,115,565
04/18/2017 05:31:08,144,10.9,1084.230,354.26,3.44,52,113,565
04/18/2017 05:31:18,136,10.9,1081.490,354.02,3.45,52,114,565
04/18/2017 05:31:28,149,10.9,1078.810,353.69,3.45,52,113,565
04/18/2017 05:31:38,149,10.9,1076.170,354.27,3.45,53,112,565
04/18/2017 05:31:48,151,10.9,1073.530,354.64,3.45,53,113,565
04/18/2017 05:31:58,154,10.8,1070.900,354.08,3.44,53,113,565
04/18/2017 05:32:08,144,10.9,1068.310,354.46,3.44,52,113,565
04/18/2017 05:32:18,135,10.9,1065.610,354.86,3.44,52,113,565
04/18/2017 05:32:28,143,10.9,1063.270,354.95,3.44,52,114,565
04/18/2017 05:32:38,146,10.9,1060.510,355.22,3.44,52,113,565
04/18/2017 05:32:48,157,10.9,1057.650,355.86,3.44,52,113,565
04/18/2017 05:32:58,144,10.9,1055.050,355.95,3.44,52,112,565
04/18/2017 05:33:08,152,10.8,1052.270,354.80,3.44,53,114,565
04/18/2017 05:33:18,156,10.9,1049.730,355.60,3.43,53,113,565
04/18/2017 05:33:28,154,10.9,1047.080,354.97,3.43,53,112,565
04/18/2017 05:33:38,163,10.9,1044.460,356.34,3.43,51,112,565
04/18/2017 05:33:48,160,10.9,1041.710,355.49,3.43,52,115,565
04/18/2017 05:33:58,139,10.8,1039.130,355.19,3.43,53,112,565
04/18/2017 05:34:08,155,10.9,1036.530,355.64,3.43,53,115,565
04/18/2017 05:34:18,139,10.9,1033.730,355.50,3.43,51,112,565
04/18/2017 05:34:28,145,10.9,1031.270,356.09,3.44,54,115,565
04/18/2017 05:34:38,155,10.9,1028.540,356.47,3.44,53,117,565
04/18/2017 05:34:48,163,10.9,1025.810,356.04,3.44,52,114,565
04/18/2017 05:34:58,171,10.8,1023.130,356.24,3.44,52,115,565
04/18/2017 05:35:08,153,10.8,1020.660,355.69,3.44,51,111,565
04/18/2017 05:35:18,154,10.8,1017.910,356.28,3.44,53,113,565
04/18/2017 05:35:28,155,10.9,1015.220,356.32,3.44,52,113,565
04/18/2017 05:35:38,152,10.9,1012.680,356.59,3.45,53,112,565
04/18/2017 05:35:48,160,10.9,1010.250,356.28,3.45,52,114,565
04/18/2017 05:35:58,155,10.9,1007.350,356.50,3.45,52,113,565
04/18/2017 05:36:08,153,10.9,1004.810,356.17,3.46,52,113,565
04/18/2017 05:36:18,162,10.9,1002.120,355.98,3.46,52,112,565
04/18/2017 05:36:28,166,10.8,999.440,355.89,3.45,52,112,565
04/18/2017 05:36:38,156,10.8,996.750,357.29,3.45,52,113,565
04/18/2017 05:36:48,138,10.8,994.160,356.76,3.45,50,113,565
04/18/2017 05:36:58,153,10.9,991.570,356.56,3.46,52,112,565
04/18/2017 05:37:08,151,10.8,988.970,356.47,3.47,53,112,565
04/18/2017 05:37:18,145,10.9,986.370,356.18,3.48,52,113,565
04/18/2017 05:37:28,148,10.9,983.680,355.82,3.47,53,116,565
04/18/2017 05:37:38,151,10.9,981.050,356.47,3.47,52,113,565
04/18/2017 05:37:48,144,10.8,978.380,355.95,3.48,51,114,565
04/18/2017 05:37:58,138,10.9,975.730,355.29,3.48,52,121,565
04/18/2017 05:38:08,140,10.9,972.970,355.71,3.48,52,113,565
04/18/2017 05:38:18,150,10.9,970.490,355.83,3.48,52,112,565
04/18/2017 05:38:28,156,10.8,967.700,355.53,3.49,51,112,565
04/18/2017 05:38:38,158,10.9,965.040,356.14,3.49,52,112,565
04/18/2017 05:38:48,154,10.9,962.410,356.84,3.49,53,116,565
04/18/2017 05:38:58,160,10.8,959.900,355.58,3.49,52,113,565
04/18/2017 05:39:08,157,10.8,957.140,356.56,3.49,52,113,565
04/18/2017 05:39:18,160,10.8,954.600,356.39,3.49,53,110,565
04/18/2017 05:39:28,152,10.9,951.960,355.80,3.49,53,113,565
04/18/2017 05:39:38,158,10.8,949.270,357.59,3.50,52,114,565
04/18/2017 05:39:48,161,10.9,946.640,355.84,3.49,53,112,565
04/18/2017 05:39:58,138,10.9,943.990,356.39,3.50,53,113,565
04/18/2017 05:40:08,140,10.9,941.340,355.93,3.49,52,112,565
04/18/2017 05:40:18,168,10.9,938.720,356.86,3.49,52,115,565
04/18/2017 05:40:28,164,10.9,936.080,356.77,3.48,53,115,565
04/18/2017 05:40:38,143,10.9,933.480,356.64,3.49,52,123,565
04/18/2017 05:40:48,130,10.9,930.810,356.09,3.49,54,114,565
04/18/2017 05:40:58,144,10.9,928.150,356.39,3.49,53,112,565
04/18/2017 05:41:08,160,10.9,925.550,356.68,3.49,53,114,565
04/18/2017 05:41:18,146,10.8,922.910,356.21,3.49,51,114,565
04/18/2017 05:41:28,147,10.9,920.320,357.29,3.49,52,114,565
04/18/2017 05:41:38,138,10.9,917.640,357.06,3.49,54,115,565
04/18/2017 05:41:48,155,10.8,914.940,357.16,3.49,51,114,565
04/18/2017 05:41:58,160,10.9,912.280,357.35,3.49,53,112,565
04/18/2017 05:42:08,151,10.9,909.640,356.37,3.49,53,115,565
04/18/2017 05:42:18,159,10.9,907.010,355.83,3.49,53,112,565
04/18/2017 05:42:28,145,10.9,904.340,358.00,3.49,52,114,565
04/18/2017 05:42:38,144,10.9,901.780,356.54,3.49,54,113,565
04/18/2017 05:42:48,140,10.9,899.050,356.61,3.49,51,114,565
04/18/2017 05:42:58,137,10.9,896.550,356.75,3.50,52,113,565
04/18/2017 05:43:08,152,10.9,893.880,356.90,3.50,53,114,565
04/18/2017 05:43:18,178,10.8,891.210,357.02,3.50,52,114,565
04/18/2017 05:43:28,151,10.9,888.490,357.22,3.50,53,113,565
04/18/2017 05:43:38,156,10.9,885.870,357.26,3.50,51,115,565
04/18/2017 05:43:48,156,10.9,883.250,357.81,3.50,53,113,565
04/18/2017 05:43:58,148,10.9,880.560,357.40,3.50,54,113,565
04/18/2017 05:44:08,141,10.9,878.040,357.09,3.50,54,119,565
04/18/2017 05:44:18,142,10.9,875.240,357.09,3.50,53,113,565
04/18/2017 05:44:28,144,10.9,872.710,357.48,3.50,53,113,565
04/18/2017 05:44:38,146,10.9,869.930,357.06,3.50,53,112,565
04/18/2017 05:44:48,155,10.9,867.300,357.87,3.50,54,113,565
04/18/2017 05:44:58,154,10.9,864.630,356.40,3.50,54,114,565
04/18/2017 05:45:08,134,10.9,862.130,358.06,3.50,53,115,565
04/18/2017 05:45:18,144,10.9,859.320,358.05,3.50,51,114,565
04/18/2017 05:45:28,144,10.9,856.830,357.96,3.50,54,114,565
04/18/2017 05:45:38,150,10.9,854.090,358.72,3.50,52,113,565
04/18/2017 05:45:48,153,10.9,851.400,358.23,3.50,52,114,565
04/18/2017 05:45:58,146,10.9,848.820,358.77,3.50,52,113,565
04/18/2017 05:46:08,144,10.9,846.140,358.13,3.50,52,113,565
04/18/2017 05:46:18,146,10.9,843.420,358.59,3.50,54,113,565
04/18/2017 05:46:28,157,10.9,840.750,358.40,3.50,52,115,565
04/18/2017 05:46:38,147,10.9,838.100,359.05,3.50,52,114,565
04/18/2017 05:46:48,161,10.8,835.480,358.84,3.50,54,118,565
04/18/2017 05:46:58,158,10.9,832.900,358.17,3.50,54,114,565
04/18/2017 05:47:08,137,10.9,830.300,359.15,3.50,52,113,565
04/18/2017 05:47:18,138,10.9,827.500,359.67,3.51,53,114,565
04/18/2017 05:47:28,143,10.9,824.990,358.63,3.51,53,114,565
04/18/2017 05:47:38,150,10.9,822.270,359.40,3.51,54,113,565
04/18/2017 05:47:48,141,10.9,819.580,358.78,3.51,53,113,565
04/18/2017 05:47:58,127,10.9,816.940,359.85,3.52,53,116,565
04/18/2017 05:48:08,137,10.9,814.250,359.70,3.52,53,115,565
04/18/2017 05:48:18,136,10.9,811.590,360.42,3.52,53,114,565
04/18/2017 05:48:28,143,10.9,809.070,360.29,3.53,54,116,565
04/18/2017 05:48:38,136,10.9,806.420,361.01,3.53,54,115,565
04/18/2017 05:48:48,147,10.9,803.680,361.14,3.53,51,115,565
04/18/2017 05:48:58,153,10.9,800.970,360.70,3.54,54,116,565
04/18/2017 05:49:08,141,10.9,798.370,360.69,3.53,54,115,565
04/18/2017 05:49:18,151,10.9,795.730,361.69,3.54,54,117,565
04/18/2017 05:49:28,154,10.8,793.130,361.77,3.54,55,116,565
04/18/2017 05:49:38,156,10.9,790.360,361.93,3.54,56,116,565
04/18/2017 05:49:48,161,10.9,787.760,362.28,3.55,55,115,565
04/18/2017 05:49:58,158,10.9,785.190,362.99,3.55,55,115,565
04/18/2017 05:50:08,155,10.9,782.420,362.03,3.55,55,121,565
04/18/2017 05:50:18,136,10.9,779.780,363.36,3.55,55,117,565
04/18/2017 05:50:28,143,10.9,777.160,363.44,3.55,54,117,565
04/18/2017 05:50:38,159,10.9,774.600,363.02,3.55,55,117,565
04/18/2017 05:50:48,135,10.9,771.910,363.68,3.56,57,120,565
04/18/2017 05:50:58,149,10.9,769.310,364.87,3.56,56,117,565
04/18/2017 05:51:08,150,10.9,766.600,365.22,3.56,56,118,565
04/18/2017 05:51:18,144,10.9,763.920,365.00,3.56,56,116,565
04/18/2017 05:51:28,152,10.9,761.270,365.85,3.56,55,118,565
04/18/2017 05:51:38,137,10.9,758.620,366.29,3.56,57,118,565
04/18/2017 05:51:48,147,10.9,756.020,365.64,3.56,58,117,565
04/18/2017 05:51:58,156,10.9,753.460,366.37,3.56,56,117,565
04/18/2017 05:52:08,144,10.9,750.660,366.70,3.57,58,118,565
04/18/2017 05:52:18,131,10.9,748.120,366.76,3.57,56,122,565
04/18/2017 05:52:28,146,10.9,745.480,366.09,3.57,57,118,565
04/18/2017 05:52:38,139,10.9,742.690,366.74,3.57,57,118,565
04/18/2017 05:52:48,150,10.9,740.060,366.44,3.57,56,116,565
04/18/2017 05:52:58,144,10.9,737.450,366.49,3.57,57,118,565
04/18/2017 05:53:08,153,10.9,734.980,366.65,3.56,56,117,565
04/18/2017 05:53:18,149,10.9,732.230,364.46,3.56,56,120,565
04/18/2017 05:53:28,144,10.9,729.470,365.86,3.56,55,117,565
04/18/2017 05:53:38,148,10.9,726.810,365.19,3.56,55,118,565
04/18/2017 05:53:48,153,10.9,724.320,365.59,3.57,57,117,565
04/18/2017 05:53:58,153,10.9,721.550,366.08,3.57,56,116,565
04/18/2017 05:54:08,141,10.9,718.840,367.55,3.57,57,117,565
04/18/2017 05:54:18,139,10.9,716.290,366.74,3.57,55,117,565
04/18/2017 05:54:28,145,10.9,713.670,366.93,3.57,56,116,565
04/18/2017 05:54:38,142,10.9,711.040,366.58,3.58,56,118,565
04/18/2017 05:54:48,143,10.9,708.380,367.32,3.58,56,118,565
04/18/2017 05:54:58,150,10.9,705.640,367.00,3.59,56,118,565
04/18/2017 05:55:08,154,10.9,703.060,367.98,3.59,56,117,564
04/18/2017 05:55:18,143,10.9,700.350,367.39,3.59,56,118,565
04/18/2017 05:55:28,148,10.9,697.770,367.88,3.59,56,118,565
04/18/2017 05:55:38,154,10.8,695.100,367.97,3.58,56,118,565
04/18/2017 05:55:48,149,10.9,692.420,368.14,3.58,56,117,565
04/18/2017 05:55:58,148,10.9,689.800,367.58,3.58,56,119,565
04/18/2017 05:56:08,152,10.9,687.210,367.72,3.58,56,120,565
04/18/2017 05:56:18,154,10.9,684.430,368.38,3.58,57,120,564
04/18/2017 05:56:28,150,10.9,681.800,368.28,3.58,57,119,565
04/18/2017 05:56:38,148,10.9,679.280,367.92,3.58,58,119,565
04/18/2017 05:56:48,149,10.9,676.570,367.16,3.58,58,118,565
04/18/2017 05:56:58,141,10.9,673.910,368.87,3.58,56,118,565
04/18/2017 05:57:08,144,10.9,671.250,369.14,3.58,57,118,565
04/18/2017 05:57:18,156,10.9,668.620,368.48,3.58,56,118,565
04/18/2017 05:57:28,144,10.9,666.000,368.13,3.58,56,117,565
04/18/2017 05:57:38,143,10.9,663.340,368.63,3.58,56,118,565
04/18/2017 05:57:48,148,10.9,660.620,367.95,3.58,57,117,564
04/18/2017 05:57:58,151,10.9,658.010,368.65,3.58,56,130,565
04/18/2017 05:58:08,139,10.9,655.440,368.41,3.58,56,117,564
04/18/2017 05:58:18,154,10.9,652.780,368.45,3.58,56,119,565
04/18/2017 05:58:28,152,10.9,650.060,368.41,3.58,55,119,564
04/18/2017 05:58:38,139,10.9,647.400,368.30,3.58,58,117,565
04/18/2017 05:58:48,142,10.9,644.720,367.97,3.58,58,117,565
04/18/2017 05:58:58,145,10.9,642.030,367.54,3.58,56,120,565
04/18/2017 05:59:08,151,10.9,639.510,367.10,3.58,57,118,564
04/18/2017 05:59:18,146,10.9,636.800,367.76,3.58,57,117,565
04/18/2017 05:59:28,150,10.9,634.130,368.07,3.58,54,120,565
04/18/2017 05:59:38,158,10.9,631.490,367.17,3.58,55,118,565
04/18/2017 05:59:48,153,10.9,628.870,367.99,3.58,58,117,565
04/18/2017 05:59:58,157,10.9,626.160,368.45,3.58,56,117,565
04/18/2017 06:00:08,144,10.9,623.640,367.48,3.58,57,117,564
04/18/2017 06:00:18,144,10.9,620.930,367.72,3.58,57,119,564
04/18/2017 06:00:28,141,10.9,618.380,368.35,3.58,56,117,564
04/18/2017 06:00:38,142,10.9,615.650,368.14,3.58,56,118,565
04/18/2017 06:00:48,152,10.9,612.990,368.60,3.58,56,118,565
04/18/2017 06:00:58,148,10.9,610.410,367.26,3.58,56,117,564
04/18/2017 06:01:08,153,10.9,607.670,368.20,3.58,56,119,565
04/18/2017 06:01:18,160,10.9,605.130,367.56,3.58,58,119,565
04/18/2017 06:01:28,151,10.9,602.350,368.83,3.58,56,118,565
04/18/2017 06:01:38,149,10.9,599.750,368.76,3.58,57,118,565
04/18/2017 06:01:48,147,10.9,597.230,367.86,3.58,57,118,565
04/18/2017 06:01:58,158,10.9,594.500,369.10,3.59,58,122,565
04/18/2017 06:02:08,156,10.9,591.880,368.59,3.59,59,118,565
04/18/2017 06:02:18,160,10.9,589.090,369.01,3.59,60,119,565
04/18/2017 06:02:28,152,10.9,586.590,367.80,3.59,58,120,565
04/18/2017 06:02:38,146,10.9,583.900,369.16,3.59,57,117,565
04/18/2017 06:02:48,151,10.9,581.210,369.76,3.59,58,118,564
04/18/2017 06:02:58,156,10.9,578.680,368.69,3.59,60,120,564
04/18/2017 06:03:08,150,10.9,576.020,368.95,3.59,58,119,565
04/18/2017 06:03:18,147,10.9,573.320,369.01,3.59,61,118,565
04/18/2017 06:03:28,158,10.9,570.670,369.46,3.59,58,119,565
04/18/2017 06:03:38,165,10.8,568.010,369.91,3.59,58,120,565
04/18/2017 06:03:48,144,10.9,565.440,369.67,3.59,60,119,565
04/18/2017 06:03:58,152,10.9,562.790,369.86,3.59,57,118,565
04/18/2017 06:04:08,166,10.8,560.060,369.61,3.59,59,121,565
04/18/2017 06:04:18,148,10.9,557.420,369.47,3.59,61,118,565
04/18/2017 06:04:28,148,10.9,554.760,370.92,3.60,60,119,564
04/18/2017 06:04:38,148,10.9,552.180,370.75,3.60,62,119,565
04/18/2017 06:04:48,154,10.9,549.530,370.72,3.60,62,120,565
04/18/2017 06:04:58,163,10.9,546.920,371.46,3.60,62,119,565
04/18/2017 06:05:08,153,10.9,544.190,371.74,3.60,61,120,564
04/18/2017 06:05:18,161,10.9,541.560,370.90,3.60,60,118,565
04/18/2017 06:05:28,150,10.9,538.890,370.28,3.60,60,122,565
04/18/2017 06:05:38,152,10.9,536.320,371.24,3.60,61,121,565
04/18/2017 06:05:48,138,10.9,533.580,370.33,3.60,60,122,565
04/18/2017 06:05:58,139,10.9,531.060,370.79,3.60,62,121,565
04/18/2017 06:06:08,145,10.9,528.340,370.66,3.60,64,120,565
04/18/2017 06:06:18,154,10.9,525.810,370.99,3.60,64,122,565
04/18/2017 06:06:28,140,10.9,522.980,371.58,3.60,60,120,564
04/18/2017 06:06:38,155,10.9,520.440,370.28,3.60,62,119,565
04/18/2017 06:06:48,149,10.9,517.750,371.07,3.60,63,119,565
04/18/2017 06:06:58,147,10.9,515.240,371.96,3.61,66,122,565
04/18/2017 06:07:08,167,10.9,512.470,372.28,3.61,66,122,565
04/18/2017 06:07:18,148,10.9,509.940,371.68,3.61,63,119,565
04/18/2017 06:07:28,156,10.9,507.160,371.05,3.61,61,120,565
04/18/2017 06:07:38,159,10.9,504.630,371.09,3.61,61,121,565
04/18/2017 06:07:48,152,10.9,501.960,370.21,3.62,60,118,565
04/18/2017 06:07:58,142,10.9,499.250,369.45,3.62,61,118,565
04/18/2017 06:08:08,142,10.9,496.580,369.06,3.62,59,118,565
04/18/2017 06:08:18,143,10.9,493.940,369.12,3.62,64,123,564
04/18/2017 06:08:28,152,10.9,491.280,370.83,3.62,63,120,565
04/18/2017 06:08:38,144,10.9,488.760,371.36,3.62,64,121,564
04/18/2017 06:08:48,146,10.9,486.090,370.86,3.62,67,122,565
04/18/2017 06:08:58,146,10.9,483.430,372.38,3.62,67,123,565
04/18/2017 06:09:08,152,10.9,480.780,374.04,3.62,66,122,564
04/18/2017 06:09:18,168,10.9,478.180,373.27,3.62,66,121,564
04/18/2017 06:09:28,148,10.9,475.600,373.94,3.62,66,122,564
04/18/2017 06:09:38,145,10.9,472.950,373.05,3.62,65,121,565
04/18/2017 06:09:48,149,10.9,470.270,373.59,3.62,68,124,564
04/18/2017 06:09:58,145,10.9,467.540,372.91,3.63,67,122,565
04/18/2017 06:10:08,144,10.9,464.910,373.12,3.62,66,122,565
04/18/2017 06:10:18,144,10.9,462.420,374.59,3.63,67,124,565
04/18/2017 06:10:28,150,10.9,459.740,372.90,3.63,66,120,565
04/18/2017 06:10:38,154,10.9,456.980,373.46,3.63,67,122,565
04/18/2017 06:10:48,160,10.9,454.320,372.09,3.64,65,119,565
04/18/2017 06:10:58,159,10.9,451.850,373.48,3.64,64,122,564
04/18/2017 06:11:08,157,10.9,449.070,372.48,3.64,63,139,564
04/18/2017 06:11:18,146,10.9,446.470,372.29,3.64,64,120,565
04/18/2017 06:11:28,147,10.9,443.960,370.72,3.64,59,118,565
04/18/2017 06:11:38,148,10.9,441.150,370.43,3.64,58,122,565
04/18/2017 06:11:48,149,10.9,438.590,369.35,3.64,57,118,565
04/18/2017 06:11:58,149,10.9,436.000,368.51,3.64,59,120,564
04/18/2017 06:12:08,163,10.9,433.260,369.04,3.64,58,117,564
04/18/2017 06:12:18,155,10.9,430.640,368.72,3.65,58,119,565
04/18/2017 06:12:28,152,10.9,428.010,367.94,3.65,58,121,565
04/18/2017 06:12:38,157,10.9,425.380,368.38,3.65,57,127,565
04/18/2017 06:12:48,159,10.9,422.800,369.33,3.65,59,119,565
04/18/2017 06:12:58,146,10.9,420.060,369.05,3.65,57,117,565
04/18/2017 06:13:08,145,10.9,417.520,368.22,3.65,57,119,565
04/18/2017 06:13:18,143,10.9,414.740,367.91,3.65,57,117,565
04/18/2017 06:13:28,165,10.9,412.150,369.59,3.66,60,120,565
04/18/2017 06:13:38,162,10.9,409.580,369.63,3.66,60,120,564
04/18/2017 06:13:48,158,10.9,406.940,370.09,3.66,61,118,564
04/18/2017 06:13:58,163,10.8,404.260,370.41,3.66,62,120,564
04/18/2017 06:14:08,157,10.9,401.700,370.84,3.66,60,119,564
04/18/2017 06:14:18,152,10.9,398.940,370.41,3.65,62,119,564
04/18/2017 06:14:28,158,10.9,396.320,371.05,3.66,63,120,564
04/18/2017 06:14:38,162,10.9,393.800,371.46,3.66,65,121,564
04/18/2017 06:14:48,157,10.9,391.090,373.14,3.67,65,121,564
04/18/2017 06:14:58,161,10.8,388.540,373.17,3.67,65,122,564
04/18/2017 06:15:08,173,10.8,385.900,372.54,3.67,66,120,564
04/18/2017 06:15:18,155,10.9,383.150,372.86,3.67,66,121,564
04/18/2017 06:15:28,152,10.9,380.500,372.77,3.67,64,121,565
04/18/2017 06:15:38,159,10.9,377.980,373.94,3.67,64,121,564
04/18/2017 06:15:48,151,10.9,375.330,373.80,3.67,66,122,564
04/18/2017 06:15:58,149,10.9,372.740,374.33,3.67,64,121,564
04/18/2017 06:16:08,157,10.9,370.060,373.85,3.67,66,122,565
04/18/2017 06:16:18,150,10.9,367.430,373.29,3.67,63,120,565
04/18/2017 06:16:28,170,10.9,364.790,374.04,3.67,63,122,565
04/18/2017 06:16:38,158,10.9,362.200,373.23,3.68,64,119,565
04/18/2017 06:16:48,145,10.9,359.600,373.42,3.69,65,120,564
04/18/2017 06:16:58,158,10.8,356.910,373.20,3.69,65,123,564
04/18/2017 06:17:08,168,10.9,354.330,372.85,3.69,64,120,565
04/18/2017 06:17:18,154,10.8,351.690,373.87,3.69,63,124,564
04/18/2017 06:17:28,157,10.9,349.030,373.87,3.69,63,118,565
04/18/2017 06:17:38,166,10.9,346.280,373.47,3.69,62,120,564
04/18/2017 06:17:48,169,10.9,343.700,372.69,3.69,64,122,564
04/18/2017 06:17:58,167,10.9,341.090,373.56,3.70,66,121,565
04/18/2017 06:18:08,159,10.9,338.420,372.86,3.70,66,121,564
04/18/2017 06:18:18,147,10.9,335.900,373.25,3.70,64,122,565
04/18/2017 06:18:28,160,10.9,333.140,374.10,3.70,63,120,564
04/18/2017 06:18:38,163,10.8,330.580,374.12,3.70,66,125,564
04/18/2017 06:18:48,143,10.9,327.950,373.85,3.71,67,122,565
04/18/2017 06:18:58,148,10.9,325.260,374.23,3.71,66,124,565
04/18/2017 06:19:08,166,10.9,322.710,374.90,3.70,61,121,564
04/18/2017 06:19:18,167,10.9,319.970,372.71,3.70,60,117,564
04/18/2017 06:19:28,159,10.9,317.430,372.34,3.70,59,118,565
04/18/2017 06:19:38,156,10.9,314.860,371.30,3.70,57,121,564
04/18/2017 06:19:48,149,10.9,312.160,370.29,3.69,55,116,564
04/18/2017 06:19:58,154,10.8,309.560,369.61,3.69,56,118,565
04/18/2017 06:20:08,148,10.9,306.890,369.16,3.69,57,120,564
04/18/2017 06:20:18,151,10.9,304.180,368.30,3.69,58,119,564
04/18/2017 06:20:28,146,10.9,301.600,369.05,3.70,61,122,565
04/18/2017 06:20:38,162,10.9,298.950,370.19,3.70,65,123,565
04/18/2017 06:20:48,152,10.9,296.400,371.08,3.71,63,121,564
04/18/2017 06:20:58,152,10.9,293.830,372.36,3.71,64,122,565
04/18/2017 06:21:08,150,10.9,291.170,371.91,3.72,65,121,565
04/18/2017 06:21:18,154,10.9,288.600,373.14,3.72,62,119,564
04/18/2017 06:21:28,157,10.8,285.890,371.57,3.72,63,124,564
04/18/2017 06:21:38,164,10.9,283.160,372.26,3.72,58,119,564
04/18/2017 06:21:48,167,10.9,280.640,371.45,3.72,60,120,564
04/18/2017 06:21:58,166,10.8,277.950,370.12,3.72,60,120,564
04/18/2017 06:22:08,163,10.9,275.390,370.40,3.72,58,121,565
04/18/2017 06:22:18,147,10.9,272.760,370.21,3.71,62,121,564
04/18/2017 06:22:28,153,10.9,270.070,371.08,3.72,62,120,565
04/18/2017 06:22:38,153,10.9,267.540,371.27,3.72,63,121,564
04/18/2017 06:22:48,146,10.9,264.810,371.66,3.72,66,122,565
04/18/2017 06:22:58,149,10.9,262.240,372.54,3.73,71,126,564
04/18/2017 06:23:08,146,10.9,259.670,373.32,3.73,71,126,564
04/18/2017 06:23:18,159,10.9,257.030,373.49,3.73,78,125,565
04/18/2017 06:23:28,146,10.9,254.350,375.90,3.72,77,129,564
04/18/2017 06:23:38,165,10.8,251.650,376.68,3.71,88,130,564
04/18/2017 06:23:48,166,10.9,249.050,376.87,3.71,82,130,564
04/18/2017 06:23:58,154,10.9,246.420,376.50,3.71,84,129,564
04/18/2017 06:24:08,169,10.9,243.870,377.51,3.71,84,129,565
04/18/2017 06:24:18,153,10.9,241.120,378.12,3.71,84,129,564
04/18/2017 06:24:28,176,10.9,238.530,378.61,3.70,86,129,564
04/18/2017 06:24:38,160,10.8,235.980,378.78,3.70,85,130,564
04/18/2017 06:24:48,161,10.9,233.290,378.44,3.70,82,168,565
04/18/2017 06:24:58,169,10.9,230.790,378.87,3.70,84,130,564
04/18/2017 06:25:08,179,10.9,228.130,378.57,3.69,85,129,564
04/18/2017 06:25:18,169,10.9,225.480,378.70,3.69,86,129,565
04/18/2017 06:25:28,171,10.8,222.870,379.07,3.69,85,130,565
04/18/2017 06:25:38,172,10.8,220.250,379.35,3.69,85,129,564
04/18/2017 06:25:48,177,10.8,217.690,379.35,3.69,84,130,564
04/18/2017 06:25:58,186,10.8,215.110,379.24,3.69,85,131,565
04/18/2017 06:26:08,170,10.8,212.630,379.39,3.70,87,138,564
04/18/2017 06:26:18,199,10.8,210.010,380.04,3.72,89,131,565
04/18/2017 06:26:28,176,10.8,207.410,379.25,3.73,89,133,565
04/18/2017 06:26:38,185,10.8,204.720,379.71,3.74,92,139,564
04/18/2017 06:26:48,176,10.8,202.170,378.98,3.77,96,135,564
04/18/2017 06:26:58,191,10.8,199.690,378.34,3.77,97,136,564
04/18/2017 06:27:08,206,10.8,196.990,377.66,3.81,102,136,564
04/18/2017 06:27:18,204,10.8,194.350,378.48,3.82,104,140,564
04/18/2017 06:27:28,193,10.8,191.940,378.81,3.82,108,138,564
04/18/2017 06:27:38,201,10.8,189.360,379.75,3.84,110,145,565
04/18/2017 06:27:48,197,10.8,186.770,379.67,3.85,111,141,564
04/18/2017 06:27:58,203,10.8,184.210,379.76,3.85,113,141,564
04/18/2017 06:28:08,187,10.8,181.600,380.71,3.85,111,141,564
04/18/2017 06:28:18,206,10.8,179.010,380.56,3.86,114,141,564
04/18/2017 06:28:28,390,10.7,177.760,381.23,3.86,127,142,564
04/18/2017 06:28:38,407,10.7,177.750,379.03,3.86,128,140,564
04/18/2017 06:28:48,443,10.5,177.610,379.59,3.86,128,141,565
04/18/2017 06:28:58,441,10.7,177.790,379.95,3.86,131,153,564
04/18/2017 06:29:08,438,10.6,177.750,379.75,3.86,130,142,564
04/18/2017 06:29:18,435,10.5,177.760,380.19,3.86,126,140,564
04/18/2017 06:29:28,453,10.5,177.710,380.14,3.86,131,140,564

 Ramp exit:    SMOOTH RUNNING
 Profile exit: TOP PRESSURE

 Vehicle motion stopped at 04/18/2017 06:29:33
 Sensor logging stopped at 04/18/2017 06:31:42
