
 Profile 318

 Sensors were turned on at  04/02/2017 08:00:02
 Vehicle began profiling at 04/02/2017 08:02:03

Date,[mA],[V],[dbar],Oxygen[uM],Optode Temp[C],Chl,NTU,Therm
04/02/2017 08:02:03,0,11.0,0.000,0.00,0.00,87,125,567
04/02/2017 08:02:13,195,10.8,0.000,0.00,0.00,80,124,567
04/02/2017 08:02:23,196,10.8,0.000,0.00,0.00,79,124,567
04/02/2017 08:02:36,291,10.7,181.610,379.13,3.79,78,122,567
04/02/2017 08:02:46,163,10.9,184.480,379.01,3.79,79,126,567
04/02/2017 08:02:56,134,10.9,187.250,378.61,3.79,79,122,567
04/02/2017 08:03:06,123,11.0,189.950,378.03,3.79,77,125,566
04/02/2017 08:03:16,114,11.0,192.650,378.12,3.79,77,123,566
04/02/2017 08:03:26,181,10.9,195.360,377.49,3.78,75,121,566
04/02/2017 08:03:36,126,10.9,198.040,378.06,3.77,75,123,566
04/02/2017 08:03:46,117,10.9,200.760,377.34,3.77,76,122,566
04/02/2017 08:03:56,138,10.9,203.470,378.68,3.77,77,123,566
04/02/2017 08:04:06,134,10.9,206.090,377.85,3.77,79,124,566
04/02/2017 08:04:16,113,10.9,208.870,377.36,3.77,79,123,566
04/02/2017 08:04:26,129,10.9,211.490,378.49,3.77,81,122,566
04/02/2017 08:04:36,153,10.9,214.260,378.04,3.77,83,124,566
04/02/2017 08:04:46,139,10.9,216.930,378.77,3.77,83,124,566
04/02/2017 08:04:56,125,10.9,219.740,378.55,3.77,83,125,566
04/02/2017 08:05:06,130,10.9,222.310,377.95,3.77,78,123,566
04/02/2017 08:05:16,133,10.9,225.010,378.55,3.76,80,123,566
04/02/2017 08:05:26,129,10.9,227.760,378.28,3.76,79,122,566
04/02/2017 08:05:36,132,10.9,230.410,379.03,3.76,80,123,566
04/02/2017 08:05:46,138,10.9,233.190,378.23,3.76,79,123,565
04/02/2017 08:05:56,115,10.9,235.870,378.91,3.76,79,122,565
04/02/2017 08:06:06,131,10.9,238.630,378.23,3.76,77,124,565
04/02/2017 08:06:16,144,10.9,241.270,378.49,3.76,74,123,565
04/02/2017 08:06:26,139,10.9,244.020,376.62,3.76,73,120,565
04/02/2017 08:06:36,137,10.9,246.550,377.64,3.76,75,121,565
04/02/2017 08:06:46,131,10.9,249.400,377.26,3.76,72,121,565
04/02/2017 08:06:56,131,10.9,252.000,377.56,3.75,75,119,565
04/02/2017 08:07:06,146,10.9,254.820,377.15,3.74,78,123,565
04/02/2017 08:07:16,161,10.9,257.400,378.39,3.74,79,124,565
04/02/2017 08:07:26,135,10.9,260.070,378.34,3.74,78,124,565
04/02/2017 08:07:36,132,10.9,262.830,379.40,3.73,81,124,565
04/02/2017 08:07:46,140,10.9,265.570,380.54,3.73,77,123,565
04/02/2017 08:07:56,141,10.9,268.130,379.10,3.73,83,124,565
04/02/2017 08:08:06,138,10.9,270.860,380.16,3.72,84,123,565
04/02/2017 08:08:16,149,10.8,273.650,380.37,3.72,85,125,565
04/02/2017 08:08:26,129,10.9,276.170,381.38,3.72,83,124,565
04/02/2017 08:08:36,129,10.9,278.980,380.11,3.72,81,123,565
04/02/2017 08:08:46,149,10.8,281.580,380.02,3.71,79,124,565
04/02/2017 08:08:56,130,10.9,284.360,380.14,3.71,80,124,565
04/02/2017 08:09:06,141,10.9,286.960,380.96,3.72,82,125,565
04/02/2017 08:09:16,133,10.9,289.740,379.57,3.72,80,123,565
04/02/2017 08:09:26,145,10.9,292.320,379.55,3.72,78,123,565
04/02/2017 08:09:36,131,10.9,295.090,379.90,3.71,80,123,565
04/02/2017 08:09:46,143,10.8,297.720,378.40,3.71,76,122,565
04/02/2017 08:09:56,153,10.9,300.360,378.82,3.71,78,122,565
04/02/2017 08:10:06,156,10.8,303.050,379.02,3.72,80,124,565
04/02/2017 08:10:16,121,10.9,305.740,378.83,3.72,80,124,565
04/02/2017 08:10:26,132,10.9,308.480,380.42,3.72,80,123,565
04/02/2017 08:10:36,118,10.9,311.160,379.74,3.72,80,125,565
04/02/2017 08:10:46,142,10.9,313.770,380.48,3.72,79,123,565
04/02/2017 08:10:56,127,10.9,316.420,379.90,3.72,78,124,565
04/02/2017 08:11:06,136,10.9,319.220,380.20,3.72,81,123,565
04/02/2017 08:11:16,125,10.9,321.920,379.91,3.72,80,121,565
04/02/2017 08:11:26,145,10.8,324.630,379.14,3.71,79,125,565
04/02/2017 08:11:36,137,10.9,327.310,379.27,3.72,78,125,565
04/02/2017 08:11:46,136,10.9,329.950,378.53,3.72,78,125,565
04/02/2017 08:11:56,116,10.9,332.660,379.37,3.72,80,125,565
04/02/2017 08:12:06,117,10.9,335.300,380.44,3.72,85,125,565
04/02/2017 08:12:16,151,10.8,338.070,380.68,3.72,86,123,565
04/02/2017 08:12:26,136,10.9,340.590,380.71,3.72,86,126,565
04/02/2017 08:12:36,140,10.9,343.490,380.75,3.71,88,126,565
04/02/2017 08:12:46,140,10.9,346.010,380.78,3.71,90,124,565
04/02/2017 08:12:56,133,10.9,348.740,382.07,3.70,95,126,565
04/02/2017 08:13:06,136,10.9,351.420,381.56,3.70,91,128,565
04/02/2017 08:13:16,128,10.9,354.080,381.00,3.70,92,127,565
04/02/2017 08:13:26,148,10.8,356.830,381.60,3.69,94,127,565
04/02/2017 08:13:36,138,10.9,359.480,382.31,3.69,92,126,565
04/02/2017 08:13:46,107,10.9,362.200,381.61,3.69,93,131,565
04/02/2017 08:13:56,135,10.9,364.870,382.07,3.69,93,125,565
04/02/2017 08:14:06,149,10.8,367.480,383.32,3.69,91,126,565
04/02/2017 08:14:16,139,10.9,370.310,382.33,3.69,91,126,565
04/02/2017 08:14:26,126,10.9,372.900,381.67,3.68,92,125,565
04/02/2017 08:14:36,130,10.9,375.560,381.76,3.68,90,126,565
04/02/2017 08:14:46,138,10.8,378.390,381.98,3.68,93,127,565
04/02/2017 08:14:56,132,10.9,380.940,381.76,3.68,90,126,565
04/02/2017 08:15:06,128,10.9,383.730,381.91,3.68,92,126,565
04/02/2017 08:15:16,146,10.8,386.320,381.84,3.68,91,125,565
04/02/2017 08:15:26,141,10.9,389.090,380.65,3.69,89,127,565
04/02/2017 08:15:36,135,10.9,391.800,380.98,3.68,86,126,565
04/02/2017 08:15:46,137,10.9,394.450,381.57,3.68,87,124,565
04/02/2017 08:15:56,133,10.9,397.110,381.57,3.68,86,128,564
04/02/2017 08:16:06,136,10.9,399.800,381.50,3.68,86,125,565
04/02/2017 08:16:16,147,10.8,402.560,380.73,3.68,83,125,565
04/02/2017 08:16:26,133,10.9,405.250,380.73,3.69,84,124,565
04/02/2017 08:16:36,145,10.9,407.780,380.74,3.69,84,123,565
04/02/2017 08:16:46,145,10.8,410.510,380.57,3.69,82,128,564
04/02/2017 08:16:56,135,10.9,413.310,381.14,3.69,85,124,565
04/02/2017 08:17:06,141,10.9,416.000,380.81,3.68,86,124,565
04/02/2017 08:17:16,129,10.9,418.700,381.22,3.68,86,124,565
04/02/2017 08:17:26,147,10.9,421.320,381.16,3.68,86,125,565
04/02/2017 08:17:36,122,10.9,424.050,380.92,3.68,88,124,564
04/02/2017 08:17:46,124,10.9,426.700,381.07,3.68,86,126,564
04/02/2017 08:17:56,147,10.8,429.430,380.17,3.68,88,124,565
04/02/2017 08:18:06,148,10.8,432.090,380.20,3.68,87,126,564
04/02/2017 08:18:16,127,10.9,434.730,380.33,3.68,84,125,565
04/02/2017 08:18:26,115,10.9,437.300,380.52,3.68,84,124,565
04/02/2017 08:18:36,149,10.9,440.130,380.49,3.68,87,126,564
04/02/2017 08:18:46,146,10.9,442.860,380.49,3.68,88,123,565
04/02/2017 08:18:56,138,10.9,445.540,379.85,3.68,86,124,564
04/02/2017 08:19:06,140,10.9,448.220,380.04,3.68,86,126,564
04/02/2017 08:19:16,142,10.9,450.760,380.23,3.68,86,125,564
04/02/2017 08:19:26,130,10.9,453.550,379.96,3.68,86,126,565
04/02/2017 08:19:36,160,10.8,456.110,380.90,3.69,82,124,565
04/02/2017 08:19:46,151,10.9,458.750,379.66,3.69,82,123,565
04/02/2017 08:19:56,146,10.9,461.420,379.52,3.69,81,128,565
04/02/2017 08:20:06,141,10.8,464.160,379.36,3.69,81,123,565
04/02/2017 08:20:16,140,10.9,466.850,379.70,3.69,81,124,565
04/02/2017 08:20:26,138,10.9,469.450,380.09,3.69,80,125,564
04/02/2017 08:20:36,144,10.9,472.150,378.52,3.69,80,125,564
04/02/2017 08:20:46,144,10.8,474.920,378.86,3.69,80,124,564
04/02/2017 08:20:56,147,10.8,477.630,379.36,3.69,80,124,564
04/02/2017 08:21:06,148,10.9,480.200,378.27,3.69,82,125,565
04/02/2017 08:21:16,143,10.9,482.870,378.94,3.69,82,123,564
04/02/2017 08:21:26,142,10.9,485.610,378.67,3.69,80,125,564
04/02/2017 08:21:36,137,10.9,488.360,378.58,3.69,80,123,565
04/02/2017 08:21:46,140,10.9,491.030,378.68,3.70,81,124,565
04/02/2017 08:21:56,144,10.9,493.600,379.13,3.70,80,124,565
04/02/2017 08:22:06,150,10.9,496.230,379.72,3.70,80,123,564
04/02/2017 08:22:16,133,10.9,498.980,378.38,3.70,79,122,564
04/02/2017 08:22:26,136,10.9,501.710,378.07,3.70,78,125,564
04/02/2017 08:22:36,145,10.9,504.210,378.23,3.71,77,124,564
04/02/2017 08:22:46,146,10.8,507.040,377.76,3.71,78,121,564
04/02/2017 08:22:56,150,10.8,509.530,378.23,3.71,77,123,564
04/02/2017 08:23:06,136,10.9,512.220,377.63,3.71,75,124,565
04/02/2017 08:23:16,131,10.9,514.940,377.27,3.71,76,123,564
04/02/2017 08:23:26,137,10.9,517.590,377.64,3.71,75,124,565
04/02/2017 08:23:36,153,10.9,520.340,377.28,3.71,75,124,564
04/02/2017 08:23:46,150,10.8,522.980,377.50,3.71,75,123,564
04/02/2017 08:23:56,139,10.9,525.600,377.98,3.71,76,124,564
04/02/2017 08:24:06,135,10.9,528.180,377.27,3.71,74,122,564
04/02/2017 08:24:16,146,10.9,531.000,377.77,3.71,74,123,564
04/02/2017 08:24:26,149,10.9,533.720,377.37,3.71,76,123,565
04/02/2017 08:24:36,142,10.9,536.270,378.19,3.71,73,124,565
04/02/2017 08:24:46,141,10.9,538.880,375.98,3.71,71,123,565
04/02/2017 08:24:56,130,10.9,541.630,376.87,3.71,71,125,564
04/02/2017 08:25:06,131,10.9,544.370,376.25,3.71,74,121,564
04/02/2017 08:25:16,143,10.9,547.000,376.77,3.71,74,123,564
04/02/2017 08:25:26,144,10.9,549.670,376.14,3.71,72,123,564
04/02/2017 08:25:36,135,10.9,552.260,376.70,3.71,73,124,564
04/02/2017 08:25:46,152,10.9,554.970,377.23,3.71,72,124,565
04/02/2017 08:25:56,131,10.9,557.660,376.41,3.70,72,122,565
04/02/2017 08:26:06,127,10.9,560.230,375.19,3.69,71,122,565
04/02/2017 08:26:16,151,10.8,562.990,376.25,3.70,69,122,564
04/02/2017 08:26:26,139,10.9,565.570,376.79,3.69,68,121,564
04/02/2017 08:26:36,143,10.9,568.340,375.53,3.69,72,124,564
04/02/2017 08:26:46,145,10.8,570.910,375.61,3.70,73,122,564
04/02/2017 08:26:56,146,10.8,573.630,376.98,3.70,73,124,564
04/02/2017 08:27:06,139,10.9,576.360,376.47,3.70,75,123,564
04/02/2017 08:27:16,146,10.8,578.990,375.90,3.71,73,125,564
04/02/2017 08:27:26,142,10.9,581.650,377.02,3.71,73,122,564
04/02/2017 08:27:36,134,10.9,584.390,377.01,3.71,73,122,565
04/02/2017 08:27:46,139,10.9,586.950,376.73,3.70,74,128,565
04/02/2017 08:27:56,153,10.9,589.610,375.98,3.70,73,122,564
04/02/2017 08:28:06,161,10.8,592.340,376.02,3.70,72,121,564
04/02/2017 08:28:16,146,10.8,594.880,375.55,3.70,71,122,564
04/02/2017 08:28:26,144,10.9,597.660,375.67,3.70,72,122,564
04/02/2017 08:28:36,160,10.9,600.260,376.08,3.69,71,122,564
04/02/2017 08:28:46,153,10.9,602.980,375.95,3.70,70,124,564
04/02/2017 08:28:56,146,10.9,605.480,375.52,3.69,72,121,564
04/02/2017 08:29:06,145,10.8,608.320,375.52,3.70,72,124,564
04/02/2017 08:29:16,160,10.8,610.850,375.91,3.69,72,126,565
04/02/2017 08:29:26,163,10.8,613.570,376.57,3.69,69,122,564
04/02/2017 08:29:36,150,10.9,616.190,374.68,3.69,71,121,564
04/02/2017 08:29:46,150,10.9,618.920,374.88,3.69,69,124,564
04/02/2017 08:29:56,152,10.8,621.600,375.68,3.69,71,123,564
04/02/2017 08:30:06,141,10.9,624.160,375.45,3.69,72,122,565
04/02/2017 08:30:16,132,10.9,626.920,375.04,3.68,71,122,565
04/02/2017 08:30:26,158,10.8,629.620,375.09,3.68,71,124,564
04/02/2017 08:30:36,161,10.8,632.200,375.16,3.68,69,123,565
04/02/2017 08:30:46,152,10.9,634.780,375.20,3.68,70,121,564
04/02/2017 08:30:56,151,10.9,637.490,373.81,3.68,70,123,564
04/02/2017 08:31:06,146,10.9,640.270,374.94,3.68,69,121,565
04/02/2017 08:31:16,152,10.9,642.820,374.16,3.68,68,122,564
04/02/2017 08:31:26,147,10.8,645.610,374.39,3.68,69,121,564
04/02/2017 08:31:36,154,10.9,648.170,374.47,3.67,70,123,564
04/02/2017 08:31:46,159,10.9,650.900,373.87,3.68,69,122,564
04/02/2017 08:31:56,144,10.9,653.500,374.01,3.67,68,122,564
04/02/2017 08:32:06,160,10.8,656.230,374.37,3.67,68,125,564
04/02/2017 08:32:16,146,10.9,658.850,373.41,3.67,68,121,564
04/02/2017 08:32:26,137,10.9,661.450,374.00,3.68,69,122,564
04/02/2017 08:32:36,141,10.9,664.150,374.30,3.67,67,121,564
04/02/2017 08:32:46,136,10.9,666.850,374.04,3.67,67,121,564
04/02/2017 08:32:56,159,10.9,669.490,373.32,3.67,66,122,564
04/02/2017 08:33:06,155,10.9,672.230,372.97,3.66,68,121,564
04/02/2017 08:33:16,144,10.9,674.790,372.97,3.67,68,123,564
04/02/2017 08:33:26,152,10.8,677.470,372.86,3.67,66,124,564
04/02/2017 08:33:36,165,10.9,680.180,373.75,3.66,66,121,565
04/02/2017 08:33:46,146,10.9,682.740,373.47,3.67,67,121,564
04/02/2017 08:33:56,135,10.9,685.450,374.22,3.67,70,122,564
04/02/2017 08:34:06,161,10.8,688.180,373.44,3.67,66,126,564
04/02/2017 08:34:16,156,10.9,690.800,374.39,3.66,67,121,564
04/02/2017 08:34:26,148,10.9,693.490,373.42,3.66,67,122,564
04/02/2017 08:34:36,139,10.9,696.150,373.59,3.66,68,121,564
04/02/2017 08:34:46,136,10.9,698.640,374.11,3.65,69,121,565
04/02/2017 08:34:56,139,10.9,701.340,372.90,3.65,67,121,564
04/02/2017 08:35:06,147,10.9,703.980,372.63,3.65,68,122,564
04/02/2017 08:35:16,160,10.8,706.650,372.74,3.65,69,122,564
04/02/2017 08:35:26,149,10.9,709.240,372.79,3.65,68,120,564
04/02/2017 08:35:36,157,10.9,712.030,373.55,3.64,62,121,565
04/02/2017 08:35:46,154,10.9,714.710,370.84,3.64,64,120,564
04/02/2017 08:35:56,162,10.8,717.320,371.02,3.63,61,117,564
04/02/2017 08:36:06,162,10.8,719.850,370.87,3.62,63,121,564
04/02/2017 08:36:16,147,10.9,722.570,370.56,3.63,64,119,564
04/02/2017 08:36:26,155,10.9,725.300,370.17,3.62,61,118,564
04/02/2017 08:36:36,156,10.9,727.940,369.50,3.62,63,119,565
04/02/2017 08:36:46,156,10.8,730.450,369.55,3.63,63,121,564
04/02/2017 08:36:56,138,10.9,733.080,369.95,3.63,65,121,564
04/02/2017 08:37:06,138,10.9,735.760,369.93,3.63,65,120,565
04/02/2017 08:37:16,166,10.8,738.460,370.09,3.63,64,119,564
04/02/2017 08:37:26,153,10.9,741.120,369.86,3.63,64,119,564
04/02/2017 08:37:36,148,10.9,743.750,370.34,3.62,61,119,564
04/02/2017 08:37:46,142,10.9,746.480,369.43,3.63,65,120,564
04/02/2017 08:37:56,161,10.9,749.080,370.44,3.63,61,119,564
04/02/2017 08:38:06,163,10.9,751.740,369.35,3.62,60,118,564
04/02/2017 08:38:16,153,10.9,754.420,368.79,3.60,56,115,564
04/02/2017 08:38:26,162,10.8,757.070,366.11,3.59,54,115,564
04/02/2017 08:38:36,149,10.8,759.750,366.62,3.60,54,114,564
04/02/2017 08:38:46,151,10.9,762.400,364.88,3.59,54,120,564
04/02/2017 08:38:56,145,10.9,765.020,363.71,3.59,55,116,564
04/02/2017 08:39:06,144,10.9,767.650,363.88,3.59,53,114,564
04/02/2017 08:39:16,149,10.9,770.280,363.46,3.59,53,115,564
04/02/2017 08:39:26,158,10.9,772.980,362.76,3.58,53,119,564
04/02/2017 08:39:36,159,10.9,775.680,362.63,3.59,55,115,564
04/02/2017 08:39:46,148,10.9,778.210,363.34,3.59,55,115,564
04/02/2017 08:39:56,150,10.9,780.860,363.50,3.59,54,116,564
04/02/2017 08:40:06,155,10.8,783.540,363.59,3.58,54,115,564
04/02/2017 08:40:16,153,10.9,786.210,361.68,3.58,53,116,564
04/02/2017 08:40:26,148,10.9,788.920,362.85,3.58,52,114,564
04/02/2017 08:40:36,156,10.9,791.550,362.25,3.57,53,115,564
04/02/2017 08:40:46,153,10.9,794.200,363.07,3.57,52,112,564
04/02/2017 08:40:56,156,10.9,796.810,361.07,3.57,51,113,564
04/02/2017 08:41:06,146,10.9,799.450,360.55,3.57,54,115,565
04/02/2017 08:41:16,147,10.9,802.240,361.25,3.57,52,113,564
04/02/2017 08:41:26,142,10.9,804.830,361.44,3.57,52,114,564
04/02/2017 08:41:36,153,10.8,807.500,361.53,3.56,52,113,564
04/02/2017 08:41:46,148,10.9,810.240,361.27,3.56,52,114,564
04/02/2017 08:41:56,152,10.9,812.840,361.03,3.56,53,126,564
04/02/2017 08:42:06,156,10.9,815.500,360.90,3.56,54,116,565
04/02/2017 08:42:16,150,10.9,818.080,361.27,3.56,53,115,564
04/02/2017 08:42:26,146,10.9,820.710,361.33,3.56,53,113,565
04/02/2017 08:42:36,152,10.9,823.360,360.67,3.56,53,144,565
04/02/2017 08:42:46,158,10.9,826.000,359.97,3.56,51,112,564
04/02/2017 08:42:56,161,10.8,828.630,360.29,3.56,52,115,565
04/02/2017 08:43:06,158,10.8,831.270,360.37,3.56,51,114,564
04/02/2017 08:43:16,143,10.9,834.010,360.48,3.55,52,113,565
04/02/2017 08:43:26,143,10.9,836.530,360.67,3.55,52,113,564
04/02/2017 08:43:36,147,10.9,839.230,361.10,3.55,52,114,564
04/02/2017 08:43:46,144,10.9,841.940,360.08,3.54,52,115,564
04/02/2017 08:43:56,151,10.9,844.530,361.04,3.54,52,113,564
04/02/2017 08:44:06,134,10.9,847.260,359.97,3.54,53,115,565
04/02/2017 08:44:16,154,10.9,849.820,360.42,3.53,53,112,564
04/02/2017 08:44:26,144,10.9,852.440,359.42,3.54,52,112,565
04/02/2017 08:44:36,145,10.9,855.150,360.35,3.53,52,114,565
04/02/2017 08:44:46,141,10.9,857.840,360.58,3.53,53,112,564
04/02/2017 08:44:56,141,10.9,860.330,359.75,3.53,53,116,565
04/02/2017 08:45:06,133,10.9,863.080,361.02,3.53,52,112,564
04/02/2017 08:45:16,140,10.9,865.700,360.42,3.52,52,112,565
04/02/2017 08:45:26,146,10.9,868.300,360.91,3.52,53,115,565
04/02/2017 08:45:36,156,10.8,871.020,360.43,3.52,51,126,564
04/02/2017 08:45:46,139,10.9,873.730,359.14,3.52,53,113,565
04/02/2017 08:45:56,149,10.9,876.390,360.75,3.52,53,113,564
04/02/2017 08:46:06,136,10.9,878.980,360.28,3.52,53,114,564
04/02/2017 08:46:16,156,10.9,881.630,360.61,3.51,52,114,565
04/02/2017 08:46:26,153,10.9,884.150,360.55,3.51,52,114,564
04/02/2017 08:46:36,164,10.9,886.820,360.89,3.51,52,114,564
04/02/2017 08:46:46,147,10.9,889.570,360.43,3.51,50,114,564
04/02/2017 08:46:56,153,10.9,892.260,360.62,3.51,53,112,565
04/02/2017 08:47:06,158,10.9,894.870,359.96,3.50,51,113,564
04/02/2017 08:47:16,141,10.9,897.510,359.86,3.50,52,111,564
04/02/2017 08:47:26,162,10.9,900.120,360.83,3.50,53,114,565
04/02/2017 08:47:36,163,10.9,902.780,359.75,3.50,53,113,565
04/02/2017 08:47:46,144,10.9,905.400,360.70,3.49,51,112,565
04/02/2017 08:47:56,147,10.8,908.000,360.70,3.49,51,114,564
04/02/2017 08:48:06,147,10.8,910.700,360.36,3.49,52,114,564
04/02/2017 08:48:16,150,10.9,913.420,360.03,3.49,54,113,564
04/02/2017 08:48:26,150,10.9,916.030,359.74,3.49,52,112,565
04/02/2017 08:48:36,151,10.9,918.620,360.61,3.49,52,113,565
04/02/2017 08:48:46,145,10.9,921.240,359.92,3.49,53,112,565
04/02/2017 08:48:56,154,10.9,923.940,360.73,3.49,53,113,565
04/02/2017 08:49:06,145,10.9,926.460,359.86,3.49,53,113,564
04/02/2017 08:49:16,155,10.9,929.230,359.02,3.49,53,116,564
04/02/2017 08:49:26,148,10.9,931.890,360.53,3.50,53,116,565
04/02/2017 08:49:36,149,10.9,934.380,359.49,3.49,53,113,564
04/02/2017 08:49:46,165,10.8,937.060,359.45,3.49,52,112,565
04/02/2017 08:49:56,166,10.8,939.730,361.19,3.49,53,113,564
04/02/2017 08:50:06,135,10.9,942.350,359.79,3.49,52,115,565
04/02/2017 08:50:16,153,10.9,945.080,359.74,3.49,52,112,565
04/02/2017 08:50:26,151,10.9,947.610,359.31,3.50,52,113,565
04/02/2017 08:50:36,140,10.9,950.290,359.07,3.50,51,113,565
04/02/2017 08:50:46,140,10.9,952.960,358.73,3.49,52,112,565
04/02/2017 08:50:56,158,10.8,955.560,359.44,3.49,52,116,564
04/02/2017 08:51:06,151,10.9,958.130,359.98,3.49,53,114,565
04/02/2017 08:51:16,143,10.9,960.810,358.80,3.49,51,112,565
04/02/2017 08:51:26,146,10.9,963.430,358.80,3.49,52,113,564
04/02/2017 08:51:36,161,10.9,966.120,359.21,3.49,53,113,565
04/02/2017 08:51:46,154,10.9,968.670,359.08,3.49,51,116,564
04/02/2017 08:51:56,145,10.9,971.420,359.27,3.49,54,113,565
04/02/2017 08:52:06,151,10.9,974.070,359.40,3.49,51,111,565
04/02/2017 08:52:16,156,10.9,976.730,358.25,3.50,51,114,565
04/02/2017 08:52:26,141,10.9,979.230,358.35,3.49,54,115,565
04/02/2017 08:52:36,145,10.9,981.900,357.99,3.49,52,113,565
04/02/2017 08:52:46,149,10.9,984.600,358.29,3.50,51,112,565
04/02/2017 08:52:56,152,10.9,987.200,359.05,3.49,53,113,565
04/02/2017 08:53:06,162,10.9,989.810,358.15,3.49,52,113,565
04/02/2017 08:53:16,139,10.9,992.460,357.80,3.49,53,112,565
04/02/2017 08:53:26,154,10.9,995.120,358.11,3.49,51,112,565
04/02/2017 08:53:36,161,10.8,997.810,358.39,3.49,52,113,565
04/02/2017 08:53:46,152,10.9,1000.470,358.24,3.49,52,111,565
04/02/2017 08:53:56,133,10.9,1002.950,357.09,3.48,52,113,565
04/02/2017 08:54:06,137,10.9,1005.710,358.17,3.48,53,114,565
04/02/2017 08:54:16,153,10.8,1008.240,358.52,3.47,51,113,565
04/02/2017 08:54:26,151,10.8,1011.030,358.23,3.47,52,113,565
04/02/2017 08:54:36,144,10.9,1013.530,358.36,3.47,52,112,565
04/02/2017 08:54:46,160,10.9,1016.180,358.36,3.46,53,123,565
04/02/2017 08:54:56,161,10.8,1018.950,357.97,3.46,53,113,565
04/02/2017 08:55:06,139,10.9,1021.460,358.66,3.47,51,148,565
04/02/2017 08:55:16,151,10.9,1023.980,358.79,3.46,54,112,564
04/02/2017 08:55:26,151,10.8,1026.710,358.97,3.46,52,118,565
04/02/2017 08:55:36,140,10.9,1029.340,357.90,3.45,52,115,565
04/02/2017 08:55:46,163,10.8,1032.070,358.32,3.45,51,113,565
04/02/2017 08:55:56,150,10.9,1034.500,358.63,3.45,53,113,565
04/02/2017 08:56:06,148,10.9,1037.240,359.21,3.45,52,114,565
04/02/2017 08:56:16,147,10.9,1039.810,358.67,3.45,52,113,565
04/02/2017 08:56:26,134,10.9,1042.580,358.29,3.45,52,113,565
04/02/2017 08:56:36,159,10.9,1045.170,358.44,3.45,52,114,565
04/02/2017 08:56:46,173,10.8,1047.730,358.05,3.48,51,113,565
04/02/2017 08:56:56,155,10.9,1050.300,356.75,3.48,51,112,565
04/02/2017 08:57:06,145,10.9,1053.140,356.18,3.48,53,112,565
04/02/2017 08:57:16,160,10.9,1055.600,356.69,3.48,54,114,565
04/02/2017 08:57:26,159,10.9,1058.310,356.46,3.48,52,112,565
04/02/2017 08:57:36,159,10.9,1060.990,356.73,3.48,51,113,565
04/02/2017 08:57:46,147,10.8,1063.540,356.40,3.48,53,177,565
04/02/2017 08:57:56,150,10.9,1066.250,356.82,3.48,52,112,565
04/02/2017 08:58:06,153,10.9,1068.810,356.82,3.48,53,117,565
04/02/2017 08:58:16,148,10.9,1071.480,355.75,3.48,53,112,565
04/02/2017 08:58:26,158,10.8,1074.080,356.14,3.48,52,113,565
04/02/2017 08:58:36,137,10.9,1076.700,356.23,3.47,52,113,565
04/02/2017 08:58:46,147,10.9,1079.340,356.62,3.47,52,113,565
04/02/2017 08:58:56,148,10.8,1081.980,355.80,3.47,53,111,565
04/02/2017 08:59:06,157,10.9,1084.600,355.99,3.47,52,114,565
04/02/2017 08:59:16,149,10.9,1087.210,355.81,3.47,53,116,565
04/02/2017 08:59:26,144,10.9,1089.870,356.08,3.47,53,112,565
04/02/2017 08:59:36,162,10.9,1092.640,355.42,3.47,52,112,565
04/02/2017 08:59:46,147,10.9,1095.200,355.40,3.46,53,113,565
04/02/2017 08:59:56,141,10.9,1097.750,356.10,3.46,52,115,565
04/02/2017 09:00:06,149,10.9,1100.460,355.41,3.47,53,114,565
04/02/2017 09:00:16,158,10.9,1103.090,356.00,3.47,53,114,565
04/02/2017 09:00:26,157,10.8,1105.680,355.22,3.47,53,113,565
04/02/2017 09:00:36,153,10.9,1108.250,355.93,3.47,53,114,565
04/02/2017 09:00:46,156,10.9,1111.030,355.52,3.47,51,113,565
04/02/2017 09:00:56,173,10.8,1113.600,356.59,3.47,53,113,565
04/02/2017 09:01:06,154,10.9,1116.240,354.93,3.47,52,111,565
04/02/2017 09:01:16,160,10.9,1118.800,354.56,3.47,53,114,565
04/02/2017 09:01:26,155,10.9,1121.460,354.96,3.47,52,111,565
04/02/2017 09:01:36,152,10.9,1124.080,355.51,3.47,52,114,565
04/02/2017 09:01:46,164,10.9,1126.750,354.01,3.47,53,116,565
04/02/2017 09:01:56,145,10.9,1129.400,354.73,3.47,53,111,565
04/02/2017 09:02:06,150,10.9,1131.990,354.88,3.48,52,113,565
04/02/2017 09:02:16,171,10.8,1134.720,354.52,3.47,54,113,565
04/02/2017 09:02:26,162,10.9,1137.220,353.66,3.47,53,112,565
04/02/2017 09:02:36,160,10.8,1139.960,354.21,3.47,52,113,565
04/02/2017 09:02:46,157,10.9,1142.530,353.41,3.46,54,113,565
04/02/2017 09:02:56,154,10.9,1145.250,353.87,3.45,53,114,565
04/02/2017 09:03:06,144,10.9,1147.870,354.34,3.45,51,112,565
04/02/2017 09:03:16,166,10.8,1150.470,355.33,3.45,51,114,565
04/02/2017 09:03:26,150,10.9,1153.080,354.85,3.44,52,114,565
04/02/2017 09:03:36,151,10.8,1155.700,354.92,3.44,54,113,565
04/02/2017 09:03:46,164,10.9,1158.310,355.58,3.44,51,120,565
04/02/2017 09:03:56,143,10.9,1160.910,354.92,3.44,51,111,565
04/02/2017 09:04:06,167,10.8,1163.640,355.79,3.44,53,112,564
04/02/2017 09:04:16,153,10.8,1166.230,354.35,3.44,53,112,565
04/02/2017 09:04:26,149,10.9,1168.930,355.52,3.44,51,117,565
04/02/2017 09:04:36,168,10.9,1171.570,354.31,3.44,52,113,565
04/02/2017 09:04:46,158,10.9,1174.100,355.45,3.42,52,114,565
04/02/2017 09:04:56,162,10.9,1176.740,355.15,3.42,52,120,565
04/02/2017 09:05:06,155,10.9,1179.540,355.40,3.42,52,116,565
04/02/2017 09:05:16,163,10.9,1182.110,355.00,3.41,52,112,565
04/02/2017 09:05:26,166,10.8,1184.690,354.73,3.41,51,122,565
04/02/2017 09:05:36,159,10.9,1187.270,355.21,3.41,53,112,565
04/02/2017 09:05:46,160,10.9,1189.870,355.35,3.41,53,113,564
04/02/2017 09:05:56,173,10.8,1192.540,355.45,3.40,51,112,565
04/02/2017 09:06:06,150,10.9,1195.160,355.75,3.40,52,112,565
04/02/2017 09:06:16,169,10.8,1197.820,355.51,3.40,52,112,565
04/02/2017 09:06:26,163,10.8,1200.400,354.76,3.40,50,114,565
04/02/2017 09:06:36,161,10.9,1203.010,354.53,3.40,52,112,565
04/02/2017 09:06:46,159,10.9,1205.590,355.45,3.40,54,112,565
04/02/2017 09:06:56,160,10.9,1208.360,355.32,3.40,52,113,565
04/02/2017 09:07:06,153,10.9,1210.990,354.39,3.40,52,111,565
04/02/2017 09:07:16,159,10.9,1213.610,354.54,3.40,53,111,565
04/02/2017 09:07:26,160,10.9,1216.140,355.83,3.40,53,112,565
04/02/2017 09:07:36,160,10.8,1218.870,355.53,3.40,53,115,565
04/02/2017 09:07:46,155,10.9,1221.550,354.92,3.40,51,114,565
04/02/2017 09:07:56,171,10.9,1224.180,355.22,3.40,53,113,565
04/02/2017 09:08:06,164,10.9,1226.730,354.50,3.40,52,113,565
04/02/2017 09:08:16,162,10.8,1229.410,354.11,3.40,53,112,565
04/02/2017 09:08:26,168,10.8,1231.990,355.44,3.41,52,114,565
04/02/2017 09:08:36,176,10.8,1234.610,354.84,3.40,53,116,565
04/02/2017 09:08:46,168,10.8,1237.220,354.81,3.40,52,114,565
04/02/2017 09:08:56,178,10.8,1239.820,354.25,3.41,53,113,565
04/02/2017 09:09:06,135,10.9,1242.350,354.31,3.40,53,115,565
04/02/2017 09:09:16,168,10.9,1245.060,354.67,3.40,51,117,565
04/02/2017 09:09:26,169,10.8,1247.770,354.38,3.40,53,113,565
04/02/2017 09:09:36,170,10.8,1250.210,354.28,3.39,52,112,565
04/02/2017 09:09:46,168,10.8,1252.790,354.46,3.39,53,113,565
04/02/2017 09:09:56,150,10.9,1255.560,353.63,3.39,53,113,565
04/02/2017 09:10:06,167,10.9,1258.090,355.15,3.39,52,113,565
04/02/2017 09:10:16,165,10.9,1260.800,354.47,3.39,53,112,565
04/02/2017 09:10:26,159,10.9,1263.360,354.15,3.39,53,113,565
04/02/2017 09:10:36,161,10.8,1266.020,353.96,3.40,51,112,565
04/02/2017 09:10:46,157,10.8,1268.570,353.36,3.40,52,114,565
04/02/2017 09:10:56,170,10.9,1271.300,353.70,3.40,52,113,565
04/02/2017 09:11:06,172,10.9,1273.830,353.46,3.40,52,111,565
04/02/2017 09:11:16,170,10.9,1276.520,353.69,3.40,54,112,565
04/02/2017 09:11:26,161,10.9,1279.110,353.14,3.40,52,115,565
04/02/2017 09:11:36,152,10.9,1281.760,354.05,3.40,52,112,565
04/02/2017 09:11:46,169,10.8,1284.370,353.41,3.39,52,112,565
04/02/2017 09:11:56,169,10.9,1286.940,353.78,3.39,51,115,565
04/02/2017 09:12:06,166,10.9,1289.510,354.35,3.39,51,113,565
04/02/2017 09:12:16,181,10.8,1292.090,353.51,3.38,52,114,565
04/02/2017 09:12:26,157,10.8,1294.720,354.12,3.39,52,112,565
04/02/2017 09:12:36,172,10.8,1297.460,353.78,3.39,52,114,565
04/02/2017 09:12:46,152,10.8,1300.030,353.72,3.39,53,111,565
04/02/2017 09:12:56,161,10.9,1302.670,353.79,3.39,52,112,565
04/02/2017 09:13:06,173,10.8,1305.360,354.58,3.39,53,112,565
04/02/2017 09:13:16,152,10.9,1307.900,353.94,3.39,52,115,565
04/02/2017 09:13:26,169,10.8,1310.530,353.16,3.39,53,120,565
04/02/2017 09:13:36,159,10.8,1313.140,353.72,3.39,54,109,565
04/02/2017 09:13:46,165,10.8,1315.770,353.48,3.39,52,112,565
04/02/2017 09:13:56,160,10.9,1318.380,352.94,3.39,53,112,565
04/02/2017 09:14:06,152,10.9,1321.050,353.30,3.39,52,111,565
04/02/2017 09:14:16,166,10.9,1323.630,352.13,3.39,52,113,565
04/02/2017 09:14:26,154,10.9,1326.250,353.10,3.39,53,112,565
04/02/2017 09:14:36,161,10.9,1328.760,353.09,3.39,51,112,565
04/02/2017 09:14:46,160,10.8,1331.310,352.84,3.39,52,113,565
04/02/2017 09:14:56,163,10.9,1333.990,352.38,3.40,53,112,565
04/02/2017 09:15:06,158,10.9,1336.640,351.23,3.40,51,114,565
04/02/2017 09:15:16,165,10.8,1339.230,352.85,3.40,53,115,565
04/02/2017 09:15:26,165,10.8,1341.890,352.14,3.41,52,113,565
04/02/2017 09:15:36,179,10.8,1344.410,351.21,3.41,53,114,565
04/02/2017 09:15:46,162,10.8,1347.050,351.28,3.42,52,113,565
04/02/2017 09:15:56,147,10.9,1349.600,350.04,3.42,52,111,565
04/02/2017 09:16:06,168,10.8,1352.400,349.99,3.43,52,112,565
04/02/2017 09:16:16,158,10.9,1354.850,349.79,3.44,54,113,565
04/02/2017 09:16:26,171,10.8,1357.420,349.47,3.44,54,115,565
04/02/2017 09:16:36,172,10.8,1360.140,347.89,3.44,52,112,565
04/02/2017 09:16:46,176,10.9,1362.790,348.66,3.45,51,113,565
04/02/2017 09:16:56,163,10.9,1365.310,347.99,3.45,52,113,565
04/02/2017 09:17:06,182,10.8,1367.940,347.73,3.45,52,113,565
04/02/2017 09:17:16,166,10.8,1370.550,346.97,3.46,51,112,565
04/02/2017 09:17:26,171,10.9,1373.180,346.81,3.47,52,114,565
04/02/2017 09:17:36,153,10.9,1375.730,346.18,3.48,52,114,565
04/02/2017 09:17:46,158,10.9,1378.440,345.98,3.48,53,112,565
04/02/2017 09:17:56,186,10.8,1380.980,345.71,3.48,53,111,565
04/02/2017 09:18:06,162,10.9,1383.660,345.14,3.48,52,112,565
04/02/2017 09:18:16,162,10.8,1386.300,344.89,3.48,52,114,565
04/02/2017 09:18:26,160,10.8,1388.760,344.69,3.49,52,112,565
04/02/2017 09:18:36,162,10.8,1391.430,344.31,3.49,52,113,565
04/02/2017 09:18:46,162,10.9,1394.000,343.96,3.49,51,112,565
04/02/2017 09:18:56,158,10.9,1396.690,343.68,3.49,53,116,565
04/02/2017 09:19:06,162,10.8,1399.330,343.37,3.50,53,113,565
04/02/2017 09:19:16,176,10.9,1401.820,343.13,3.50,53,111,565
04/02/2017 09:19:26,173,10.8,1404.570,342.53,3.50,53,112,565
04/02/2017 09:19:36,176,10.9,1407.200,342.48,3.51,53,111,565
04/02/2017 09:19:46,167,10.9,1409.670,341.40,3.51,53,111,565
04/02/2017 09:19:56,171,10.9,1412.360,342.40,3.51,52,113,565
04/02/2017 09:20:06,177,10.8,1414.910,341.02,3.52,54,112,565
04/02/2017 09:20:16,168,10.8,1417.540,340.00,3.52,51,115,565
04/02/2017 09:20:26,161,10.9,1420.100,340.08,3.53,53,112,565
04/02/2017 09:20:36,169,10.9,1422.680,339.29,3.53,54,111,565
04/02/2017 09:20:46,161,10.9,1425.390,340.04,3.53,54,111,565
04/02/2017 09:20:56,178,10.8,1427.990,339.17,3.53,53,111,565
04/02/2017 09:21:06,178,10.8,1430.620,338.81,3.54,52,113,565
04/02/2017 09:21:16,167,10.9,1433.130,338.95,3.54,53,112,565
04/02/2017 09:21:26,176,10.8,1435.660,338.50,3.56,52,113,565
04/02/2017 09:21:36,175,10.8,1438.290,337.46,3.57,54,113,565
04/02/2017 09:21:46,172,10.8,1440.900,336.63,3.57,53,111,565
04/02/2017 09:21:56,174,10.9,1443.550,335.71,3.58,52,111,565
04/02/2017 09:22:06,149,10.9,1446.090,335.60,3.58,52,112,565
04/02/2017 09:22:16,168,10.9,1448.660,335.82,3.59,53,113,565
04/02/2017 09:22:26,184,10.8,1451.430,334.91,3.59,53,112,565
04/02/2017 09:22:36,174,10.8,1453.900,334.24,3.59,53,111,565
04/02/2017 09:22:46,166,10.8,1456.480,332.86,3.60,52,111,565
04/02/2017 09:22:56,167,10.8,1459.180,333.32,3.60,52,113,565
04/02/2017 09:23:06,183,10.8,1461.780,332.61,3.60,52,113,565
04/02/2017 09:23:16,170,10.8,1464.350,332.88,3.60,52,113,565
04/02/2017 09:23:26,155,10.9,1466.930,332.97,3.60,54,112,565
04/02/2017 09:23:36,169,10.9,1469.520,332.48,3.60,52,113,565
04/02/2017 09:23:46,162,10.8,1472.120,332.15,3.60,51,113,565
04/02/2017 09:23:56,161,10.9,1474.640,333.13,3.60,52,124,565
04/02/2017 09:24:06,163,10.9,1477.280,332.02,3.61,53,112,565
04/02/2017 09:24:16,167,10.8,1479.900,332.01,3.61,51,113,565
04/02/2017 09:24:26,177,10.8,1482.490,331.59,3.61,51,112,565
04/02/2017 09:24:36,182,10.8,1485.030,331.32,3.61,52,112,565
04/02/2017 09:24:46,171,10.8,1487.600,330.44,3.61,53,112,564
04/02/2017 09:24:56,171,10.8,1490.200,330.34,3.61,51,114,565
04/02/2017 09:25:06,175,10.8,1492.810,330.70,3.61,52,113,565
04/02/2017 09:25:16,166,10.8,1495.460,330.56,3.61,53,112,565
04/02/2017 09:25:26,172,10.8,1498.070,330.71,3.60,52,113,565
04/02/2017 09:25:36,178,10.8,1500.610,330.81,3.60,53,114,565
04/02/2017 09:25:46,165,10.9,1503.190,329.40,3.60,54,113,564
04/02/2017 09:25:56,169,10.9,1505.780,329.62,3.60,52,112,565
04/02/2017 09:26:06,173,10.8,1508.340,329.26,3.60,53,112,565
04/02/2017 09:26:16,157,10.9,1511.030,329.27,3.59,53,113,565
04/02/2017 09:26:26,166,10.8,1513.480,330.45,3.59,51,112,565
04/02/2017 09:26:36,172,10.8,1516.240,329.27,3.59,53,112,565
04/02/2017 09:26:46,178,10.8,1518.670,329.30,3.59,53,114,565
04/02/2017 09:26:56,179,10.8,1521.370,329.43,3.59,53,113,565
04/02/2017 09:27:06,171,10.8,1523.830,327.83,3.59,53,113,565
04/02/2017 09:27:16,161,10.9,1526.560,327.97,3.59,52,112,565
04/02/2017 09:27:26,162,10.8,1529.010,328.76,3.58,53,112,564
04/02/2017 09:27:36,186,10.8,1531.730,328.30,3.58,53,111,565
04/02/2017 09:27:46,203,10.8,1534.160,327.40,3.58,52,114,565
04/02/2017 09:27:56,151,10.9,1536.800,327.37,3.58,52,115,565
04/02/2017 09:28:06,183,10.8,1539.420,327.95,3.58,52,113,565
04/02/2017 09:28:16,164,10.8,1542.010,326.84,3.58,54,113,564
04/02/2017 09:28:26,169,10.8,1544.700,327.21,3.58,52,113,565
04/02/2017 09:28:36,161,10.9,1547.170,326.34,3.57,54,112,565
04/02/2017 09:28:46,153,10.9,1549.800,326.69,3.57,54,114,564
04/02/2017 09:28:56,186,10.8,1552.350,326.82,3.57,54,112,565
04/02/2017 09:29:06,175,10.9,1554.850,326.74,3.57,53,112,565
04/02/2017 09:29:16,179,10.8,1557.570,327.09,3.56,53,113,564
04/02/2017 09:29:26,178,10.9,1560.160,324.94,3.56,53,114,565
04/02/2017 09:29:36,182,10.8,1562.740,326.52,3.56,52,114,565
04/02/2017 09:29:46,180,10.8,1565.240,326.46,3.56,52,113,565
04/02/2017 09:29:56,174,10.8,1567.900,326.28,3.56,54,114,565
04/02/2017 09:30:06,188,10.8,1570.420,325.84,3.56,52,112,565
04/02/2017 09:30:16,177,10.8,1573.060,326.02,3.56,53,112,564
04/02/2017 09:30:26,188,10.8,1575.620,326.97,3.56,52,112,565
04/02/2017 09:30:36,177,10.8,1578.150,326.00,3.56,54,113,564
04/02/2017 09:30:46,174,10.8,1580.780,326.06,3.56,53,113,565
04/02/2017 09:30:56,174,10.8,1583.410,325.76,3.56,52,113,565
04/02/2017 09:31:06,173,10.8,1585.850,325.93,3.56,53,114,565
04/02/2017 09:31:16,165,10.9,1588.430,325.88,3.56,53,113,565
04/02/2017 09:31:26,164,10.9,1591.000,325.88,3.56,52,115,565
04/02/2017 09:31:36,181,10.9,1593.640,325.66,3.56,52,112,565
04/02/2017 09:31:46,183,10.8,1596.280,325.47,3.56,53,112,565
04/02/2017 09:31:56,175,10.8,1598.780,325.61,3.56,52,112,565
04/02/2017 09:32:06,182,10.9,1601.340,325.70,3.56,53,113,565
04/02/2017 09:32:16,183,10.8,1603.960,325.77,3.55,54,113,565
04/02/2017 09:32:26,167,10.9,1606.590,326.18,3.55,53,112,565
04/02/2017 09:32:36,181,10.8,1609.230,325.71,3.55,53,113,565
04/02/2017 09:32:46,166,10.8,1611.750,326.14,3.55,53,113,565
04/02/2017 09:32:56,179,10.8,1614.270,325.08,3.55,52,113,565
04/02/2017 09:33:06,174,10.9,1617.020,325.78,3.54,53,116,565
04/02/2017 09:33:16,172,10.8,1619.580,325.97,3.54,53,113,564
04/02/2017 09:33:26,143,10.9,1622.120,325.66,3.54,52,114,565
04/02/2017 09:33:36,181,10.8,1624.790,325.91,3.53,54,116,565
04/02/2017 09:33:46,174,10.8,1627.250,325.45,3.53,54,113,565
04/02/2017 09:33:56,183,10.8,1629.830,325.69,3.53,54,113,565
04/02/2017 09:34:06,177,10.8,1632.460,325.90,3.53,53,113,564
04/02/2017 09:34:16,191,10.8,1634.930,324.70,3.52,55,115,565
04/02/2017 09:34:26,191,10.8,1637.640,325.93,3.52,53,112,565
04/02/2017 09:34:36,179,10.8,1640.230,325.22,3.52,53,113,565
04/02/2017 09:34:46,189,10.8,1642.750,325.02,3.52,53,113,564
04/02/2017 09:34:56,177,10.8,1645.370,325.06,3.52,53,114,565
04/02/2017 09:35:06,184,10.9,1647.870,325.61,3.51,52,112,565
04/02/2017 09:35:16,181,10.8,1650.380,324.55,3.51,54,114,565
04/02/2017 09:35:26,185,10.8,1652.990,326.42,3.51,54,117,565
04/02/2017 09:35:36,154,10.9,1655.690,325.37,3.51,53,113,565
04/02/2017 09:35:46,188,10.8,1658.230,324.57,3.51,53,116,565
04/02/2017 09:35:56,174,10.8,1660.740,324.80,3.51,52,113,565
04/02/2017 09:36:06,188,10.8,1663.350,324.52,3.51,53,113,565
04/02/2017 09:36:16,187,10.8,1666.060,324.76,3.51,53,113,565
04/02/2017 09:36:26,179,10.8,1668.480,325.23,3.50,53,115,565
04/02/2017 09:36:36,189,10.8,1671.150,324.90,3.50,53,115,565
04/02/2017 09:36:46,173,10.9,1673.680,325.16,3.50,53,116,565
04/02/2017 09:36:56,183,10.8,1676.350,326.18,3.50,52,114,565
04/02/2017 09:37:06,145,10.9,1678.770,325.17,3.49,54,113,564
04/02/2017 09:37:16,185,10.8,1681.340,325.41,3.49,53,116,565
04/02/2017 09:37:26,172,10.8,1683.700,324.74,3.49,53,117,565
04/02/2017 09:37:36,176,10.8,1686.390,324.45,3.49,52,117,565
04/02/2017 09:37:46,168,10.8,1688.880,324.83,3.48,52,111,565
04/02/2017 09:37:56,168,10.9,1691.420,324.91,3.48,53,113,564
04/02/2017 09:38:06,192,10.8,1693.810,324.68,3.48,55,114,565
04/02/2017 09:38:16,183,10.9,1696.290,325.46,3.47,54,112,565
04/02/2017 09:38:26,193,10.8,1698.950,325.56,3.47,52,112,565
04/02/2017 09:38:36,178,10.8,1701.390,324.55,3.47,53,116,565
04/02/2017 09:38:46,181,10.8,1703.900,324.80,3.47,52,112,565
04/02/2017 09:38:56,193,10.8,1706.420,325.82,3.47,53,114,565
04/02/2017 09:39:06,192,10.8,1709.020,324.92,3.47,52,114,565
04/02/2017 09:39:16,173,10.9,1711.570,325.17,3.47,53,114,565
04/02/2017 09:39:26,174,10.9,1714.000,325.67,3.47,54,114,565
04/02/2017 09:39:36,180,10.9,1716.500,325.70,3.47,53,114,565
04/02/2017 09:39:46,187,10.8,1719.030,324.98,3.47,53,114,565
04/02/2017 09:39:56,186,10.9,1721.640,326.00,3.47,54,114,565
04/02/2017 09:40:06,182,10.8,1724.110,325.82,3.46,52,114,565
04/02/2017 09:40:16,180,10.8,1726.670,325.57,3.46,52,113,565
04/02/2017 09:40:26,177,10.8,1729.210,325.96,3.46,51,116,565
04/02/2017 09:40:36,157,10.8,1731.650,325.94,3.46,53,115,565
04/02/2017 09:40:46,193,10.9,1734.160,326.40,3.46,52,117,565
04/02/2017 09:40:56,189,10.8,1736.750,325.07,3.45,54,117,565
04/02/2017 09:41:06,182,10.8,1739.360,325.86,3.45,54,114,565
04/02/2017 09:41:16,177,10.8,1741.960,325.75,3.45,52,114,565
04/02/2017 09:41:26,177,10.8,1744.540,325.94,3.45,53,114,565
04/02/2017 09:41:36,190,10.8,1747.080,326.11,3.45,50,117,565
04/02/2017 09:41:46,202,10.8,1749.700,325.10,3.44,52,114,565
04/02/2017 09:41:56,190,10.8,1752.020,324.80,3.44,54,113,565
04/02/2017 09:42:06,182,10.8,1754.580,325.37,3.44,53,116,565
04/02/2017 09:42:16,191,10.8,1757.200,324.92,3.44,53,117,565
04/02/2017 09:42:26,180,10.9,1759.640,324.53,3.43,52,113,565
04/02/2017 09:42:36,192,10.8,1762.130,324.10,3.43,53,115,565
04/02/2017 09:42:46,199,10.8,1764.730,323.76,3.43,53,115,565
04/02/2017 09:42:56,166,10.9,1767.180,324.67,3.43,52,113,565
04/02/2017 09:43:06,186,10.8,1769.750,324.08,3.42,53,116,565
04/02/2017 09:43:16,197,10.8,1772.330,324.43,3.42,53,112,565
04/02/2017 09:43:26,182,10.8,1774.870,324.27,3.42,52,113,565
04/02/2017 09:43:36,199,10.8,1777.370,323.80,3.42,52,112,565
04/02/2017 09:43:46,181,10.8,1779.890,324.35,3.42,53,113,565
04/02/2017 09:43:56,183,10.8,1782.510,324.66,3.41,52,111,565
04/02/2017 09:44:06,188,10.8,1784.960,324.31,3.41,53,114,565
04/02/2017 09:44:16,207,10.8,1787.600,324.34,3.41,53,113,565
04/02/2017 09:44:26,203,10.8,1790.110,323.78,3.40,53,112,565
04/02/2017 09:44:36,182,10.8,1792.640,324.15,3.40,53,111,565
04/02/2017 09:44:46,183,10.8,1795.130,323.80,3.39,52,114,565
04/02/2017 09:44:56,193,10.8,1797.730,324.16,3.39,52,113,565
04/02/2017 09:45:06,203,10.8,1800.280,324.68,3.39,52,111,565
04/02/2017 09:45:16,145,10.9,1802.690,324.87,3.39,53,113,565
04/02/2017 09:45:26,206,10.8,1805.370,323.71,3.38,52,110,565
04/02/2017 09:45:36,187,10.9,1807.840,324.00,3.38,52,112,565
04/02/2017 09:45:46,186,10.8,1810.370,324.52,3.37,53,112,565
04/02/2017 09:45:56,173,10.9,1812.870,324.16,3.37,51,113,565
04/02/2017 09:46:06,187,10.8,1815.280,324.10,3.37,52,115,565
04/02/2017 09:46:16,182,10.8,1817.920,324.64,3.36,52,111,565
04/02/2017 09:46:26,189,10.8,1820.440,324.48,3.36,54,121,565
04/02/2017 09:46:36,196,10.8,1822.960,324.29,3.35,54,124,565
04/02/2017 09:46:46,188,10.9,1825.420,324.80,3.35,54,114,565
04/02/2017 09:46:56,178,10.8,1827.990,324.64,3.35,53,129,565
04/02/2017 09:47:06,191,10.8,1830.530,324.51,3.34,54,117,565
04/02/2017 09:47:16,189,10.8,1833.070,324.42,3.34,53,120,565
04/02/2017 09:47:26,182,10.8,1835.600,324.76,3.33,54,143,565
04/02/2017 09:47:36,193,10.8,1838.040,324.18,3.33,52,112,565
04/02/2017 09:47:46,202,10.8,1840.690,324.45,3.33,54,131,565
04/02/2017 09:47:56,180,10.8,1843.260,323.67,3.33,54,115,565
04/02/2017 09:48:06,194,10.8,1845.780,324.43,3.33,53,115,565
04/02/2017 09:48:16,196,10.8,1848.300,323.98,3.32,53,118,565
04/02/2017 09:48:26,207,10.8,1850.820,324.49,3.32,53,129,565
04/02/2017 09:48:36,202,10.8,1853.220,323.90,3.32,53,166,565
04/02/2017 09:48:46,190,10.9,1855.770,324.12,3.31,53,611,565
04/02/2017 09:48:56,203,10.8,1858.410,324.27,3.31,53,125,565
04/02/2017 09:49:06,182,10.8,1860.960,324.25,3.31,54,586,565
04/02/2017 09:49:16,181,10.8,1863.390,323.99,3.31,52,123,565
04/02/2017 09:49:26,196,10.8,1866.040,324.64,3.30,54,112,565
04/02/2017 09:49:36,151,10.9,1868.570,324.80,3.30,54,120,565
04/02/2017 09:49:46,211,10.8,1870.920,325.14,3.29,53,122,565
04/02/2017 09:49:56,197,10.8,1873.510,324.11,3.29,53,118,565
04/02/2017 09:50:06,200,10.8,1876.000,323.94,3.29,53,352,565
04/02/2017 09:50:16,170,10.8,1878.710,325.11,3.29,54,116,565
04/02/2017 09:50:26,186,10.8,1881.210,324.31,3.28,58,556,565
04/02/2017 09:50:36,195,10.8,1883.730,325.47,3.28,53,172,565
04/02/2017 09:50:46,191,10.8,1886.360,324.76,3.28,55,287,565
04/02/2017 09:50:56,190,10.8,1888.840,323.95,3.28,53,126,565
04/02/2017 09:51:06,194,10.8,1891.380,324.90,3.28,52,120,565
04/02/2017 09:51:16,202,10.8,1893.860,323.32,3.28,54,113,565
04/02/2017 09:51:26,190,10.8,1896.470,324.20,3.28,54,388,565
04/02/2017 09:51:36,186,10.8,1899.070,323.89,3.28,54,116,565
04/02/2017 09:51:46,170,10.9,1901.500,323.52,3.28,53,114,565
04/02/2017 09:51:56,209,10.8,1903.930,323.95,3.27,54,129,565
04/02/2017 09:52:06,177,10.9,1906.430,324.44,3.28,53,115,565
04/02/2017 09:52:16,181,10.8,1909.080,324.41,3.27,53,113,565
04/02/2017 09:52:26,194,10.8,1911.630,324.11,3.27,53,123,565
04/02/2017 09:52:36,206,10.8,1914.200,324.12,3.27,53,113,565
04/02/2017 09:52:46,189,10.8,1916.690,323.87,3.27,54,1044,565
04/02/2017 09:52:56,175,10.9,1919.100,324.35,3.27,52,125,565
04/02/2017 09:53:06,182,10.8,1921.540,324.15,3.27,54,121,565
04/02/2017 09:53:16,168,10.8,1924.040,324.54,3.27,53,114,565
04/02/2017 09:53:26,174,10.8,1926.610,323.88,3.27,53,113,565
04/02/2017 09:53:36,188,10.8,1929.180,324.48,3.26,53,120,565
04/02/2017 09:53:46,205,10.8,1931.690,324.24,3.26,55,162,565
04/02/2017 09:53:56,198,10.8,1934.220,324.16,3.26,53,113,565
04/02/2017 09:54:06,230,10.8,1936.870,323.83,3.25,53,167,565
04/02/2017 09:54:16,192,10.8,1939.290,324.09,3.25,52,212,565
04/02/2017 09:54:26,198,10.8,1941.750,325.06,3.25,53,120,565
04/02/2017 09:54:36,180,10.8,1944.350,324.32,3.25,54,116,565
04/02/2017 09:54:46,194,10.8,1946.980,324.77,3.24,58,493,565
04/02/2017 09:54:56,180,10.8,1949.500,325.22,3.24,54,123,565
04/02/2017 09:55:06,198,10.8,1951.980,325.24,3.24,52,117,565
04/02/2017 09:55:16,205,10.8,1954.500,325.14,3.23,52,114,565
04/02/2017 09:55:26,189,10.9,1957.200,324.51,3.23,53,114,565
04/02/2017 09:55:36,188,10.8,1959.640,325.03,3.23,53,112,565
04/02/2017 09:55:46,198,10.8,1962.160,324.93,3.22,52,115,565
04/02/2017 09:55:56,198,10.8,1964.800,324.75,3.22,53,114,565
04/02/2017 09:56:06,188,10.8,1967.250,324.89,3.22,53,118,565
04/02/2017 09:56:16,189,10.8,1969.840,324.64,3.21,54,114,565
04/02/2017 09:56:26,199,10.8,1972.440,325.07,3.21,52,117,565
04/02/2017 09:56:36,182,10.8,1975.020,325.34,3.21,53,115,565
04/02/2017 09:56:46,185,10.8,1977.520,324.66,3.21,53,113,565
04/02/2017 09:56:56,176,10.8,1980.080,324.95,3.21,54,115,565
04/02/2017 09:57:06,150,10.8,1982.630,325.12,3.21,52,115,565
04/02/2017 09:57:16,189,10.8,1985.010,324.96,3.20,54,117,565
04/02/2017 09:57:26,203,10.9,1987.430,325.03,3.20,52,116,565
04/02/2017 09:57:36,192,10.8,1990.070,325.13,3.19,53,136,565
04/02/2017 09:57:46,174,10.8,1992.560,325.75,3.19,54,137,565
04/02/2017 09:57:56,195,10.8,1995.050,325.47,3.19,53,138,565
04/02/2017 09:58:06,183,10.9,1997.590,325.44,3.18,52,162,565
04/02/2017 09:58:16,179,10.8,2000.140,325.57,3.18,54,120,565
04/02/2017 09:58:26,196,10.8,2002.740,325.30,3.18,54,118,565
04/02/2017 09:58:36,192,10.8,2005.390,325.56,3.17,53,124,565
04/02/2017 09:58:46,195,10.8,2007.850,326.09,3.17,53,117,565
04/02/2017 09:58:56,189,10.8,2010.400,325.31,3.17,54,126,565
04/02/2017 09:59:06,205,10.8,2013.020,325.95,3.17,53,154,565
04/02/2017 09:59:16,197,10.8,2015.460,325.83,3.17,53,150,565
04/02/2017 09:59:26,199,10.8,2017.930,325.28,3.16,54,123,565
04/02/2017 09:59:36,206,10.8,2020.580,324.89,3.16,53,126,565
04/02/2017 09:59:46,186,10.8,2023.090,325.16,3.16,53,117,565
04/02/2017 09:59:56,173,10.9,2025.520,324.84,3.16,53,158,565
04/02/2017 10:00:06,206,10.8,2028.070,323.95,3.16,53,114,565
04/02/2017 10:00:16,187,10.9,2030.640,323.71,3.16,52,116,565
04/02/2017 10:00:26,188,10.8,2033.260,323.96,3.16,52,125,565
04/02/2017 10:00:36,199,10.8,2035.820,323.48,3.16,53,119,565
04/02/2017 10:00:46,230,10.8,2038.320,323.57,3.16,54,115,565
04/02/2017 10:00:56,191,10.8,2040.700,323.37,3.16,55,133,565
04/02/2017 10:01:06,200,10.8,2043.270,323.26,3.15,54,114,565
04/02/2017 10:01:16,202,10.8,2045.920,323.47,3.15,52,135,565
04/02/2017 10:01:26,190,10.8,2048.330,323.61,3.15,53,111,565
04/02/2017 10:01:36,201,10.8,2050.880,323.79,3.15,54,129,565
04/02/2017 10:01:46,198,10.8,2053.400,323.74,3.14,53,118,565
04/02/2017 10:01:56,211,10.8,2055.860,323.23,3.14,54,119,565
04/02/2017 10:02:06,205,10.8,2058.360,324.07,3.14,53,117,565
04/02/2017 10:02:16,203,10.8,2060.900,323.94,3.14,53,120,565
04/02/2017 10:02:26,211,10.8,2063.490,322.88,3.14,53,112,565
04/02/2017 10:02:36,189,10.8,2065.950,322.84,3.14,52,128,565
04/02/2017 10:02:46,196,10.8,2068.650,323.32,3.14,53,112,565
04/02/2017 10:02:56,183,10.8,2071.070,322.42,3.14,53,115,565
04/02/2017 10:03:06,183,10.8,2073.580,322.82,3.13,54,111,565
04/02/2017 10:03:16,184,10.8,2076.130,322.86,3.13,54,113,565
04/02/2017 10:03:26,198,10.8,2078.660,322.72,3.13,52,133,565
04/02/2017 10:03:36,198,10.9,2081.300,322.55,3.13,52,138,565
04/02/2017 10:03:46,204,10.8,2083.670,322.83,3.12,52,120,565
04/02/2017 10:03:56,188,10.8,2086.300,323.25,3.12,52,129,565
04/02/2017 10:04:06,198,10.8,2088.770,322.84,3.12,53,111,565
04/02/2017 10:04:16,185,10.8,2091.340,322.58,3.12,53,110,565
04/02/2017 10:04:26,184,10.8,2093.890,321.95,3.11,53,112,565
04/02/2017 10:04:36,196,10.9,2096.430,323.01,3.11,52,121,565
04/02/2017 10:04:46,201,10.8,2098.920,322.49,3.11,54,110,565
04/02/2017 10:04:56,187,10.8,2101.590,322.81,3.11,53,112,565
04/02/2017 10:05:06,195,10.8,2104.190,322.54,3.11,54,111,565
04/02/2017 10:05:16,201,10.8,2106.700,322.49,3.10,52,110,565
04/02/2017 10:05:26,158,10.8,2109.210,322.91,3.10,53,108,565
04/02/2017 10:05:36,194,10.8,2111.640,322.30,3.10,52,108,565
04/02/2017 10:05:46,198,10.8,2114.270,322.19,3.10,52,111,565
04/02/2017 10:05:56,178,10.8,2116.850,322.81,3.10,54,108,565
04/02/2017 10:06:06,211,10.8,2119.500,322.77,3.09,54,121,565
04/02/2017 10:06:16,185,10.8,2121.870,322.33,3.09,52,109,565
04/02/2017 10:06:26,199,10.8,2124.530,322.97,3.09,53,114,565
04/02/2017 10:06:36,188,10.8,2127.000,323.54,3.09,53,110,565
04/02/2017 10:06:46,195,10.8,2129.610,322.42,3.08,54,109,565
04/02/2017 10:06:56,191,10.8,2132.200,322.52,3.08,52,111,565
04/02/2017 10:07:06,191,10.8,2134.530,322.37,3.08,52,109,565
04/02/2017 10:07:16,196,10.8,2137.210,321.79,3.08,52,111,565
04/02/2017 10:07:26,190,10.8,2139.770,322.19,3.08,54,112,565
04/02/2017 10:07:36,190,10.8,2142.220,323.06,3.08,53,111,565
04/02/2017 10:07:46,188,10.8,2144.670,322.04,3.08,52,111,565
04/02/2017 10:07:56,207,10.8,2147.140,322.74,3.07,53,112,565
04/02/2017 10:08:06,212,10.8,2149.810,322.75,3.06,54,118,565
04/02/2017 10:08:16,220,10.8,2152.130,323.87,3.04,53,120,565
04/02/2017 10:08:26,199,10.8,2154.680,325.21,3.03,53,120,565
04/02/2017 10:08:36,178,10.8,2157.210,325.54,3.02,52,119,565
04/02/2017 10:08:46,199,10.8,2159.750,327.31,3.01,53,122,565
04/02/2017 10:08:56,167,10.8,2162.100,327.52,3.01,52,121,565
04/02/2017 10:09:06,214,10.8,2164.470,328.03,3.00,53,122,565
04/02/2017 10:09:16,205,10.8,2167.040,327.53,2.99,52,120,565
04/02/2017 10:09:26,200,10.8,2169.570,327.95,2.99,54,127,565
04/02/2017 10:09:36,190,10.8,2172.030,327.66,2.99,54,121,565
04/02/2017 10:09:46,207,10.8,2174.680,328.14,2.98,54,122,565
04/02/2017 10:09:56,209,10.9,2177.100,328.44,2.98,54,124,565
04/02/2017 10:10:06,197,10.8,2179.550,327.38,2.98,54,121,565
04/02/2017 10:10:16,188,10.8,2182.140,328.36,2.97,53,122,565
04/02/2017 10:10:26,186,10.9,2184.640,327.79,2.97,53,121,565
04/02/2017 10:10:36,224,10.8,2187.040,328.39,2.97,53,122,565
04/02/2017 10:10:46,201,10.8,2189.490,327.94,2.96,54,119,565
04/02/2017 10:10:56,189,10.8,2192.070,327.77,2.96,53,125,565
04/02/2017 10:11:06,220,10.8,2194.480,327.79,2.96,52,122,565
04/02/2017 10:11:16,199,10.8,2197.000,326.83,2.96,53,122,565
04/02/2017 10:11:26,196,10.9,2199.480,327.94,2.95,53,120,565
04/02/2017 10:11:36,118,10.8,2201.960,328.25,2.94,54,121,565
04/02/2017 10:11:46,186,10.8,2204.500,328.34,2.94,54,124,565
04/02/2017 10:11:56,209,10.8,2207.000,328.06,2.93,51,121,565
04/02/2017 10:12:06,203,10.8,2209.580,328.28,2.93,53,124,565
04/02/2017 10:12:16,205,10.8,2212.020,328.37,2.92,53,122,565
04/02/2017 10:12:26,205,10.8,2214.450,327.71,2.92,54,121,565
04/02/2017 10:12:36,198,10.8,2216.990,327.73,2.91,53,131,565
04/02/2017 10:12:46,195,10.8,2219.310,327.92,2.90,54,128,565
04/02/2017 10:12:56,221,10.8,2221.840,328.38,2.90,53,121,565
04/02/2017 10:13:06,207,10.8,2224.230,328.61,2.89,53,121,565
04/02/2017 10:13:16,200,10.8,2226.670,328.51,2.89,54,124,565
04/02/2017 10:13:26,210,10.8,2229.300,328.26,2.89,52,125,565
04/02/2017 10:13:36,186,10.8,2231.820,328.92,2.88,54,120,565
04/02/2017 10:13:46,200,10.8,2234.080,328.65,2.88,52,124,565
04/02/2017 10:13:56,205,10.8,2236.670,327.90,2.88,53,124,565
04/02/2017 10:14:06,203,10.8,2239.200,328.74,2.88,53,119,565
04/02/2017 10:14:16,172,10.9,2241.740,327.91,2.89,52,117,565
04/02/2017 10:14:26,231,10.8,2244.120,327.17,2.89,54,117,565
04/02/2017 10:14:36,198,10.8,2246.560,327.54,2.89,53,122,565
04/02/2017 10:14:46,183,10.8,2249.160,327.00,2.88,52,117,566
04/02/2017 10:14:56,206,10.8,2251.500,326.75,2.88,52,120,565
04/02/2017 10:15:06,220,10.8,2253.930,327.73,2.87,52,118,566
04/02/2017 10:15:16,225,10.8,2256.470,327.45,2.87,53,118,565
04/02/2017 10:15:26,222,10.8,2258.860,327.01,2.87,53,119,565
04/02/2017 10:15:36,218,10.8,2261.230,326.50,2.86,52,116,565
04/02/2017 10:15:46,204,10.8,2263.800,326.84,2.86,53,118,565
04/02/2017 10:15:56,194,10.8,2266.180,325.98,2.85,53,118,565
04/02/2017 10:16:06,179,10.8,2268.580,326.32,2.83,53,121,565
04/02/2017 10:16:16,213,10.8,2270.970,327.56,2.81,54,122,565
04/02/2017 10:16:26,211,10.8,2273.350,328.60,2.80,53,123,565
04/02/2017 10:16:36,190,10.8,2275.750,329.13,2.80,53,120,565
04/02/2017 10:16:46,206,10.8,2278.190,329.01,2.80,54,119,565
04/02/2017 10:16:56,224,10.8,2280.760,328.84,2.79,52,121,565
04/02/2017 10:17:06,179,10.9,2283.030,328.94,2.78,53,124,565
04/02/2017 10:17:16,201,10.8,2285.270,329.04,2.78,53,121,566
04/02/2017 10:17:26,244,10.8,2287.590,329.54,2.78,53,121,565
04/02/2017 10:17:36,211,10.8,2289.910,329.84,2.77,53,123,565
04/02/2017 10:17:46,215,10.8,2292.240,330.52,2.77,53,125,566
04/02/2017 10:17:56,234,10.8,2294.730,330.01,2.76,54,125,566
04/02/2017 10:18:06,217,10.8,2297.210,331.59,2.76,52,127,566
04/02/2017 10:18:16,241,10.8,2299.600,330.21,2.76,52,125,565
04/02/2017 10:18:26,204,10.8,2301.890,330.88,2.74,52,128,566
04/02/2017 10:18:36,223,10.8,2304.170,331.38,2.73,53,129,565
04/02/2017 10:18:46,220,10.8,2306.670,332.19,2.72,53,129,566
04/02/2017 10:18:56,223,10.9,2309.150,332.69,2.71,53,137,566
04/02/2017 10:19:06,212,10.8,2311.500,333.33,2.71,53,131,566
04/02/2017 10:19:16,213,10.8,2313.910,333.26,2.71,55,129,566
04/02/2017 10:19:26,217,10.8,2316.240,332.15,2.71,53,127,566
04/02/2017 10:19:36,213,10.8,2318.710,331.43,2.71,52,126,566
04/02/2017 10:19:46,197,10.8,2321.190,331.19,2.71,53,129,566
04/02/2017 10:19:56,220,10.8,2323.560,331.49,2.71,55,129,565
04/02/2017 10:20:06,202,10.8,2326.010,330.50,2.70,53,125,565
04/02/2017 10:20:16,217,10.8,2328.510,331.60,2.70,52,127,566
04/02/2017 10:20:26,221,10.8,2330.920,331.37,2.70,53,126,566
04/02/2017 10:20:36,201,10.8,2333.270,331.28,2.69,53,126,565
04/02/2017 10:20:46,217,10.8,2335.620,331.44,2.69,53,128,566
04/02/2017 10:20:56,208,10.8,2338.060,331.13,2.69,53,128,566
04/02/2017 10:21:06,226,10.8,2340.480,330.83,2.69,53,126,566
04/02/2017 10:21:16,194,10.8,2343.060,330.40,2.69,53,122,566
04/02/2017 10:21:26,213,10.8,2345.360,329.92,2.69,53,123,566
04/02/2017 10:21:36,198,10.8,2347.750,329.58,2.69,52,125,565
04/02/2017 10:21:46,189,10.8,2350.110,329.10,2.69,53,131,566
04/02/2017 10:21:56,203,10.8,2352.610,328.50,2.69,52,126,566
04/02/2017 10:22:06,248,10.8,2355.050,329.38,2.67,54,124,566
04/02/2017 10:22:16,225,10.8,2357.340,329.76,2.66,53,129,565
04/02/2017 10:22:26,209,10.8,2359.690,329.72,2.65,54,126,566
04/02/2017 10:22:36,220,10.8,2362.140,330.06,2.65,54,126,566
04/02/2017 10:22:46,238,10.8,2364.550,331.14,2.64,53,122,566
04/02/2017 10:22:56,220,10.8,2366.950,330.35,2.64,53,121,566
04/02/2017 10:23:06,199,10.8,2369.260,328.84,2.65,53,121,566
04/02/2017 10:23:16,223,10.7,2371.560,327.33,2.65,52,124,566
04/02/2017 10:23:26,222,10.8,2374.060,327.42,2.65,54,119,566
04/02/2017 10:23:36,206,10.8,2376.330,326.35,2.65,52,120,566
04/02/2017 10:23:46,229,10.8,2378.740,325.96,2.65,54,116,566
04/02/2017 10:23:56,219,10.8,2381.240,325.55,2.65,53,118,566
04/02/2017 10:24:06,187,10.8,2383.450,326.33,2.64,53,117,566
04/02/2017 10:24:16,184,10.9,2385.980,326.29,2.64,52,119,566
04/02/2017 10:24:26,230,10.8,2388.290,326.33,2.63,54,116,566
04/02/2017 10:24:36,205,10.8,2390.640,326.43,2.63,53,117,566
04/02/2017 10:24:46,200,10.8,2392.910,326.62,2.62,54,119,566
04/02/2017 10:24:56,225,10.8,2395.420,326.59,2.62,54,117,566
04/02/2017 10:25:06,213,10.8,2397.660,325.87,2.61,53,115,566
04/02/2017 10:25:16,230,10.8,2400.230,325.86,2.60,53,133,566
04/02/2017 10:25:26,213,10.8,2402.420,326.53,2.60,53,117,566
04/02/2017 10:25:36,208,10.8,2404.890,326.57,2.60,53,117,566
04/02/2017 10:25:46,228,10.8,2407.130,327.01,2.59,54,118,566
04/02/2017 10:25:56,209,10.8,2409.670,326.62,2.59,53,118,566
04/02/2017 10:26:06,206,10.8,2412.040,326.69,2.59,54,119,566
04/02/2017 10:26:16,214,10.8,2414.310,326.37,2.59,52,121,566
04/02/2017 10:26:26,216,10.8,2416.650,326.51,2.58,55,118,566
04/02/2017 10:26:36,213,10.8,2418.950,326.86,2.58,53,120,566
04/02/2017 10:26:46,192,10.8,2421.320,327.07,2.58,53,121,566
04/02/2017 10:26:56,206,10.8,2423.630,327.36,2.58,54,121,566
04/02/2017 10:27:06,219,10.8,2426.010,327.24,2.58,54,123,566
04/02/2017 10:27:16,195,10.8,2428.220,326.87,2.57,53,120,566
04/02/2017 10:27:26,226,10.8,2430.570,327.30,2.56,53,119,566
04/02/2017 10:27:36,196,10.8,2432.970,327.57,2.56,53,122,566
04/02/2017 10:27:46,207,10.8,2435.200,327.92,2.55,53,124,566
04/02/2017 10:27:56,240,10.8,2437.550,328.75,2.54,53,121,566
04/02/2017 10:28:06,229,10.8,2439.850,329.96,2.54,52,125,566
04/02/2017 10:28:16,212,10.8,2442.050,330.22,2.54,54,123,566
04/02/2017 10:28:26,228,10.8,2444.380,331.29,2.52,54,125,566
04/02/2017 10:28:36,235,10.8,2446.710,332.30,2.50,54,128,566
04/02/2017 10:28:46,225,10.8,2449.140,332.70,2.49,52,137,566
04/02/2017 10:28:56,224,10.8,2451.520,333.47,2.48,52,125,566
04/02/2017 10:29:06,233,10.8,2453.760,332.64,2.48,53,129,566
04/02/2017 10:29:16,220,10.8,2456.050,332.24,2.48,52,125,566
04/02/2017 10:29:26,213,10.8,2458.310,333.15,2.48,51,123,566
04/02/2017 10:29:36,227,10.8,2460.560,332.49,2.48,55,130,566
04/02/2017 10:29:46,211,10.8,2462.850,332.51,2.47,53,127,566
04/02/2017 10:29:56,218,10.8,2465.090,332.31,2.47,54,129,566
04/02/2017 10:30:06,207,10.8,2467.360,332.70,2.46,53,127,566
04/02/2017 10:30:16,208,10.8,2469.630,332.93,2.44,53,128,566
04/02/2017 10:30:26,212,10.8,2471.820,334.32,2.40,53,130,566
04/02/2017 10:30:36,226,10.8,2474.180,335.15,2.40,54,130,566
04/02/2017 10:30:46,209,10.8,2476.480,335.24,2.39,53,129,566
04/02/2017 10:30:56,246,10.8,2478.660,335.75,2.39,54,136,566
04/02/2017 10:31:06,214,10.8,2481.100,335.36,2.39,53,135,566
04/02/2017 10:31:16,232,10.8,2483.250,335.98,2.38,53,132,566
04/02/2017 10:31:26,235,10.9,2485.580,336.12,2.38,54,136,566
04/02/2017 10:31:36,200,10.8,2487.660,336.20,2.36,54,134,566
04/02/2017 10:31:46,225,10.8,2489.890,335.51,2.35,53,127,566
04/02/2017 10:31:56,219,10.8,2492.190,334.95,2.35,54,124,566
04/02/2017 10:32:06,226,10.8,2494.420,335.31,2.35,53,124,566
04/02/2017 10:32:16,202,10.8,2496.570,333.89,2.34,53,131,566
04/02/2017 10:32:26,232,10.8,2498.730,334.20,2.33,53,127,566
04/02/2017 10:32:36,185,10.8,2500.980,334.49,2.30,53,124,566
04/02/2017 10:32:46,225,10.8,2503.180,335.10,2.29,54,122,566
04/02/2017 10:32:56,219,10.8,2505.340,334.84,2.29,54,124,566
04/02/2017 10:33:06,182,10.8,2507.480,334.82,2.28,53,125,566
04/02/2017 10:33:16,244,10.8,2509.640,335.70,2.27,53,127,566
04/02/2017 10:33:26,234,10.8,2511.840,336.28,2.24,54,123,566
04/02/2017 10:33:36,213,10.8,2513.960,336.02,2.23,52,125,566
04/02/2017 10:33:46,192,10.8,2515.940,336.59,2.22,53,126,566
04/02/2017 10:33:56,211,10.8,2518.210,336.84,2.20,53,124,566
04/02/2017 10:34:06,205,10.8,2520.210,337.33,2.19,54,125,566
04/02/2017 10:34:16,194,10.8,2522.360,338.44,2.15,52,127,566
04/02/2017 10:34:26,227,10.8,2524.530,338.83,2.14,53,128,566
04/02/2017 10:34:36,206,10.8,2526.720,338.05,2.13,54,128,566
04/02/2017 10:34:46,206,10.9,2528.950,338.83,2.12,52,129,566

 Ramp exit:    SMOOTH RUNNING
 Profile exit: BOTTOM PRESSURE

 Vehicle motion stopped at 04/02/2017 10:34:50
 Sensor logging stopped at 04/02/2017 10:36:58
