
 Profile 329

 Sensors were turned on at  04/11/2017 12:00:02
 Vehicle began profiling at 04/11/2017 12:02:04

Date,[mA],[V],[dbar],Oxygen[uM],Optode Temp[C],Chl,NTU,Therm
04/11/2017 12:02:04,0,11.0,0.000,0.00,0.00,52,118,569
04/11/2017 12:02:14,170,10.8,0.000,0.00,0.00,52,115,569
04/11/2017 12:02:24,138,10.8,0.000,0.00,0.00,53,118,569
04/11/2017 12:02:37,135,10.9,2520.840,326.71,2.53,53,117,569
04/11/2017 12:02:47,73,11.0,2518.050,327.19,2.54,53,117,569
04/11/2017 12:02:57,84,11.0,2515.190,327.56,2.55,54,118,569
04/11/2017 12:03:07,76,11.0,2512.480,326.60,2.56,53,118,569
04/11/2017 12:03:17,72,11.0,2509.530,325.04,2.57,53,117,568
04/11/2017 12:03:27,77,11.0,2506.790,324.42,2.57,53,115,568
04/11/2017 12:03:37,69,11.0,2504.080,325.06,2.58,53,113,568
04/11/2017 12:03:47,73,11.0,2501.070,324.92,2.59,55,115,568
04/11/2017 12:03:57,83,11.0,2498.420,324.56,2.60,54,113,568
04/11/2017 12:04:07,78,11.0,2495.610,323.83,2.62,53,116,568
04/11/2017 12:04:17,74,10.9,2492.730,323.63,2.62,53,112,568
04/11/2017 12:04:27,90,10.9,2489.960,323.25,2.62,54,113,568
04/11/2017 12:04:37,86,10.9,2487.200,324.11,2.63,54,113,568
04/11/2017 12:04:47,83,10.9,2484.390,323.29,2.64,54,114,568
04/11/2017 12:04:57,82,10.9,2481.570,322.62,2.64,52,114,568
04/11/2017 12:05:07,86,10.9,2478.680,323.00,2.65,52,114,567
04/11/2017 12:05:17,74,10.9,2475.990,322.64,2.65,53,116,568
04/11/2017 12:05:27,74,10.9,2473.070,321.95,2.66,52,114,567
04/11/2017 12:05:37,82,10.9,2470.470,322.64,2.66,52,114,568
04/11/2017 12:05:47,81,10.9,2467.590,322.41,2.66,54,112,567
04/11/2017 12:05:57,82,10.9,2464.860,323.06,2.67,51,112,568
04/11/2017 12:06:07,72,10.9,2462.080,322.78,2.67,52,116,567
04/11/2017 12:06:17,94,10.9,2459.140,323.14,2.68,53,111,567
04/11/2017 12:06:27,79,10.9,2456.350,322.55,2.69,53,117,567
04/11/2017 12:06:37,80,10.9,2453.530,321.74,2.69,53,113,567
04/11/2017 12:06:47,77,10.9,2450.800,322.29,2.69,53,112,567
04/11/2017 12:06:57,74,10.9,2448.020,321.87,2.69,54,111,567
04/11/2017 12:07:07,83,10.9,2445.310,321.53,2.69,54,112,567
04/11/2017 12:07:17,99,10.9,2442.560,322.36,2.70,52,112,567
04/11/2017 12:07:27,87,10.9,2439.760,322.70,2.70,53,114,567
04/11/2017 12:07:37,82,10.9,2436.900,322.12,2.70,54,113,567
04/11/2017 12:07:47,94,10.8,2434.220,321.85,2.71,53,112,567
04/11/2017 12:07:57,90,10.9,2431.470,322.04,2.71,52,123,567
04/11/2017 12:08:07,86,10.9,2428.740,321.27,2.72,53,114,567
04/11/2017 12:08:17,84,10.9,2425.910,322.05,2.72,54,112,567
04/11/2017 12:08:27,78,10.9,2423.000,321.64,2.72,52,112,567
04/11/2017 12:08:37,94,10.9,2420.280,321.46,2.73,52,110,567
04/11/2017 12:08:47,77,10.9,2417.520,321.55,2.73,53,113,567
04/11/2017 12:08:57,83,10.9,2414.730,321.27,2.73,53,111,567
04/11/2017 12:09:07,78,10.9,2411.950,321.69,2.73,54,113,567
04/11/2017 12:09:17,95,10.9,2409.230,321.19,2.74,53,112,567
04/11/2017 12:09:27,75,10.9,2406.330,321.63,2.74,52,113,567
04/11/2017 12:09:37,91,10.9,2403.600,321.70,2.74,55,112,567
04/11/2017 12:09:47,86,10.8,2400.770,321.84,2.75,53,115,567
04/11/2017 12:09:57,83,10.9,2398.000,321.67,2.75,54,112,567
04/11/2017 12:10:07,90,10.9,2395.330,322.80,2.76,54,113,567
04/11/2017 12:10:17,99,10.9,2392.440,321.36,2.77,54,110,567
04/11/2017 12:10:27,93,10.9,2389.860,320.88,2.77,54,112,567
04/11/2017 12:10:37,87,10.9,2386.980,321.85,2.77,52,112,567
04/11/2017 12:10:47,83,10.9,2384.190,320.97,2.78,54,111,567
04/11/2017 12:10:57,84,10.9,2381.520,320.94,2.78,53,112,566
04/11/2017 12:11:07,93,10.9,2378.750,321.38,2.79,53,114,567
04/11/2017 12:11:17,96,10.9,2375.900,321.16,2.79,52,111,567
04/11/2017 12:11:27,92,10.9,2373.210,320.83,2.80,52,110,567
04/11/2017 12:11:37,69,10.9,2370.410,320.24,2.81,54,110,567
04/11/2017 12:11:47,82,10.9,2367.540,319.80,2.81,53,111,567
04/11/2017 12:11:57,91,10.9,2364.800,319.35,2.81,53,111,566
04/11/2017 12:12:07,96,10.8,2362.080,320.12,2.81,53,108,566
04/11/2017 12:12:17,95,10.9,2359.300,319.83,2.81,54,109,567
04/11/2017 12:12:27,85,10.9,2356.540,319.66,2.82,53,110,566
04/11/2017 12:12:37,80,10.9,2353.730,319.54,2.82,52,111,567
04/11/2017 12:12:47,88,10.9,2351.020,319.01,2.82,55,117,566
04/11/2017 12:12:57,78,10.9,2348.270,319.99,2.82,52,114,566
04/11/2017 12:13:07,84,10.9,2345.410,319.74,2.82,54,110,567
04/11/2017 12:13:17,88,10.9,2342.660,320.27,2.82,53,110,566
04/11/2017 12:13:27,91,10.9,2339.950,319.45,2.82,53,111,566
04/11/2017 12:13:37,83,10.9,2337.190,320.72,2.83,52,111,566
04/11/2017 12:13:47,80,10.9,2334.430,319.89,2.83,53,108,566
04/11/2017 12:13:57,97,10.9,2331.600,319.95,2.83,52,111,566
04/11/2017 12:14:07,89,10.8,2328.860,319.80,2.83,54,110,566
04/11/2017 12:14:17,81,10.9,2326.010,320.63,2.83,52,109,566
04/11/2017 12:14:27,86,10.9,2323.340,319.65,2.84,54,108,566
04/11/2017 12:14:37,89,10.9,2320.560,319.67,2.84,53,110,566
04/11/2017 12:14:47,92,10.9,2317.690,319.66,2.84,52,110,566
04/11/2017 12:14:57,91,10.9,2315.030,320.50,2.84,53,109,566
04/11/2017 12:15:07,81,10.9,2312.240,319.84,2.84,52,112,566
04/11/2017 12:15:17,79,10.9,2309.440,320.02,2.84,52,110,566
04/11/2017 12:15:27,93,10.9,2306.790,320.54,2.84,53,113,566
04/11/2017 12:15:37,81,10.9,2303.850,319.65,2.85,53,110,566
04/11/2017 12:15:47,89,10.9,2301.110,320.15,2.85,54,110,566
04/11/2017 12:15:57,79,10.9,2298.290,320.47,2.85,53,110,566
04/11/2017 12:16:07,83,10.9,2295.640,320.15,2.85,54,109,566
04/11/2017 12:16:17,92,10.9,2292.800,320.17,2.85,52,108,566
04/11/2017 12:16:27,75,10.9,2289.940,319.76,2.85,52,110,566
04/11/2017 12:16:37,82,10.9,2287.230,320.45,2.85,52,109,566
04/11/2017 12:16:47,80,10.9,2284.550,320.59,2.85,52,111,566
04/11/2017 12:16:57,75,10.9,2281.810,321.17,2.86,53,111,566
04/11/2017 12:17:07,86,10.9,2278.830,320.33,2.86,54,110,566
04/11/2017 12:17:17,80,10.9,2276.120,320.52,2.86,53,114,566
04/11/2017 12:17:27,94,10.9,2273.390,320.59,2.86,53,109,566
04/11/2017 12:17:37,89,10.9,2270.540,321.10,2.87,52,112,566
04/11/2017 12:17:47,91,10.9,2267.830,320.43,2.87,53,110,566
04/11/2017 12:17:57,80,10.9,2265.140,321.42,2.87,53,111,566
04/11/2017 12:18:07,87,10.9,2262.440,320.48,2.87,52,111,566
04/11/2017 12:18:17,88,10.9,2259.530,320.93,2.88,54,111,566
04/11/2017 12:18:27,83,10.9,2256.760,320.79,2.88,54,111,566
04/11/2017 12:18:37,80,10.9,2253.970,320.13,2.88,53,111,566
04/11/2017 12:18:47,85,10.9,2251.300,320.26,2.89,53,110,566
04/11/2017 12:18:57,78,10.9,2248.450,320.73,2.89,53,110,566
04/11/2017 12:19:07,95,10.9,2245.620,320.59,2.89,53,111,566
04/11/2017 12:19:17,74,10.9,2242.990,320.54,2.90,53,112,566
04/11/2017 12:19:27,94,10.9,2240.060,319.96,2.90,53,110,566
04/11/2017 12:19:37,88,10.9,2237.520,320.36,2.90,53,115,566
04/11/2017 12:19:47,102,10.9,2234.590,320.12,2.91,54,117,566
04/11/2017 12:19:57,85,10.9,2231.910,320.54,2.91,54,111,566
04/11/2017 12:20:07,85,10.9,2229.090,320.54,2.91,53,109,566
04/11/2017 12:20:17,82,10.9,2226.300,320.33,2.91,53,110,566
04/11/2017 12:20:27,86,10.9,2223.580,319.95,2.91,53,110,566
04/11/2017 12:20:37,87,10.9,2220.680,320.98,2.92,54,110,566
04/11/2017 12:20:47,82,10.9,2218.050,320.57,2.92,53,112,566
04/11/2017 12:20:57,92,10.9,2215.140,320.35,2.92,53,111,566
04/11/2017 12:21:07,89,10.9,2212.480,320.55,2.92,53,110,566
04/11/2017 12:21:17,93,10.9,2209.680,320.79,2.92,52,111,566
04/11/2017 12:21:27,86,10.9,2207.030,320.62,2.92,53,109,566
04/11/2017 12:21:37,83,10.9,2204.230,321.11,2.92,53,109,566
04/11/2017 12:21:47,84,10.9,2201.520,321.38,2.92,53,113,566
04/11/2017 12:21:57,88,10.9,2198.770,321.15,2.92,53,110,566
04/11/2017 12:22:07,86,10.9,2195.940,320.92,2.93,53,109,566
04/11/2017 12:22:17,91,10.9,2192.990,320.98,2.93,54,112,566
04/11/2017 12:22:27,95,10.9,2190.340,321.55,2.94,52,111,566
04/11/2017 12:22:37,93,10.9,2187.640,321.14,2.94,52,110,566
04/11/2017 12:22:47,95,10.9,2184.730,320.63,2.95,54,110,566
04/11/2017 12:22:57,85,10.9,2182.030,319.80,2.95,53,110,566
04/11/2017 12:23:07,92,10.9,2179.230,319.25,2.95,53,109,566
04/11/2017 12:23:17,90,10.9,2176.480,320.44,2.95,53,112,566
04/11/2017 12:23:27,80,10.9,2173.770,319.92,2.96,53,109,566
04/11/2017 12:23:37,89,10.9,2170.970,320.58,2.96,52,110,566
04/11/2017 12:23:47,76,10.9,2168.230,320.78,2.96,53,110,566
04/11/2017 12:23:57,79,10.9,2165.370,320.79,2.96,54,109,566
04/11/2017 12:24:07,75,10.9,2162.610,320.39,2.97,52,110,566
04/11/2017 12:24:17,87,10.9,2159.780,320.76,2.97,54,113,566
04/11/2017 12:24:27,81,10.9,2157.020,320.45,2.97,53,110,566
04/11/2017 12:24:37,77,10.9,2154.390,319.95,2.97,54,109,566
04/11/2017 12:24:47,79,10.9,2151.490,320.38,2.97,53,111,566
04/11/2017 12:24:57,93,10.9,2148.800,320.47,2.98,53,112,566
04/11/2017 12:25:07,101,10.9,2146.060,320.79,2.98,53,112,566
04/11/2017 12:25:17,91,10.9,2143.290,320.63,2.98,53,111,566
04/11/2017 12:25:27,87,10.9,2140.450,320.49,2.99,52,112,566
04/11/2017 12:25:37,81,10.9,2137.760,320.46,2.99,52,110,566
04/11/2017 12:25:47,80,10.9,2134.990,320.50,2.99,55,110,566
04/11/2017 12:25:57,102,10.9,2132.200,320.39,3.00,54,111,566
04/11/2017 12:26:07,100,10.9,2129.450,320.49,3.00,52,111,566
04/11/2017 12:26:17,101,10.9,2126.630,320.63,3.01,51,118,566
04/11/2017 12:26:27,88,10.9,2123.990,320.66,3.01,53,111,566
04/11/2017 12:26:37,83,10.9,2121.100,320.35,3.01,53,110,566
04/11/2017 12:26:47,88,10.9,2118.380,320.56,3.01,52,111,566
04/11/2017 12:26:57,79,10.9,2115.700,320.48,3.01,53,111,566
04/11/2017 12:27:07,96,10.9,2112.930,320.13,3.01,52,111,566
04/11/2017 12:27:17,94,10.9,2110.160,319.98,3.01,54,110,566
04/11/2017 12:27:27,108,10.9,2107.370,321.10,3.01,52,111,566
04/11/2017 12:27:37,108,10.9,2104.610,320.29,3.02,55,111,566
04/11/2017 12:27:47,91,10.9,2101.980,321.55,3.02,53,111,566
04/11/2017 12:27:57,100,10.9,2099.050,320.79,3.02,54,110,566
04/11/2017 12:28:07,97,10.9,2096.400,320.67,3.02,54,115,566
04/11/2017 12:28:17,90,10.9,2093.640,321.07,3.03,53,110,566
04/11/2017 12:28:27,108,10.9,2090.820,320.19,3.04,53,111,566
04/11/2017 12:28:37,88,10.9,2088.190,320.47,3.04,52,112,566
04/11/2017 12:28:47,100,10.9,2085.350,320.25,3.05,52,111,566
04/11/2017 12:28:57,90,10.9,2082.540,320.35,3.04,53,110,566
04/11/2017 12:29:07,85,10.9,2079.900,321.09,3.04,54,111,566
04/11/2017 12:29:17,97,10.9,2077.190,320.71,3.04,52,111,566
04/11/2017 12:29:27,98,10.9,2074.310,320.53,3.04,52,112,566
04/11/2017 12:29:37,85,10.9,2071.560,320.96,3.05,53,111,566
04/11/2017 12:29:47,97,10.9,2068.740,321.33,3.05,52,112,566
04/11/2017 12:29:57,89,10.9,2066.150,320.18,3.06,54,113,566
04/11/2017 12:30:07,85,10.9,2063.360,320.43,3.06,53,112,566
04/11/2017 12:30:17,86,10.9,2060.570,320.65,3.06,52,111,566
04/11/2017 12:30:27,91,10.9,2057.730,320.93,3.07,53,111,566
04/11/2017 12:30:37,99,10.9,2055.010,320.07,3.08,52,110,566
04/11/2017 12:30:47,96,10.9,2052.210,320.31,3.08,54,111,566
04/11/2017 12:30:57,92,10.9,2049.570,320.29,3.08,52,110,566
04/11/2017 12:31:07,96,10.9,2046.830,320.81,3.09,54,112,566
04/11/2017 12:31:17,88,10.9,2044.140,320.61,3.09,54,111,566
04/11/2017 12:31:27,103,10.9,2041.350,320.89,3.09,54,111,566
04/11/2017 12:31:37,93,10.9,2038.630,320.31,3.10,53,111,566
04/11/2017 12:31:47,92,10.9,2035.750,321.39,3.10,52,110,566
04/11/2017 12:31:57,81,10.9,2033.170,320.97,3.10,54,110,566
04/11/2017 12:32:07,82,10.9,2030.320,320.61,3.10,53,110,566
04/11/2017 12:32:17,113,10.9,2027.530,321.16,3.09,53,111,566
04/11/2017 12:32:27,110,10.9,2024.940,320.73,3.10,53,110,566
04/11/2017 12:32:37,102,10.9,2022.040,321.87,3.10,54,110,566
04/11/2017 12:32:47,97,10.9,2019.390,321.24,3.10,53,121,566
04/11/2017 12:32:57,84,10.9,2016.680,321.00,3.10,53,111,566
04/11/2017 12:33:07,93,10.9,2013.760,321.35,3.10,54,109,566
04/11/2017 12:33:17,106,10.9,2011.200,321.20,3.10,54,112,566
04/11/2017 12:33:27,91,10.9,2008.390,321.83,3.10,55,110,566
04/11/2017 12:33:37,103,10.9,2005.690,321.63,3.10,52,111,566
04/11/2017 12:33:47,105,10.9,2002.870,322.18,3.11,53,112,566
04/11/2017 12:33:57,104,10.9,2000.230,321.71,3.11,53,109,566
04/11/2017 12:34:07,103,10.9,1997.380,322.02,3.11,53,113,566
04/11/2017 12:34:17,106,10.9,1994.620,321.58,3.11,54,110,566
04/11/2017 12:34:27,101,10.9,1991.970,321.98,3.11,54,108,566
04/11/2017 12:34:37,99,10.9,1989.270,321.47,3.11,52,110,565
04/11/2017 12:34:47,96,10.9,1986.570,321.51,3.11,52,110,566
04/11/2017 12:34:57,96,10.9,1983.680,322.02,3.12,53,110,566
04/11/2017 12:35:07,91,10.9,1981.130,322.43,3.12,52,109,565
04/11/2017 12:35:17,101,10.9,1978.300,322.16,3.12,54,113,565
04/11/2017 12:35:27,98,10.9,1975.460,322.35,3.13,54,110,565
04/11/2017 12:35:37,101,10.9,1972.740,321.90,3.13,51,111,566
04/11/2017 12:35:47,104,10.9,1970.110,322.14,3.13,54,110,566
04/11/2017 12:35:57,101,10.9,1967.300,322.30,3.14,52,110,565
04/11/2017 12:36:07,84,10.9,1964.470,321.77,3.14,53,110,566
04/11/2017 12:36:17,103,10.9,1961.850,322.21,3.15,54,110,566
04/11/2017 12:36:27,98,10.9,1959.180,321.78,3.14,54,111,566
04/11/2017 12:36:37,107,10.9,1956.300,321.87,3.16,52,110,565
04/11/2017 12:36:47,105,10.9,1953.680,321.01,3.16,53,108,565
04/11/2017 12:36:57,104,10.9,1950.830,321.79,3.17,53,114,565
04/11/2017 12:37:07,94,10.9,1948.170,321.49,3.18,53,114,565
04/11/2017 12:37:17,99,10.9,1945.490,321.62,3.18,54,111,565
04/11/2017 12:37:27,96,10.9,1942.770,321.46,3.18,52,111,566
04/11/2017 12:37:37,100,10.9,1939.950,321.10,3.18,53,110,565
04/11/2017 12:37:47,109,10.9,1937.280,322.16,3.18,54,110,565
04/11/2017 12:37:57,104,10.9,1934.450,321.58,3.18,52,111,565
04/11/2017 12:38:07,98,10.9,1931.820,321.08,3.19,53,111,565
04/11/2017 12:38:17,100,10.9,1928.950,321.38,3.19,52,111,566
04/11/2017 12:38:27,89,10.9,1926.210,321.35,3.19,54,111,565
04/11/2017 12:38:37,102,10.9,1923.640,322.13,3.19,53,110,565
04/11/2017 12:38:47,109,10.9,1920.790,321.25,3.19,54,110,565
04/11/2017 12:38:57,109,10.9,1918.180,322.10,3.19,53,111,565
04/11/2017 12:39:07,101,10.9,1915.280,321.60,3.19,54,110,565
04/11/2017 12:39:17,103,10.9,1912.600,321.90,3.19,52,111,565
04/11/2017 12:39:27,113,10.9,1909.880,322.44,3.19,53,112,566
04/11/2017 12:39:37,94,10.9,1907.120,321.95,3.19,53,110,565
04/11/2017 12:39:47,94,10.9,1904.390,321.89,3.20,52,111,566
04/11/2017 12:39:57,105,10.9,1901.640,322.34,3.20,54,109,565
04/11/2017 12:40:07,104,10.9,1899.010,322.46,3.21,53,110,565
04/11/2017 12:40:17,109,10.9,1896.200,321.78,3.22,53,111,565
04/11/2017 12:40:27,93,10.9,1893.470,322.20,3.23,51,109,565
04/11/2017 12:40:37,100,10.9,1890.780,321.67,3.23,53,114,565
04/11/2017 12:40:47,104,10.9,1888.010,321.19,3.24,52,111,565
04/11/2017 12:40:57,94,10.9,1885.250,321.11,3.24,52,117,565
04/11/2017 12:41:07,93,10.9,1882.580,321.83,3.24,53,111,565
04/11/2017 12:41:17,100,10.9,1879.880,321.49,3.24,53,111,565
04/11/2017 12:41:27,105,10.9,1877.100,321.91,3.24,52,112,565
04/11/2017 12:41:37,113,10.8,1874.450,321.40,3.25,53,111,566
04/11/2017 12:41:47,102,10.9,1871.550,321.63,3.25,52,109,565
04/11/2017 12:41:57,107,10.9,1868.920,321.96,3.25,54,112,565
04/11/2017 12:42:07,101,10.9,1866.240,321.74,3.26,53,110,565
04/11/2017 12:42:17,109,10.9,1863.420,321.84,3.26,53,111,565
04/11/2017 12:42:27,103,10.9,1860.730,321.05,3.26,53,111,565
04/11/2017 12:42:37,95,10.9,1858.050,321.39,3.26,52,113,565
04/11/2017 12:42:47,110,10.9,1855.360,322.36,3.27,53,110,565
04/11/2017 12:42:57,112,10.9,1852.570,322.07,3.27,54,119,565
04/11/2017 12:43:07,109,10.9,1849.690,322.28,3.27,52,110,565
04/11/2017 12:43:17,100,10.9,1847.010,322.24,3.27,53,110,565
04/11/2017 12:43:27,102,10.9,1844.300,322.54,3.26,54,111,565
04/11/2017 12:43:37,95,10.9,1841.660,322.60,3.26,52,111,565
04/11/2017 12:43:47,87,10.9,1838.830,322.38,3.27,52,111,565
04/11/2017 12:43:57,98,10.9,1836.210,321.86,3.27,52,109,565
04/11/2017 12:44:07,103,10.9,1833.560,322.32,3.26,53,110,565
04/11/2017 12:44:17,102,10.9,1830.720,322.30,3.25,54,111,565
04/11/2017 12:44:27,107,10.9,1827.980,322.58,3.25,54,113,565
04/11/2017 12:44:37,106,10.9,1825.200,322.99,3.25,53,111,565
04/11/2017 12:44:47,93,10.9,1822.610,322.99,3.25,53,110,565
04/11/2017 12:44:57,94,10.9,1819.710,322.94,3.25,53,112,565
04/11/2017 12:45:07,109,10.9,1816.980,322.77,3.25,52,111,565
04/11/2017 12:45:17,106,10.9,1814.410,323.14,3.26,53,111,565
04/11/2017 12:45:27,116,10.9,1811.630,322.22,3.28,54,113,565
04/11/2017 12:45:37,113,10.9,1808.840,322.55,3.28,53,111,565
04/11/2017 12:45:47,118,10.9,1806.110,321.97,3.28,54,110,565
04/11/2017 12:45:57,120,10.9,1803.440,321.92,3.29,53,110,565
04/11/2017 12:46:07,121,10.9,1800.710,322.42,3.29,54,111,565
04/11/2017 12:46:17,105,10.8,1797.970,322.65,3.29,53,112,565
04/11/2017 12:46:27,101,10.9,1795.270,323.07,3.29,54,111,565
04/11/2017 12:46:37,94,10.9,1792.560,322.74,3.28,53,111,565
04/11/2017 12:46:47,97,10.9,1789.960,323.16,3.27,51,112,565
04/11/2017 12:46:57,92,10.9,1787.090,322.86,3.27,52,112,565
04/11/2017 12:47:07,102,10.9,1784.360,322.60,3.27,53,110,565
04/11/2017 12:47:17,114,10.9,1781.670,323.02,3.27,53,112,565
04/11/2017 12:47:27,122,10.8,1779.010,323.22,3.27,53,112,565
04/11/2017 12:47:37,114,10.9,1776.250,323.95,3.28,52,112,565
04/11/2017 12:47:47,100,10.9,1773.540,322.71,3.29,53,111,565
04/11/2017 12:47:57,101,10.9,1770.800,323.88,3.30,53,110,565
04/11/2017 12:48:07,115,10.8,1768.150,322.79,3.30,53,112,565
04/11/2017 12:48:17,112,10.9,1765.430,323.07,3.30,53,112,565
04/11/2017 12:48:27,111,10.9,1762.600,323.26,3.30,54,111,565
04/11/2017 12:48:37,107,10.9,1759.900,323.59,3.31,53,112,565
04/11/2017 12:48:47,116,10.9,1757.200,323.52,3.31,55,111,565
04/11/2017 12:48:57,104,10.9,1754.560,323.42,3.31,53,111,565
04/11/2017 12:49:07,106,10.9,1751.700,323.01,3.31,52,112,565
04/11/2017 12:49:17,112,10.9,1749.070,323.55,3.31,54,111,565
04/11/2017 12:49:27,130,10.9,1746.400,323.28,3.32,53,110,565
04/11/2017 12:49:37,114,10.8,1743.680,323.21,3.32,52,112,565
04/11/2017 12:49:47,108,10.9,1740.990,323.97,3.32,53,111,565
04/11/2017 12:49:57,103,10.9,1738.250,323.15,3.32,51,111,565
04/11/2017 12:50:07,112,10.8,1735.520,323.29,3.32,52,112,565
04/11/2017 12:50:17,119,10.9,1732.690,323.03,3.32,53,112,565
04/11/2017 12:50:27,101,10.9,1730.000,324.09,3.32,53,110,565
04/11/2017 12:50:37,105,10.9,1727.440,322.74,3.32,53,112,565
04/11/2017 12:50:47,116,10.9,1724.690,323.55,3.33,52,111,565
04/11/2017 12:50:57,105,10.9,1721.950,323.62,3.33,53,111,565
04/11/2017 12:51:07,124,10.9,1719.310,323.67,3.33,52,110,565
04/11/2017 12:51:17,109,10.9,1716.470,323.96,3.34,54,111,565
04/11/2017 12:51:27,108,10.8,1713.860,324.01,3.34,54,111,565
04/11/2017 12:51:37,119,10.9,1711.160,323.94,3.34,53,109,565
04/11/2017 12:51:47,121,10.8,1708.560,323.24,3.35,53,111,565
04/11/2017 12:51:57,118,10.9,1705.910,323.03,3.35,53,114,565
04/11/2017 12:52:07,103,10.9,1703.260,322.21,3.36,53,111,565
04/11/2017 12:52:17,105,10.9,1700.550,322.97,3.36,53,114,565
04/11/2017 12:52:27,104,10.9,1697.810,323.39,3.36,54,112,565
04/11/2017 12:52:37,89,10.9,1695.260,323.38,3.36,53,113,565
04/11/2017 12:52:47,104,10.9,1692.550,323.60,3.36,53,112,565
04/11/2017 12:52:57,92,10.9,1689.930,323.16,3.37,54,111,565
04/11/2017 12:53:07,104,10.9,1687.210,323.37,3.37,53,110,565
04/11/2017 12:53:17,114,10.9,1684.540,323.51,3.37,52,111,565
04/11/2017 12:53:27,87,10.9,1681.900,322.77,3.38,54,112,565
04/11/2017 12:53:37,99,10.9,1679.340,323.24,3.38,53,110,565
04/11/2017 12:53:47,135,10.9,1676.600,323.53,3.39,52,111,565
04/11/2017 12:53:57,106,10.9,1673.970,323.57,3.39,53,112,565
04/11/2017 12:54:07,99,10.9,1671.280,323.44,3.39,52,113,565
04/11/2017 12:54:17,128,10.8,1668.690,323.40,3.41,52,111,565
04/11/2017 12:54:27,105,10.9,1665.870,323.19,3.41,52,111,565
04/11/2017 12:54:37,112,10.8,1663.220,323.12,3.42,54,114,565
04/11/2017 12:54:47,110,10.8,1660.620,323.42,3.43,54,111,565
04/11/2017 12:54:57,123,10.9,1657.940,323.24,3.43,53,112,565
04/11/2017 12:55:07,98,10.9,1655.170,323.19,3.44,55,113,565
04/11/2017 12:55:17,128,10.9,1652.610,323.14,3.44,52,112,565
04/11/2017 12:55:27,107,10.9,1649.880,322.78,3.45,52,112,565
04/11/2017 12:55:37,122,10.8,1647.180,322.23,3.45,53,111,565
04/11/2017 12:55:47,96,10.9,1644.420,322.72,3.46,53,113,565
04/11/2017 12:55:57,104,10.9,1641.820,322.86,3.45,53,111,565
04/11/2017 12:56:07,107,10.9,1639.160,322.34,3.45,53,113,565
04/11/2017 12:56:17,121,10.9,1636.400,323.12,3.46,54,112,565
04/11/2017 12:56:27,129,10.8,1633.860,322.85,3.46,52,113,565
04/11/2017 12:56:37,92,10.9,1631.120,323.35,3.46,53,113,565
04/11/2017 12:56:47,109,10.9,1628.360,323.16,3.46,52,111,565
04/11/2017 12:56:57,118,10.9,1625.840,322.85,3.47,53,113,565
04/11/2017 12:57:07,99,10.9,1623.220,323.26,3.47,52,112,565
04/11/2017 12:57:17,73,10.9,1620.550,323.05,3.46,53,113,565
04/11/2017 12:57:27,114,10.9,1617.990,323.75,3.46,52,114,565
04/11/2017 12:57:37,107,10.9,1615.300,323.46,3.46,52,114,565
04/11/2017 12:57:47,110,10.8,1612.610,323.31,3.46,52,113,565
04/11/2017 12:57:57,103,10.9,1610.010,324.16,3.47,53,113,565
04/11/2017 12:58:07,124,10.9,1607.540,323.65,3.47,53,112,565
04/11/2017 12:58:17,88,10.9,1604.840,323.89,3.47,54,113,565
04/11/2017 12:58:27,120,10.9,1602.230,323.88,3.47,52,116,565
04/11/2017 12:58:37,130,10.9,1599.600,323.99,3.48,53,111,565
04/11/2017 12:58:47,127,10.9,1597.000,323.57,3.48,53,114,565
04/11/2017 12:58:57,97,10.9,1594.370,323.55,3.48,52,113,565
04/11/2017 12:59:07,93,10.9,1591.800,323.92,3.49,53,111,565
04/11/2017 12:59:17,90,10.9,1589.200,324.14,3.49,52,113,565
04/11/2017 12:59:27,112,10.9,1586.540,324.21,3.49,51,112,565
04/11/2017 12:59:37,93,10.9,1583.950,323.01,3.49,53,112,565
04/11/2017 12:59:47,95,10.9,1581.260,323.21,3.50,52,113,565
04/11/2017 12:59:57,95,10.9,1578.550,324.39,3.50,53,113,565
04/11/2017 13:00:07,77,10.9,1575.970,322.83,3.50,52,113,565
04/11/2017 13:00:17,116,10.9,1573.480,323.54,3.50,51,111,565
04/11/2017 13:00:27,102,10.9,1570.930,323.06,3.50,53,112,565
04/11/2017 13:00:37,122,10.8,1568.270,323.58,3.51,52,113,565
04/11/2017 13:00:47,100,10.9,1565.720,323.86,3.51,52,112,565
04/11/2017 13:00:57,99,10.9,1563.040,323.32,3.51,54,113,565
04/11/2017 13:01:07,107,10.8,1560.610,323.64,3.51,52,112,565
04/11/2017 13:01:17,112,10.9,1558.030,323.11,3.51,53,114,565
04/11/2017 13:01:27,115,10.9,1555.400,323.15,3.51,53,115,565
04/11/2017 13:01:37,107,10.8,1552.730,324.32,3.51,53,112,565
04/11/2017 13:01:47,123,10.9,1550.290,324.77,3.51,53,114,565
04/11/2017 13:01:57,123,10.8,1547.700,324.30,3.51,52,116,565
04/11/2017 13:02:07,110,10.9,1545.070,324.53,3.51,53,114,565
04/11/2017 13:02:17,113,10.9,1542.400,324.97,3.51,54,113,565
04/11/2017 13:02:27,135,10.8,1539.630,324.61,3.51,54,113,565
04/11/2017 13:02:37,112,10.9,1537.060,324.88,3.51,53,113,565
04/11/2017 13:02:47,105,10.9,1534.480,324.92,3.51,53,112,565
04/11/2017 13:02:57,126,10.9,1531.710,325.70,3.52,53,112,565
04/11/2017 13:03:07,153,10.9,1529.140,324.97,3.53,53,114,565
04/11/2017 13:03:17,98,10.9,1526.550,324.85,3.54,53,113,565
04/11/2017 13:03:27,94,10.9,1523.720,325.23,3.54,50,113,565
04/11/2017 13:03:37,116,10.9,1521.000,325.38,3.54,52,114,565
04/11/2017 13:03:47,133,10.8,1518.290,324.91,3.54,53,112,565
04/11/2017 13:03:57,128,10.8,1515.700,325.28,3.55,53,114,565
04/11/2017 13:04:07,104,10.9,1513.070,325.46,3.55,53,113,565
04/11/2017 13:04:17,128,10.8,1510.240,326.39,3.55,54,113,565
04/11/2017 13:04:27,122,10.9,1507.560,325.95,3.55,53,122,565
04/11/2017 13:04:37,116,10.9,1504.910,325.94,3.56,53,113,565
04/11/2017 13:04:47,105,10.9,1502.210,326.16,3.56,53,113,565
04/11/2017 13:04:57,107,10.9,1499.470,325.50,3.56,53,113,565
04/11/2017 13:05:07,129,10.9,1496.930,325.95,3.57,52,114,565
04/11/2017 13:05:17,125,10.8,1494.120,325.79,3.57,51,116,565
04/11/2017 13:05:27,135,10.9,1491.470,326.42,3.57,52,113,565
04/11/2017 13:05:37,111,10.9,1488.770,326.58,3.57,53,114,565
04/11/2017 13:05:47,123,10.8,1486.050,326.18,3.57,53,114,565
04/11/2017 13:05:57,134,10.9,1483.370,326.44,3.57,52,114,565
04/11/2017 13:06:07,122,10.8,1480.740,327.63,3.58,53,114,565
04/11/2017 13:06:17,127,10.8,1478.050,327.19,3.58,52,113,565
04/11/2017 13:06:27,130,10.9,1475.220,326.96,3.58,54,114,565
04/11/2017 13:06:37,114,10.9,1472.670,327.50,3.58,53,113,565
04/11/2017 13:06:47,124,10.9,1470.000,326.96,3.58,53,113,565
04/11/2017 13:06:57,114,10.9,1467.210,327.15,3.58,52,114,565
04/11/2017 13:07:07,129,10.9,1464.570,328.87,3.58,53,117,565
04/11/2017 13:07:17,126,10.9,1461.820,328.22,3.58,51,115,565
04/11/2017 13:07:27,124,10.9,1459.110,328.17,3.58,52,114,565
04/11/2017 13:07:37,110,10.9,1456.520,328.69,3.58,52,112,565
04/11/2017 13:07:47,125,10.9,1453.720,328.85,3.58,52,113,565
04/11/2017 13:07:57,121,10.9,1451.040,329.40,3.58,52,112,565
04/11/2017 13:08:07,133,10.9,1448.370,328.01,3.58,52,114,565
04/11/2017 13:08:17,115,10.8,1445.770,329.86,3.57,51,113,565
04/11/2017 13:08:27,120,10.8,1442.990,329.59,3.57,52,112,565
04/11/2017 13:08:37,127,10.9,1440.330,330.02,3.57,54,113,565
04/11/2017 13:08:47,123,10.9,1437.680,329.16,3.57,51,115,565
04/11/2017 13:08:57,120,10.9,1434.900,330.82,3.57,53,114,565
04/11/2017 13:09:07,113,10.9,1432.380,330.65,3.56,53,113,565
04/11/2017 13:09:17,123,10.8,1429.580,330.58,3.56,53,113,565
04/11/2017 13:09:27,119,10.9,1426.870,331.70,3.56,53,112,565
04/11/2017 13:09:37,107,10.8,1424.150,331.78,3.56,53,112,565
04/11/2017 13:09:47,119,10.9,1421.590,331.83,3.56,53,113,565
04/11/2017 13:09:57,138,10.9,1418.870,332.00,3.56,52,112,565
04/11/2017 13:10:07,133,10.9,1416.140,332.10,3.55,52,113,565
04/11/2017 13:10:17,122,10.9,1413.480,332.88,3.55,52,112,565
04/11/2017 13:10:27,133,10.9,1410.870,332.81,3.55,54,113,565
04/11/2017 13:10:37,136,10.9,1408.210,333.64,3.55,52,112,565
04/11/2017 13:10:47,117,10.9,1405.570,333.84,3.55,51,113,565
04/11/2017 13:10:57,133,10.8,1402.870,334.23,3.54,54,113,565
04/11/2017 13:11:07,121,10.9,1400.090,333.86,3.54,53,113,565
04/11/2017 13:11:17,121,10.9,1397.500,334.96,3.54,53,113,565
04/11/2017 13:11:27,140,10.8,1394.720,334.05,3.53,52,113,565
04/11/2017 13:11:37,112,10.9,1392.040,335.23,3.53,52,113,565
04/11/2017 13:11:47,125,10.9,1389.480,335.61,3.51,53,112,565
04/11/2017 13:11:57,139,10.9,1386.670,337.01,3.50,52,113,565
04/11/2017 13:12:07,124,10.8,1384.120,336.23,3.49,53,112,565
04/11/2017 13:12:17,135,10.8,1381.330,338.32,3.48,53,113,565
04/11/2017 13:12:27,141,10.9,1378.630,338.10,3.48,52,113,565
04/11/2017 13:12:37,120,10.9,1375.970,338.92,3.48,53,112,565
04/11/2017 13:12:47,125,10.8,1373.410,338.84,3.48,53,112,565
04/11/2017 13:12:57,141,10.9,1370.770,338.60,3.48,52,112,565
04/11/2017 13:13:07,128,10.9,1367.950,339.82,3.48,52,115,565
04/11/2017 13:13:17,133,10.8,1365.280,339.43,3.47,52,114,565
04/11/2017 13:13:27,123,10.9,1362.620,339.95,3.45,53,113,565
04/11/2017 13:13:37,110,10.9,1360.030,342.66,3.43,53,115,565
04/11/2017 13:13:47,129,10.9,1357.350,342.84,3.42,51,114,565
04/11/2017 13:13:57,137,10.9,1354.650,343.46,3.41,51,112,565
04/11/2017 13:14:07,118,10.9,1351.950,344.37,3.41,52,115,565
04/11/2017 13:14:17,131,10.9,1349.240,345.36,3.40,53,114,565
04/11/2017 13:14:27,123,10.9,1346.700,345.76,3.39,52,114,565
04/11/2017 13:14:37,113,10.9,1344.000,346.17,3.38,54,115,565
04/11/2017 13:14:47,146,10.9,1341.280,347.36,3.38,52,117,565
04/11/2017 13:14:57,128,10.9,1338.660,346.95,3.37,52,117,565
04/11/2017 13:15:07,147,10.9,1335.980,348.04,3.37,53,115,565
04/11/2017 13:15:17,139,10.8,1333.180,348.50,3.36,52,117,565
04/11/2017 13:15:27,144,10.9,1330.560,348.66,3.36,53,115,565
04/11/2017 13:15:37,128,10.8,1328.000,348.82,3.36,52,112,565
04/11/2017 13:15:47,153,10.9,1325.270,349.65,3.35,53,113,565
04/11/2017 13:15:57,143,10.9,1322.610,349.19,3.35,52,114,565
04/11/2017 13:16:07,141,10.9,1319.860,349.92,3.34,52,112,565
04/11/2017 13:16:17,139,10.9,1317.250,350.18,3.35,51,114,565
04/11/2017 13:16:27,147,10.9,1314.600,350.75,3.35,53,112,565
04/11/2017 13:16:37,141,10.9,1311.900,351.33,3.35,53,112,565
04/11/2017 13:16:47,127,10.9,1309.140,350.91,3.35,53,113,565
04/11/2017 13:16:57,142,10.9,1306.580,351.10,3.35,53,117,565
04/11/2017 13:17:07,123,10.9,1303.890,351.28,3.34,52,112,565
04/11/2017 13:17:17,127,10.9,1301.160,352.32,3.34,53,114,565
04/11/2017 13:17:27,125,10.9,1298.600,352.43,3.34,52,113,565
04/11/2017 13:17:37,138,10.8,1295.810,353.15,3.33,52,113,565
04/11/2017 13:17:47,136,10.8,1293.290,352.83,3.33,53,113,565
04/11/2017 13:17:57,131,10.9,1290.630,353.14,3.33,51,112,565
04/11/2017 13:18:07,121,10.9,1287.820,353.35,3.33,52,113,565
04/11/2017 13:18:17,124,10.9,1285.270,354.60,3.32,52,114,565
04/11/2017 13:18:27,147,10.8,1282.500,353.70,3.32,51,115,565
04/11/2017 13:18:37,127,10.9,1279.760,353.10,3.32,53,113,565
04/11/2017 13:18:47,128,10.9,1277.100,353.75,3.32,53,115,565
04/11/2017 13:18:57,134,10.9,1274.590,353.88,3.32,54,114,565
04/11/2017 13:19:07,129,10.9,1271.890,355.29,3.32,51,112,565
04/11/2017 13:19:17,145,10.9,1269.140,353.95,3.32,52,116,565
04/11/2017 13:19:27,142,10.9,1266.480,355.01,3.32,52,113,565
04/11/2017 13:19:37,156,10.8,1263.920,354.56,3.32,51,112,565
04/11/2017 13:19:47,134,10.9,1261.280,354.72,3.32,52,113,565
04/11/2017 13:19:57,143,10.9,1258.650,356.19,3.32,53,115,565
04/11/2017 13:20:07,129,10.9,1255.960,355.17,3.32,51,113,565
04/11/2017 13:20:17,142,10.9,1253.260,355.41,3.32,51,114,565
04/11/2017 13:20:27,121,10.9,1250.610,355.55,3.32,52,113,565
04/11/2017 13:20:37,137,10.9,1247.990,356.34,3.32,53,114,565
04/11/2017 13:20:47,137,10.9,1245.200,356.06,3.32,52,112,565
04/11/2017 13:20:57,141,10.9,1242.570,355.97,3.32,52,113,565
04/11/2017 13:21:07,138,10.9,1239.990,356.14,3.32,51,115,565
04/11/2017 13:21:17,148,10.9,1237.300,355.31,3.32,52,113,565
04/11/2017 13:21:27,129,10.9,1234.630,355.54,3.32,52,112,565
04/11/2017 13:21:37,145,10.9,1231.960,355.99,3.32,52,113,565
04/11/2017 13:21:47,146,10.9,1229.310,356.87,3.32,53,115,565
04/11/2017 13:21:57,129,10.8,1226.630,355.77,3.32,51,112,565
04/11/2017 13:22:07,143,10.8,1223.970,355.19,3.32,52,112,565
04/11/2017 13:22:17,152,10.9,1221.290,356.10,3.32,51,113,565
04/11/2017 13:22:27,141,10.9,1218.490,355.92,3.33,53,114,565
04/11/2017 13:22:37,152,10.9,1215.970,355.51,3.33,52,114,565
04/11/2017 13:22:47,132,10.9,1213.310,356.04,3.32,53,117,565
04/11/2017 13:22:57,129,10.9,1210.580,356.42,3.33,52,114,565
04/11/2017 13:23:07,126,10.9,1207.960,355.03,3.33,51,115,565
04/11/2017 13:23:17,132,10.9,1205.280,355.67,3.33,52,113,565
04/11/2017 13:23:27,157,10.9,1202.590,355.67,3.34,53,113,565
04/11/2017 13:23:37,118,10.9,1200.010,355.05,3.34,53,113,565
04/11/2017 13:23:47,127,10.9,1197.350,354.98,3.34,53,112,565
04/11/2017 13:23:57,139,10.9,1194.590,355.26,3.34,52,113,565
04/11/2017 13:24:07,139,10.9,1192.020,355.77,3.33,52,114,565
04/11/2017 13:24:17,140,10.9,1189.430,355.93,3.33,52,113,565
04/11/2017 13:24:27,128,10.9,1186.590,355.23,3.33,51,114,565
04/11/2017 13:24:37,119,10.9,1183.970,356.22,3.33,51,115,565
04/11/2017 13:24:47,152,10.9,1181.380,355.94,3.33,51,116,565
04/11/2017 13:24:57,130,10.9,1178.630,356.16,3.33,52,115,565
04/11/2017 13:25:07,149,10.9,1175.990,355.59,3.33,52,117,565
04/11/2017 13:25:17,142,10.9,1173.360,354.75,3.33,53,114,565
04/11/2017 13:25:27,160,10.9,1170.770,356.06,3.33,53,115,565
04/11/2017 13:25:37,136,10.9,1168.040,356.02,3.33,51,114,565
04/11/2017 13:25:47,131,10.9,1165.320,355.93,3.32,51,115,565
04/11/2017 13:25:57,136,10.8,1162.670,355.97,3.32,52,114,565
04/11/2017 13:26:07,151,10.9,1160.010,355.41,3.32,53,115,565
04/11/2017 13:26:17,136,10.9,1157.490,356.20,3.32,53,115,565
04/11/2017 13:26:27,143,10.9,1154.770,356.24,3.32,52,115,565
04/11/2017 13:26:37,152,10.9,1152.060,356.79,3.33,53,114,565
04/11/2017 13:26:47,150,10.9,1149.500,355.75,3.33,52,114,565
04/11/2017 13:26:57,146,10.9,1146.800,355.76,3.33,52,115,565
04/11/2017 13:27:07,143,10.9,1144.040,355.93,3.33,52,115,565
04/11/2017 13:27:17,146,10.9,1141.510,356.92,3.33,53,115,565
04/11/2017 13:27:27,130,10.9,1138.830,355.60,3.33,51,115,565
04/11/2017 13:27:37,133,10.9,1136.210,357.14,3.33,52,114,565
04/11/2017 13:27:47,156,10.9,1133.520,356.40,3.33,52,115,565
04/11/2017 13:27:57,140,10.9,1130.900,357.23,3.33,51,113,565
04/11/2017 13:28:07,132,10.9,1128.060,356.26,3.33,53,115,565
04/11/2017 13:28:17,145,10.8,1125.570,356.83,3.33,52,117,565
04/11/2017 13:28:27,125,10.9,1122.830,356.75,3.33,52,116,565
04/11/2017 13:28:37,139,10.8,1120.180,356.66,3.33,53,115,565
04/11/2017 13:28:47,135,10.9,1117.660,357.21,3.33,51,114,565
04/11/2017 13:28:57,124,10.9,1114.790,358.01,3.33,52,115,565
04/11/2017 13:29:07,150,10.9,1112.230,357.85,3.33,52,117,565
04/11/2017 13:29:17,147,10.8,1109.640,356.92,3.33,52,117,565
04/11/2017 13:29:27,162,10.9,1106.950,357.95,3.33,52,116,565
04/11/2017 13:29:37,141,10.9,1104.190,357.43,3.33,52,115,565
04/11/2017 13:29:47,158,10.9,1101.710,357.21,3.33,52,115,565
04/11/2017 13:29:57,130,10.9,1098.920,358.26,3.33,53,116,565
04/11/2017 13:30:07,157,10.9,1096.370,358.01,3.33,52,119,565
04/11/2017 13:30:17,128,10.9,1093.660,358.39,3.33,52,117,565
04/11/2017 13:30:27,151,10.9,1090.970,358.27,3.33,53,117,565
04/11/2017 13:30:37,131,10.9,1088.380,358.57,3.33,53,115,565
04/11/2017 13:30:47,139,10.9,1085.720,358.50,3.33,53,117,565
04/11/2017 13:30:57,137,10.9,1083.090,358.38,3.33,53,118,565
04/11/2017 13:31:07,129,10.9,1080.480,358.18,3.33,52,118,565
04/11/2017 13:31:17,128,10.9,1077.740,358.86,3.33,53,116,565
04/11/2017 13:31:27,155,10.9,1075.060,358.59,3.34,53,117,565
04/11/2017 13:31:37,130,10.9,1072.400,359.13,3.34,52,116,565
04/11/2017 13:31:47,152,10.8,1069.880,358.31,3.36,51,114,565
04/11/2017 13:31:57,132,10.8,1067.160,358.09,3.37,53,115,565
04/11/2017 13:32:07,150,10.9,1064.510,357.49,3.37,53,115,565
04/11/2017 13:32:17,142,10.8,1061.870,356.95,3.38,53,115,565
04/11/2017 13:32:27,150,10.8,1059.190,356.91,3.38,52,115,565
04/11/2017 13:32:37,146,10.9,1056.490,356.82,3.38,51,115,565
04/11/2017 13:32:47,139,10.9,1053.840,356.22,3.38,52,116,565
04/11/2017 13:32:57,145,10.9,1051.200,357.19,3.38,57,117,565
04/11/2017 13:33:07,132,10.9,1048.650,357.40,3.38,52,115,565
04/11/2017 13:33:17,151,10.9,1046.000,357.20,3.38,52,117,565
04/11/2017 13:33:27,147,10.9,1043.330,356.83,3.38,51,116,565
04/11/2017 13:33:37,132,10.9,1040.660,357.59,3.38,51,115,565
04/11/2017 13:33:47,151,10.9,1038.050,358.52,3.38,52,116,565
04/11/2017 13:33:57,156,10.9,1035.260,358.48,3.38,52,117,565
04/11/2017 13:34:07,159,10.9,1032.710,357.50,3.38,53,116,565
04/11/2017 13:34:17,138,10.9,1030.000,358.80,3.38,53,115,565
04/11/2017 13:34:27,148,10.9,1027.460,358.16,3.38,52,131,565
04/11/2017 13:34:37,147,10.8,1024.780,358.48,3.38,52,116,565
04/11/2017 13:34:47,165,10.8,1022.090,358.38,3.38,51,116,565
04/11/2017 13:34:57,176,10.9,1019.430,357.52,3.38,53,115,565
04/11/2017 13:35:07,119,10.9,1016.850,357.86,3.38,52,115,565
04/11/2017 13:35:17,146,10.8,1014.240,357.47,3.38,51,115,565
04/11/2017 13:35:27,167,10.9,1011.590,358.80,3.38,51,115,565
04/11/2017 13:35:37,143,10.9,1008.980,358.73,3.38,52,116,565
04/11/2017 13:35:47,139,10.8,1006.230,357.19,3.39,51,116,565
04/11/2017 13:35:57,153,10.9,1003.740,357.75,3.39,53,117,565
04/11/2017 13:36:07,120,10.9,1000.980,358.42,3.39,51,116,565
04/11/2017 13:36:17,150,10.9,998.320,358.25,3.39,52,116,565
04/11/2017 13:36:27,159,10.9,995.730,358.21,3.39,51,116,565
04/11/2017 13:36:37,155,10.8,993.090,359.36,3.37,52,116,565
04/11/2017 13:36:47,140,10.8,990.370,359.90,3.37,52,123,565
04/11/2017 13:36:57,141,10.9,987.810,360.16,3.37,52,123,565
04/11/2017 13:37:07,131,10.9,985.130,359.12,3.37,52,116,565
04/11/2017 13:37:17,140,10.9,982.420,360.36,3.38,54,120,565
04/11/2017 13:37:27,130,10.9,979.830,359.78,3.39,53,117,565
04/11/2017 13:37:37,151,10.9,977.160,360.24,3.38,52,116,565
04/11/2017 13:37:47,141,10.9,974.640,359.88,3.39,51,115,565
04/11/2017 13:37:57,141,10.9,971.940,358.54,3.40,52,114,565
04/11/2017 13:38:07,159,10.9,969.320,359.11,3.40,53,116,565
04/11/2017 13:38:17,146,10.8,966.690,359.36,3.39,53,117,565
04/11/2017 13:38:27,137,10.9,964.040,359.10,3.39,53,117,565
04/11/2017 13:38:37,146,10.8,961.340,359.03,3.40,52,116,565
04/11/2017 13:38:47,161,10.9,958.680,359.67,3.40,52,117,565
04/11/2017 13:38:57,138,10.9,956.100,360.28,3.40,53,116,565
04/11/2017 13:39:07,139,10.8,953.470,360.76,3.40,52,119,565
04/11/2017 13:39:17,153,10.9,950.810,361.74,3.40,54,117,565
04/11/2017 13:39:27,165,10.9,948.100,361.20,3.40,54,117,565
04/11/2017 13:39:37,130,10.9,945.620,361.42,3.40,53,117,565
04/11/2017 13:39:47,152,10.9,942.850,361.38,3.40,53,117,565
04/11/2017 13:39:57,152,10.9,940.290,361.49,3.40,54,116,565
04/11/2017 13:40:07,144,10.9,937.510,361.69,3.40,54,118,565
04/11/2017 13:40:17,128,10.9,934.890,361.51,3.40,53,117,565
04/11/2017 13:40:27,158,10.8,932.230,361.15,3.40,52,118,565
04/11/2017 13:40:37,136,10.9,929.690,361.88,3.39,53,118,565
04/11/2017 13:40:47,147,10.9,927.070,361.91,3.39,54,119,565
04/11/2017 13:40:57,153,10.9,924.460,363.43,3.39,54,116,565
04/11/2017 13:41:07,156,10.9,921.650,362.70,3.39,54,117,565
04/11/2017 13:41:17,161,10.9,919.100,363.28,3.38,54,123,565
04/11/2017 13:41:27,129,10.9,916.580,363.70,3.38,54,118,565
04/11/2017 13:41:37,162,10.9,913.910,363.61,3.38,55,118,565
04/11/2017 13:41:47,138,10.9,911.230,363.44,3.38,54,120,565
04/11/2017 13:41:57,153,10.9,908.580,364.65,3.38,53,119,565
04/11/2017 13:42:07,149,10.9,905.870,364.78,3.38,53,119,565
04/11/2017 13:42:17,139,10.9,903.260,363.45,3.38,53,122,565
04/11/2017 13:42:27,154,10.9,900.690,363.85,3.38,53,119,565
04/11/2017 13:42:37,149,10.9,898.120,363.51,3.38,54,117,565
04/11/2017 13:42:47,158,10.9,895.370,363.25,3.38,54,119,565
04/11/2017 13:42:57,144,10.8,892.720,364.40,3.38,56,121,565
04/11/2017 13:43:07,146,10.8,890.040,366.04,3.38,56,120,565
04/11/2017 13:43:17,140,10.8,887.490,366.48,3.38,56,122,565
04/11/2017 13:43:27,149,10.9,884.750,366.84,3.38,56,120,565
04/11/2017 13:43:37,144,10.8,882.190,367.53,3.40,58,121,565
04/11/2017 13:43:47,146,10.8,879.500,368.06,3.40,57,122,565
04/11/2017 13:43:57,149,10.9,876.980,367.85,3.40,58,120,565
04/11/2017 13:44:07,156,10.9,874.200,369.06,3.41,57,120,565
04/11/2017 13:44:17,169,10.9,871.640,368.37,3.41,58,121,565
04/11/2017 13:44:27,142,10.8,869.070,369.52,3.41,60,120,565
04/11/2017 13:44:37,132,10.9,866.350,367.86,3.41,59,122,565
04/11/2017 13:44:47,154,10.9,863.820,368.35,3.42,59,121,565
04/11/2017 13:44:57,153,10.9,861.050,368.37,3.42,59,120,565
04/11/2017 13:45:07,134,10.8,858.530,368.56,3.42,60,123,565
04/11/2017 13:45:17,148,10.9,855.870,368.57,3.43,59,120,565
04/11/2017 13:45:27,139,10.8,853.130,369.53,3.43,58,121,565
04/11/2017 13:45:37,144,10.8,850.490,368.96,3.44,59,123,565
04/11/2017 13:45:47,154,10.8,847.880,369.59,3.44,61,122,565
04/11/2017 13:45:57,135,10.8,845.320,369.11,3.44,61,121,565
04/11/2017 13:46:07,164,10.9,842.610,370.89,3.45,62,120,565
04/11/2017 13:46:17,135,10.9,839.990,369.72,3.45,61,122,565
04/11/2017 13:46:27,162,10.9,837.350,370.11,3.45,60,124,565
04/11/2017 13:46:37,146,10.8,834.640,369.55,3.45,62,123,565
04/11/2017 13:46:47,148,10.9,832.090,370.54,3.45,62,121,565
04/11/2017 13:46:57,178,10.9,829.530,370.52,3.46,63,123,565
04/11/2017 13:47:07,138,10.9,826.770,369.76,3.47,65,122,565
04/11/2017 13:47:17,141,10.9,824.170,370.44,3.48,65,122,565
04/11/2017 13:47:27,176,10.9,821.650,371.61,3.48,66,122,565
04/11/2017 13:47:37,152,10.8,818.910,371.61,3.48,66,121,565
04/11/2017 13:47:47,153,10.8,816.350,371.44,3.48,67,122,565
04/11/2017 13:47:57,151,10.9,813.620,372.02,3.48,67,122,565
04/11/2017 13:48:07,168,10.9,810.970,371.77,3.48,66,122,565
04/11/2017 13:48:17,156,10.9,808.350,371.07,3.49,65,121,565
04/11/2017 13:48:27,137,10.9,805.770,371.06,3.49,67,122,565
04/11/2017 13:48:37,155,10.9,803.020,372.28,3.48,68,122,565
04/11/2017 13:48:47,146,10.9,800.540,371.61,3.49,67,126,565
04/11/2017 13:48:57,141,10.9,797.850,371.33,3.49,66,123,565
04/11/2017 13:49:07,147,10.9,795.160,371.64,3.49,67,123,565
04/11/2017 13:49:17,167,10.8,792.540,372.00,3.49,67,123,565
04/11/2017 13:49:27,160,10.8,789.900,373.20,3.49,67,123,565
04/11/2017 13:49:37,171,10.9,787.260,372.83,3.49,68,122,565
04/11/2017 13:49:47,151,10.9,784.730,371.88,3.49,68,122,565
04/11/2017 13:49:57,174,10.9,781.990,371.69,3.49,67,126,565
04/11/2017 13:50:07,155,10.9,779.490,371.85,3.48,69,123,565
04/11/2017 13:50:17,143,10.8,776.840,372.34,3.49,67,124,565
04/11/2017 13:50:27,146,10.9,774.160,372.78,3.49,68,122,565
04/11/2017 13:50:37,150,10.8,771.590,372.31,3.49,67,124,565
04/11/2017 13:50:47,176,10.8,768.960,372.55,3.49,68,120,565
04/11/2017 13:50:57,153,10.9,766.300,371.66,3.49,67,122,565
04/11/2017 13:51:07,158,10.9,763.660,372.90,3.49,67,128,565
04/11/2017 13:51:17,169,10.9,760.930,372.62,3.49,69,123,565
04/11/2017 13:51:27,149,10.8,758.430,372.02,3.49,67,123,565
04/11/2017 13:51:37,157,10.9,755.840,372.78,3.49,67,122,565
04/11/2017 13:51:47,157,10.9,753.070,372.30,3.49,66,125,565
04/11/2017 13:51:57,154,10.8,750.450,372.10,3.49,68,123,565
04/11/2017 13:52:07,177,10.8,747.780,372.83,3.49,67,123,565
04/11/2017 13:52:17,142,10.8,745.310,373.08,3.49,66,123,565
04/11/2017 13:52:27,165,10.8,742.570,372.62,3.49,68,125,565
04/11/2017 13:52:37,167,10.9,739.970,373.70,3.49,66,123,565
04/11/2017 13:52:47,159,10.9,737.300,372.10,3.49,67,123,565
04/11/2017 13:52:57,158,10.8,734.650,372.97,3.49,67,129,565
04/11/2017 13:53:07,158,10.8,732.010,373.52,3.49,67,123,565
04/11/2017 13:53:17,168,10.8,729.410,372.97,3.48,68,124,565
04/11/2017 13:53:27,175,10.9,726.710,373.26,3.48,68,123,565
04/11/2017 13:53:37,157,10.9,724.180,373.49,3.48,68,125,565
04/11/2017 13:53:47,148,10.8,721.650,373.48,3.48,68,125,565
04/11/2017 13:53:57,161,10.9,718.930,373.92,3.48,68,124,565
04/11/2017 13:54:07,154,10.9,716.280,373.42,3.48,67,123,565
04/11/2017 13:54:17,143,10.9,713.700,372.97,3.48,68,122,565
04/11/2017 13:54:27,168,10.8,711.010,374.12,3.48,67,123,565
04/11/2017 13:54:37,159,10.8,708.490,373.44,3.48,69,124,565
04/11/2017 13:54:47,146,10.9,705.840,374.42,3.48,67,122,565
04/11/2017 13:54:57,169,10.9,703.190,374.19,3.47,69,123,565
04/11/2017 13:55:07,149,10.8,700.610,373.36,3.47,67,123,565
04/11/2017 13:55:17,166,10.9,697.950,374.15,3.47,69,123,565
04/11/2017 13:55:27,169,10.9,695.320,373.63,3.47,67,122,565
04/11/2017 13:55:37,150,10.9,692.600,374.36,3.47,69,125,565
04/11/2017 13:55:47,145,10.8,689.980,373.79,3.47,68,124,565
04/11/2017 13:55:57,172,10.9,687.470,374.17,3.47,68,123,565
04/11/2017 13:56:07,157,10.8,684.720,374.64,3.47,67,124,565
04/11/2017 13:56:17,164,10.8,682.170,374.51,3.47,68,123,565
04/11/2017 13:56:27,155,10.8,679.620,373.79,3.47,70,123,565
04/11/2017 13:56:37,152,10.9,676.810,373.94,3.47,67,124,565
04/11/2017 13:56:47,163,10.9,674.210,374.18,3.47,68,123,565
04/11/2017 13:56:57,155,10.9,671.690,374.69,3.47,69,125,565
04/11/2017 13:57:07,159,10.9,669.010,373.52,3.47,68,130,565
04/11/2017 13:57:17,162,10.9,666.460,373.64,3.47,67,122,565
04/11/2017 13:57:27,173,10.8,663.720,374.66,3.47,69,125,565
04/11/2017 13:57:37,162,10.9,661.210,374.82,3.47,68,122,565
04/11/2017 13:57:47,153,10.9,658.460,374.33,3.47,69,123,565
04/11/2017 13:57:57,166,10.8,655.820,374.62,3.47,67,124,565
04/11/2017 13:58:07,159,10.9,653.320,374.68,3.47,70,123,565
04/11/2017 13:58:17,172,10.8,650.740,375.59,3.47,68,125,565
04/11/2017 13:58:27,162,10.8,648.130,374.91,3.47,66,124,565
04/11/2017 13:58:37,168,10.8,645.490,374.68,3.48,69,122,565
04/11/2017 13:58:47,171,10.8,642.850,374.84,3.48,70,123,565
04/11/2017 13:58:57,149,10.9,640.210,374.42,3.48,67,122,565
04/11/2017 13:59:07,154,10.8,637.570,374.55,3.48,68,124,565
04/11/2017 13:59:17,171,10.9,634.950,374.94,3.48,69,123,565
04/11/2017 13:59:27,162,10.9,632.260,375.68,3.48,70,122,565
04/11/2017 13:59:37,145,10.8,629.730,375.28,3.48,68,123,565
04/11/2017 13:59:47,156,10.8,627.090,375.36,3.48,68,126,565
04/11/2017 13:59:57,157,10.8,624.430,375.59,3.48,68,123,565
04/11/2017 14:00:07,175,10.8,621.730,374.86,3.48,68,123,565
04/11/2017 14:00:17,148,10.8,619.180,375.37,3.49,68,123,565
04/11/2017 14:00:27,171,10.9,616.530,374.70,3.49,68,123,565
04/11/2017 14:00:37,169,10.8,613.810,374.23,3.49,68,123,564
04/11/2017 14:00:47,171,10.8,611.340,375.78,3.49,68,124,565
04/11/2017 14:00:57,160,10.8,608.730,374.78,3.51,70,125,565
04/11/2017 14:01:07,173,10.8,606.000,374.66,3.51,68,123,565
04/11/2017 14:01:17,155,10.8,603.370,374.89,3.51,69,122,565
04/11/2017 14:01:27,156,10.9,600.810,375.43,3.51,67,124,565
04/11/2017 14:01:37,160,10.9,598.080,374.69,3.51,67,123,565
04/11/2017 14:01:47,156,10.9,595.610,375.10,3.51,68,123,565
04/11/2017 14:01:57,171,10.8,592.830,374.33,3.51,68,123,565
04/11/2017 14:02:07,162,10.9,590.220,374.64,3.51,68,122,565
04/11/2017 14:02:17,176,10.9,587.670,375.36,3.51,69,124,565
04/11/2017 14:02:27,158,10.9,585.010,374.26,3.51,68,124,565
04/11/2017 14:02:37,155,10.9,582.510,375.55,3.51,70,124,565
04/11/2017 14:02:47,155,10.8,579.860,375.26,3.51,68,124,565
04/11/2017 14:02:57,160,10.9,577.130,374.40,3.51,68,123,565
04/11/2017 14:03:07,175,10.8,574.460,374.88,3.51,69,122,565
04/11/2017 14:03:17,150,10.8,571.960,375.32,3.51,69,123,565
04/11/2017 14:03:27,164,10.8,569.300,375.01,3.51,71,123,565
04/11/2017 14:03:37,153,10.8,566.630,375.36,3.51,71,122,565
04/11/2017 14:03:47,172,10.9,564.050,375.18,3.51,67,122,565
04/11/2017 14:03:57,161,10.8,561.480,375.00,3.53,68,127,565
04/11/2017 14:04:07,161,10.8,558.860,374.68,3.54,67,124,565
04/11/2017 14:04:17,175,10.8,556.140,375.48,3.55,68,123,565
04/11/2017 14:04:27,180,10.8,553.700,374.58,3.55,67,124,565
04/11/2017 14:04:37,175,10.9,550.910,374.20,3.54,67,122,565
04/11/2017 14:04:47,167,10.8,548.270,374.21,3.55,68,122,565
04/11/2017 14:04:57,160,10.9,545.790,374.65,3.55,67,128,565
04/11/2017 14:05:07,166,10.8,543.090,374.31,3.55,67,123,565
04/11/2017 14:05:17,167,10.8,540.410,374.13,3.55,67,122,565
04/11/2017 14:05:27,168,10.9,537.760,374.89,3.55,67,123,565
04/11/2017 14:05:37,166,10.8,535.170,374.52,3.55,68,123,565
04/11/2017 14:05:47,178,10.8,532.720,374.78,3.55,67,123,565
04/11/2017 14:05:57,168,10.9,529.970,374.68,3.55,65,120,565
04/11/2017 14:06:07,170,10.8,527.440,374.89,3.56,65,126,565
04/11/2017 14:06:17,168,10.9,524.750,373.82,3.56,66,123,565
04/11/2017 14:06:27,165,10.9,522.160,375.15,3.56,65,121,565
04/11/2017 14:06:37,163,10.8,519.590,374.43,3.56,68,120,565
04/11/2017 14:06:47,168,10.8,517.010,374.31,3.56,67,123,565
04/11/2017 14:06:57,161,10.8,514.330,374.65,3.56,67,121,565
04/11/2017 14:07:07,160,10.8,511.600,374.52,3.57,67,122,565
04/11/2017 14:07:17,163,10.8,508.990,374.76,3.57,66,122,565
04/11/2017 14:07:27,167,10.8,506.440,374.47,3.57,66,122,565
04/11/2017 14:07:37,157,10.9,503.900,374.34,3.57,67,127,565
04/11/2017 14:07:47,178,10.8,501.260,374.84,3.57,65,122,565
04/11/2017 14:07:57,159,10.9,498.570,375.45,3.56,68,123,565
04/11/2017 14:08:07,169,10.9,496.010,374.14,3.56,67,124,565
04/11/2017 14:08:17,166,10.9,493.370,375.17,3.53,68,125,565
04/11/2017 14:08:27,172,10.8,490.730,376.10,3.52,69,123,565
04/11/2017 14:08:37,158,10.9,488.070,376.16,3.52,69,122,565
04/11/2017 14:08:47,164,10.8,485.470,376.44,3.51,68,124,565
04/11/2017 14:08:57,165,10.8,482.920,376.68,3.51,70,123,565
04/11/2017 14:09:07,163,10.8,480.240,376.21,3.51,70,123,565
04/11/2017 14:09:17,156,10.9,477.740,376.94,3.51,69,124,565
04/11/2017 14:09:27,182,10.9,475.030,377.40,3.51,68,123,565
04/11/2017 14:09:37,178,10.9,472.390,377.71,3.51,68,125,565
04/11/2017 14:09:47,165,10.9,469.890,377.30,3.51,70,123,565
04/11/2017 14:09:57,165,10.9,467.290,376.64,3.51,68,124,565
04/11/2017 14:10:07,182,10.8,464.660,377.62,3.51,70,123,565
04/11/2017 14:10:17,158,10.9,461.950,377.03,3.55,70,124,565
04/11/2017 14:10:27,172,10.8,459.320,376.20,3.57,67,122,565
04/11/2017 14:10:37,158,10.8,456.820,376.19,3.59,69,122,565
04/11/2017 14:10:47,162,10.9,454.090,376.09,3.58,68,125,565
04/11/2017 14:10:57,169,10.8,451.610,376.04,3.57,68,121,565
04/11/2017 14:11:07,146,10.8,448.940,376.59,3.57,67,122,565
04/11/2017 14:11:17,169,10.9,446.230,376.02,3.58,67,122,565
04/11/2017 14:11:27,155,10.9,443.710,376.24,3.58,68,121,565
04/11/2017 14:11:37,174,10.9,441.110,375.49,3.59,67,122,565
04/11/2017 14:11:47,153,10.8,438.490,375.03,3.58,68,123,565
04/11/2017 14:11:57,161,10.9,435.810,375.76,3.58,68,121,564
04/11/2017 14:12:07,170,10.8,433.200,375.30,3.59,68,123,565
04/11/2017 14:12:17,163,10.9,430.540,375.77,3.59,70,122,565
04/11/2017 14:12:27,157,10.9,427.960,376.46,3.59,68,123,565
04/11/2017 14:12:37,168,10.8,425.440,376.14,3.58,69,135,565
04/11/2017 14:12:47,155,10.9,422.800,376.29,3.58,67,122,565
04/11/2017 14:12:57,178,10.8,420.040,376.39,3.58,67,126,565
04/11/2017 14:13:07,160,10.9,417.450,377.26,3.58,68,122,565
04/11/2017 14:13:17,164,10.9,414.870,376.20,3.58,68,123,565
04/11/2017 14:13:27,169,10.8,412.350,376.52,3.58,68,125,565
04/11/2017 14:13:37,165,10.8,409.730,376.69,3.58,68,122,565
04/11/2017 14:13:47,169,10.9,406.960,376.64,3.58,68,122,565
04/11/2017 14:13:57,161,10.9,404.420,377.14,3.58,68,126,565
04/11/2017 14:14:07,176,10.9,401.760,377.02,3.58,68,123,565
04/11/2017 14:14:17,179,10.9,399.300,376.40,3.58,68,124,565
04/11/2017 14:14:27,166,10.9,396.540,376.26,3.58,69,125,565
04/11/2017 14:14:37,183,10.8,393.980,376.09,3.58,69,123,565
04/11/2017 14:14:47,171,10.8,391.420,377.16,3.58,69,122,564
04/11/2017 14:14:57,170,10.9,388.690,377.24,3.58,68,123,565
04/11/2017 14:15:07,168,10.9,386.170,375.89,3.58,69,124,564
04/11/2017 14:15:17,175,10.8,383.480,376.92,3.58,68,124,564
04/11/2017 14:15:27,161,10.9,380.950,377.09,3.58,68,124,565
04/11/2017 14:15:37,180,10.9,378.300,377.24,3.58,68,123,565
04/11/2017 14:15:47,174,10.8,375.640,377.44,3.57,69,124,565
04/11/2017 14:15:57,159,10.8,373.080,377.81,3.57,68,125,564
04/11/2017 14:16:07,168,10.9,370.460,376.55,3.57,68,123,565
04/11/2017 14:16:17,166,10.9,367.780,377.55,3.56,69,123,565
04/11/2017 14:16:27,160,10.9,365.150,376.85,3.56,68,124,565
04/11/2017 14:16:37,154,10.8,362.680,376.60,3.56,69,124,565
04/11/2017 14:16:47,161,10.9,359.980,377.43,3.55,69,124,565
04/11/2017 14:16:57,155,10.9,357.430,377.86,3.55,68,123,565
04/11/2017 14:17:07,178,10.9,354.720,377.96,3.54,68,131,565
04/11/2017 14:17:17,169,10.8,352.220,378.79,3.54,70,123,565
04/11/2017 14:17:27,169,10.8,349.440,378.43,3.54,69,123,565
04/11/2017 14:17:37,177,10.8,346.970,378.14,3.54,69,124,565
04/11/2017 14:17:47,164,10.8,344.360,378.95,3.54,69,125,565
04/11/2017 14:17:57,175,10.9,341.720,378.69,3.54,68,124,564
04/11/2017 14:18:07,172,10.8,339.130,378.41,3.54,70,124,565
04/11/2017 14:18:17,175,10.9,336.520,378.27,3.54,69,123,565
04/11/2017 14:18:27,179,10.8,333.900,379.01,3.54,70,124,565
04/11/2017 14:18:37,171,10.8,331.320,379.04,3.54,69,125,565
04/11/2017 14:18:47,161,10.8,328.670,379.47,3.54,70,123,565
04/11/2017 14:18:57,149,10.9,326.090,378.17,3.54,70,123,565
04/11/2017 14:19:07,173,10.8,323.460,379.37,3.54,70,127,565
04/11/2017 14:19:17,150,10.8,320.770,378.40,3.55,70,125,565
04/11/2017 14:19:27,169,10.8,318.300,379.40,3.55,70,124,565
04/11/2017 14:19:37,153,10.8,315.660,379.00,3.55,70,124,565
04/11/2017 14:19:47,187,10.8,312.960,378.08,3.55,71,124,565
04/11/2017 14:19:57,179,10.9,310.470,379.93,3.55,70,124,565
04/11/2017 14:20:07,188,10.8,307.870,380.13,3.55,70,125,565
04/11/2017 14:20:17,172,10.8,305.260,378.90,3.55,70,123,565
04/11/2017 14:20:27,183,10.8,302.590,379.56,3.55,72,124,565
04/11/2017 14:20:37,174,10.8,299.950,379.36,3.55,70,125,565
04/11/2017 14:20:47,175,10.8,297.460,379.74,3.55,70,124,565
04/11/2017 14:20:57,175,10.8,294.850,379.77,3.55,70,124,565
04/11/2017 14:21:07,191,10.8,292.170,379.88,3.56,71,124,565
04/11/2017 14:21:17,175,10.8,289.590,380.09,3.56,70,125,565
04/11/2017 14:21:27,173,10.9,286.950,379.74,3.56,71,124,565
04/11/2017 14:21:37,181,10.8,284.530,380.14,3.56,71,124,565
04/11/2017 14:21:47,169,10.8,281.740,379.34,3.57,72,125,565
04/11/2017 14:21:57,177,10.8,279.320,380.50,3.57,73,124,565
04/11/2017 14:22:07,186,10.8,276.670,379.75,3.57,72,124,565
04/11/2017 14:22:17,186,10.9,273.990,379.68,3.57,72,124,565
04/11/2017 14:22:27,188,10.8,271.430,380.48,3.58,73,123,565
04/11/2017 14:22:37,190,10.8,268.830,380.22,3.58,73,125,565
04/11/2017 14:22:47,170,10.8,266.280,380.08,3.58,73,127,565
04/11/2017 14:22:57,218,10.8,263.630,380.24,3.58,74,123,565
04/11/2017 14:23:07,170,10.9,261.030,380.10,3.59,73,125,565
04/11/2017 14:23:17,188,10.8,258.550,380.71,3.59,74,124,564
04/11/2017 14:23:27,187,10.8,255.870,380.65,3.59,73,128,565
04/11/2017 14:23:37,185,10.8,253.290,380.79,3.59,74,125,565
04/11/2017 14:23:47,166,10.8,250.700,380.35,3.59,72,127,564
04/11/2017 14:23:57,182,10.8,247.970,380.30,3.59,74,127,565
04/11/2017 14:24:07,196,10.8,245.570,381.04,3.59,74,126,565
04/11/2017 14:24:17,168,10.8,242.820,380.10,3.59,74,126,565
04/11/2017 14:24:27,198,10.8,240.190,381.08,3.59,74,123,564
04/11/2017 14:24:37,184,10.8,237.650,381.08,3.59,76,126,565
04/11/2017 14:24:47,181,10.9,235.140,380.54,3.59,75,124,565
04/11/2017 14:24:57,186,10.8,232.430,380.91,3.59,74,125,565
04/11/2017 14:25:07,183,10.8,229.840,381.07,3.59,74,125,565
04/11/2017 14:25:17,177,10.9,227.290,381.77,3.59,73,124,565
04/11/2017 14:25:27,192,10.8,224.740,380.44,3.59,74,124,565
04/11/2017 14:25:37,176,10.8,222.050,381.11,3.59,74,125,565
04/11/2017 14:25:47,173,10.8,219.530,381.65,3.59,74,125,565
04/11/2017 14:25:57,179,10.9,216.950,380.94,3.59,73,125,565
04/11/2017 14:26:07,189,10.8,214.340,380.90,3.59,75,123,565
04/11/2017 14:26:17,183,10.8,211.760,380.90,3.59,75,125,565
04/11/2017 14:26:27,153,10.9,209.140,380.89,3.59,75,125,565
04/11/2017 14:26:37,176,10.8,206.520,380.98,3.59,75,129,565
04/11/2017 14:26:47,171,10.9,203.860,380.61,3.59,75,124,565
04/11/2017 14:26:57,181,10.8,201.350,382.15,3.59,75,125,565
04/11/2017 14:27:07,175,10.8,198.690,381.16,3.59,75,125,565
04/11/2017 14:27:17,188,10.8,196.130,380.96,3.59,76,126,565
04/11/2017 14:27:27,189,10.8,193.460,380.85,3.59,76,125,565
04/11/2017 14:27:37,174,10.8,190.960,381.20,3.59,76,125,565
04/11/2017 14:27:47,196,10.8,188.270,381.70,3.59,74,126,565
04/11/2017 14:27:57,184,10.8,185.770,381.29,3.59,78,126,565
04/11/2017 14:28:07,180,10.8,183.080,381.60,3.59,77,126,565
04/11/2017 14:28:17,170,10.8,180.530,382.45,3.59,77,124,565
04/11/2017 14:28:27,368,10.7,179.260,380.69,3.59,83,127,565
04/11/2017 14:28:37,379,10.6,179.350,381.49,3.59,81,126,565
04/11/2017 14:28:47,422,10.5,179.350,381.40,3.59,84,127,565
04/11/2017 14:28:57,430,10.5,179.300,382.26,3.59,82,127,565
04/11/2017 14:29:07,454,10.6,179.220,381.92,3.59,79,125,564
04/11/2017 14:29:17,432,10.5,179.260,381.61,3.59,84,128,565
04/11/2017 14:29:27,441,10.7,179.210,380.74,3.59,81,127,565

 Ramp exit:    SMOOTH RUNNING
 Profile exit: TOP PRESSURE

 Vehicle motion stopped at 04/11/2017 14:29:31
 Sensor logging stopped at 04/11/2017 14:31:39
