Sample rate: 2.0000 Hz


 Profile 2

   MM-DD-YYYY HH:MM:SS     HDNG       TX       TY        HX        HY        HZ      VPAB      VPCD      VPEF      VPGH

   06-11-2018 00:00:17   235.08    -0.87     0.00   -0.1541   -0.2415   -0.9581    -13.39     -1.47     20.78     -3.24
   06-11-2018 00:00:42   240.38     0.13    -0.32   -0.1456   -0.2467   -0.9581      1.81     -4.17     20.94     -3.16
   06-11-2018 00:01:07   235.37     0.13    -0.65   -0.1698   -0.2318   -0.9578     12.93    -14.36      4.34    -12.89
   06-11-2018 00:01:32   231.79     0.13    -0.65   -0.1840   -0.2201   -0.9580     16.28    -13.74     11.84    -11.90
   06-11-2018 00:01:57   237.85     0.45    -0.32   -0.1604   -0.2376   -0.9580     15.50    -14.90     14.96    -12.52
   06-11-2018 00:02:22   247.18     0.13     0.00   -0.1130   -0.2632   -0.9581     17.10     -4.76     17.33    -12.39
   06-11-2018 00:02:47   239.69    -0.19     0.32   -0.1395   -0.2496   -0.9582     23.09      0.05     10.72    -24.23
   06-11-2018 00:03:12   245.66    -0.19     0.00   -0.1151   -0.2615   -0.9583     24.44     -0.24      9.82    -23.41
   06-11-2018 00:03:37   250.24    -0.19     0.00   -0.0946   -0.2724   -0.9575     24.62      0.02     10.13    -25.63
   06-11-2018 00:04:02   241.49    -0.19    -0.65   -0.1378   -0.2487   -0.9587     18.73     -0.99     16.01    -13.42
   06-11-2018 00:04:27   255.31     0.13     0.00   -0.0750   -0.2778   -0.9577     17.94     -0.65     18.01    -12.40
   06-11-2018 00:04:52   247.18    -0.03    -0.16   -0.1105   -0.2611   -0.9590     28.53     -1.56      7.58    -25.81
   06-11-2018 00:05:17   240.64     0.13    -0.16   -0.1415   -0.2450   -0.9591     23.18     -0.48     12.69    -17.97
   06-11-2018 00:05:42   252.63     0.29    -0.32   -0.0915   -0.2714   -0.9581     23.96     -2.73     14.29    -21.82
   06-11-2018 00:06:07   252.24     0.45     0.49   -0.0912   -0.2693   -0.9587     25.12     -2.86     14.12    -24.41
   06-11-2018 00:06:32   242.35     0.13     0.32   -0.1316   -0.2525   -0.9586     24.84     -2.13     12.25    -23.07
   06-11-2018 00:06:57   247.66     0.13    -0.65   -0.1139   -0.2610   -0.9586     26.85     -3.02     10.96    -22.81
   06-11-2018 00:07:22   239.64     0.13    -0.65   -0.1502   -0.2419   -0.9586     27.01     -1.26      7.34    -26.50
   06-11-2018 00:07:47   253.40     0.45    -0.16   -0.0904   -0.2750   -0.9572     22.61     -1.77     13.44    -20.85
   06-11-2018 00:08:12   242.28     0.45     0.32   -0.1349   -0.2477   -0.9594     27.07     -1.53      8.20    -25.71
   06-11-2018 00:08:37   262.01     0.78     0.32   -0.0521   -0.2839   -0.9574     22.32     -2.05     13.58    -21.39
   06-11-2018 00:09:02   246.27     0.29    -0.65   -0.1220   -0.2554   -0.9591     18.36     -0.66     14.97    -16.08
   06-11-2018 00:09:27   245.19     0.78     0.32   -0.1287   -0.2556   -0.9582     18.95      1.11     11.77    -23.01
   06-11-2018 00:09:52   255.23     0.78     0.00   -0.0855   -0.2751   -0.9576     20.21      0.28     11.37    -22.08
   06-11-2018 00:10:17   253.12     0.62     0.00   -0.0923   -0.2701   -0.9584     21.78     -1.65     11.79    -20.03
   06-11-2018 00:10:42   255.27     0.78     0.32   -0.0833   -0.2727   -0.9585     20.92      0.15     10.59    -24.41
   06-11-2018 00:11:07   253.37     0.78    -0.49   -0.0963   -0.2708   -0.9578     19.67      0.15     11.34    -18.83
   06-11-2018 00:11:32   256.14     0.45    -1.62   -0.0819   -0.2741   -0.9582     16.91      0.19     13.39    -19.74
   06-11-2018 00:11:57   255.69     0.78     0.32   -0.0821   -0.2763   -0.9576     20.32      0.71      9.62    -19.67
   06-11-2018 00:12:22   256.58     0.45    -0.97   -0.0774   -0.2763   -0.9580     16.61     -0.28     14.07    -14.84
   06-11-2018 00:12:47   253.31     0.78    -1.30   -0.1003   -0.2696   -0.9577     16.62      0.76     11.61    -20.02
   06-11-2018 00:13:12   256.80     0.78    -0.97   -0.0815   -0.2761   -0.9577     17.04      0.53     10.95    -19.11
   06-11-2018 00:13:37   251.73     0.78    -0.65   -0.1047   -0.2669   -0.9580     16.93      0.22     12.35    -17.97
   06-11-2018 00:14:02   250.70     1.10    -0.65   -0.1143   -0.2631   -0.9580     19.82      1.32      7.53    -22.00
   06-11-2018 00:14:27   256.93     1.10    -0.32   -0.0828   -0.2716   -0.9588     16.75      1.20     10.09    -23.05
   06-11-2018 00:14:52   252.64     1.10     0.00   -0.1021   -0.2676   -0.9581     17.97      0.61      8.94    -20.74
   06-11-2018 00:15:17   251.34     1.10     0.00   -0.1078   -0.2647   -0.9583     17.10      1.04     10.94    -21.40
   06-11-2018 00:15:42   249.22     1.10    -0.32   -0.1201   -0.2625   -0.9574     20.15      1.18      7.51    -24.61
   06-11-2018 00:16:07   255.95     0.94    -0.16   -0.0854   -0.2755   -0.9575     16.11      0.73     11.33    -23.26
   06-11-2018 00:16:32   254.44     1.10     0.00   -0.0930   -0.2676   -0.9590     18.94      0.14     10.09    -21.89
   06-11-2018 00:16:57   257.20     1.10     0.32   -0.0788   -0.2711   -0.9593     21.00      0.28      8.06    -22.57
   06-11-2018 00:17:22   253.72     0.78    -1.62   -0.0988   -0.2670   -0.9586     14.93      1.27     11.61    -20.02
   06-11-2018 00:17:47   259.35     1.10    -0.49   -0.0720   -0.2770   -0.9582     16.31      1.12     10.28    -22.88
   06-11-2018 00:18:12   264.17     1.26     0.65   -0.0488   -0.2816   -0.9583     15.76      0.93      8.59    -19.15
   06-11-2018 00:18:37   266.23     0.78    -0.65   -0.0324   -0.2835   -0.9584     10.87      2.42     13.68    -21.00
   06-11-2018 00:19:02   265.34     1.43     0.65   -0.0461   -0.2836   -0.9578     14.97      2.07      9.92    -22.57
   06-11-2018 00:19:27   261.00     1.43     0.16   -0.0679   -0.2807   -0.9574     16.37      1.38      8.54    -23.76
   06-11-2018 00:19:52   262.02     1.43     0.00   -0.0634   -0.2819   -0.9574     15.00      0.94     10.77    -19.37
   06-11-2018 00:20:17   249.77     1.43     0.00   -0.1202   -0.2614   -0.9577     15.37      1.82      9.99    -21.39
   06-11-2018 00:20:42   251.32     1.43     0.16   -0.1119   -0.2629   -0.9583     18.13      0.84      8.99    -20.38
   06-11-2018 00:21:07   249.98     1.43     0.00   -0.1181   -0.2585   -0.9588     18.06      0.40      9.09    -20.66
   06-11-2018 00:21:32   254.25     1.10    -0.65   -0.0974   -0.2690   -0.9582     14.69     -0.20     13.44    -21.39
   06-11-2018 00:21:57   249.24     1.10    -1.30   -0.1237   -0.2562   -0.9587     19.52     -1.08     10.04    -23.79
   06-11-2018 00:22:22   251.04     1.43    -0.32   -0.1154   -0.2610   -0.9584     16.33     -1.55     12.14    -19.71
   06-11-2018 00:22:47   251.73     1.26    -0.97   -0.1133   -0.2632   -0.9581     17.95      1.16      6.49    -25.38
   06-11-2018 00:23:12   253.04     1.26    -0.81   -0.1058   -0.2640   -0.9587     14.79      0.27     12.14    -20.53
   06-11-2018 00:23:37   260.02     1.75     0.32   -0.0767   -0.2748   -0.9584     14.40      0.49     12.21    -18.02
   06-11-2018 00:24:02   268.39     1.10    -0.65   -0.0269   -0.2904   -0.9565     15.97     -0.34     11.58    -21.45
   06-11-2018 00:24:27   281.23     1.43     0.97    0.0308   -0.2915   -0.9561     13.33      1.08     12.34    -21.68
   06-11-2018 00:24:52   277.30     1.43     1.14    0.0110   -0.2912   -0.9566     12.91      2.02     10.79    -21.15
   06-11-2018 00:25:17   284.23     1.26     0.65    0.0488   -0.2867   -0.9568     11.20      2.07     12.86    -21.25
   06-11-2018 00:25:42   285.22     1.43     0.65    0.0521   -0.2898   -0.9557     11.15      2.55     11.48    -21.97
   06-11-2018 00:26:07   275.22     1.43     0.49    0.0018   -0.2890   -0.9573     14.33      3.13      7.43    -22.60
   06-11-2018 00:26:32   284.32     1.43     1.30    0.0442   -0.2882   -0.9565     10.55      3.77      9.22    -21.73
   06-11-2018 00:26:57   279.55     1.59     0.97    0.0192   -0.2882   -0.9574     13.05      3.86      7.34    -22.08
   06-11-2018 00:27:22   274.09     1.75     0.49   -0.0093   -0.2870   -0.9579      9.90      4.68      8.97    -19.04
   06-11-2018 00:27:47   271.65     1.75     0.32   -0.0210   -0.2910   -0.9565     10.18      4.76      8.81    -19.33
   06-11-2018 00:28:12   279.40     1.43     0.32    0.0229   -0.2876   -0.9575      9.12      4.71      8.14    -19.43
   06-11-2018 00:28:37   285.36     1.59     1.30    0.0462   -0.2869   -0.9569     11.03      4.23      9.30    -20.37
   06-11-2018 00:29:02   287.16     1.43     1.62    0.0563   -0.2867   -0.9564      9.04      4.96      9.27    -17.39
   06-11-2018 00:29:27   292.81     1.43     0.97    0.0851   -0.2754   -0.9575      7.20      5.53      9.14    -17.18
   06-11-2018 00:29:52   303.80     1.10     1.95    0.1337   -0.2599   -0.9563      5.80      6.56      9.27    -15.61
   06-11-2018 00:30:17   298.26     1.43     1.95    0.1070   -0.2760   -0.9552      8.00      7.10      6.31    -15.43
   06-11-2018 00:30:42   288.08     1.75     1.62    0.0555   -0.2867   -0.9564      6.47      7.71      6.70    -13.28
   06-11-2018 00:31:07   280.91     1.75     0.65    0.0250   -0.2919   -0.9561      6.44      7.96      5.34    -12.88
   06-11-2018 00:31:32   268.47     1.75    -0.97   -0.0372   -0.2856   -0.9576      5.95      7.99      5.20    -14.59
   06-11-2018 00:31:57   265.17     1.75     0.16   -0.0530   -0.2835   -0.9575      7.75      6.70      7.98    -14.19
   06-11-2018 00:32:22   263.00     1.75     0.00   -0.0634   -0.2781   -0.9585      5.90      6.74      8.53    -13.48
   06-11-2018 00:32:47   247.87     1.75    -0.97   -0.1376   -0.2503   -0.9583      7.70      6.63      6.94    -17.23
   06-11-2018 00:33:12   248.48     1.75    -0.81   -0.1347   -0.2539   -0.9578      6.72      6.19      9.22    -17.34
   06-11-2018 00:33:37   257.40     2.07     0.00   -0.0955   -0.2723   -0.9575     10.84      6.01      7.32    -15.96
   06-11-2018 00:34:02   269.98     1.75     0.00   -0.0293   -0.2887   -0.9570      8.50      5.70      9.11    -16.82
   06-11-2018 00:34:27   267.73     1.75    -0.16   -0.0406   -0.2829   -0.9583      8.84      6.18      6.18    -19.07
   06-11-2018 00:34:52   278.88     1.75     0.32    0.0155   -0.2916   -0.9564      9.47      5.46      6.85    -18.17
   06-11-2018 00:35:17   279.90     1.75     0.32    0.0204   -0.2895   -0.9569      7.77      5.63      9.13    -17.17
   06-11-2018 00:35:42   279.58     1.75     0.32    0.0188   -0.2899   -0.9569      9.42      5.90      7.60    -17.11
   06-11-2018 00:36:07   282.52     1.59     1.14    0.0336   -0.2897   -0.9565      9.25      5.48      8.58    -18.25
   06-11-2018 00:36:32   285.00     1.75     0.97    0.0431   -0.2863   -0.9572     10.50      5.27      7.61    -18.21
   06-11-2018 00:36:57   288.39     1.43     1.30    0.0648   -0.2884   -0.9553     10.50      4.30      9.43    -19.94
   06-11-2018 00:37:22   286.93     1.75     0.97    0.0534   -0.2877   -0.9562     10.69      5.50      7.56    -17.96
   06-11-2018 00:37:47   301.21     1.10     1.30    0.1272   -0.2620   -0.9566      8.56      4.55     10.28    -16.56
   06-11-2018 00:38:12   296.26     1.43     1.95    0.0964   -0.2763   -0.9562     12.84      4.20      7.05    -19.89
   06-11-2018 00:38:37   296.07     1.43     1.62    0.0996   -0.2795   -0.9550      8.04      3.50     10.93    -15.77
   06-11-2018 00:39:02   298.84     1.26     1.30    0.1147   -0.2683   -0.9565     10.47      4.33      8.63    -18.70
   06-11-2018 00:39:27   301.45     1.43     1.62    0.1238   -0.2685   -0.9553      9.97      5.53      7.77    -16.14
   06-11-2018 00:39:52   295.47     1.75     1.30    0.0925   -0.2772   -0.9563     10.63      5.67      6.14    -18.20
   06-11-2018 00:40:17   298.31     1.43     0.65    0.1165   -0.2711   -0.9555      5.98      5.47     10.10    -15.68
   06-11-2018 00:40:42   298.06     1.43     1.14    0.1115   -0.2729   -0.9556     11.00      5.83      5.31    -17.91
   06-11-2018 00:41:07   289.30     1.75     0.97    0.0658   -0.2876   -0.9555     10.11      5.59      8.59    -19.56
   06-11-2018 00:41:32   296.62     1.43     1.62    0.1005   -0.2753   -0.9561      9.84      5.28      8.52    -16.38
   06-11-2018 00:41:57   287.80     1.75     0.32    0.0612   -0.2869   -0.9560      7.36      4.92     11.87    -17.82
   06-11-2018 00:42:22   292.69     1.43     1.62    0.0807   -0.2774   -0.9574     11.83      5.25      6.18    -18.96
   06-11-2018 00:42:47   291.38     1.75     1.95    0.0692   -0.2842   -0.9563      9.48      5.99      8.27    -17.10
   06-11-2018 00:43:12   287.28     2.07     1.30    0.0478   -0.2868   -0.9568     11.47      6.83      4.16    -18.72
   06-11-2018 00:43:37   288.01     1.75     0.97    0.0570   -0.2816   -0.9578      8.32      6.89      6.68    -16.16
   06-11-2018 00:44:02   290.45     1.43     0.97    0.0737   -0.2778   -0.9578      7.32      7.71      5.17    -14.49
   06-11-2018 00:44:27   294.99     1.75     1.30    0.0891   -0.2755   -0.9572      5.14      8.20      6.66    -11.85
   06-11-2018 00:44:52   289.73     1.75     0.65    0.0681   -0.2823   -0.9569      5.35      8.00      6.76    -13.97
   06-11-2018 00:45:17   292.88     1.75     1.14    0.0810   -0.2801   -0.9566      7.27      8.10      4.25    -14.85
   06-11-2018 00:45:42   296.44     1.43     1.30    0.1027   -0.2761   -0.9556      5.65      7.98      7.90    -13.90
   06-11-2018 00:46:07   296.91     1.43     1.95    0.0987   -0.2741   -0.9566      6.57      7.49      7.99    -14.30
   06-11-2018 00:46:32   292.11     1.91     0.97    0.0752   -0.2800   -0.9570      7.39      7.55      6.61    -14.52
   06-11-2018 00:46:57   289.48     1.75     0.97    0.0658   -0.2849   -0.9563      7.84      7.34      6.95    -12.90
   06-11-2018 00:47:22   288.36     1.75     1.62    0.0559   -0.2839   -0.9572      9.71      7.38      6.26    -16.85
   06-11-2018 00:47:47   284.27     2.07     1.62    0.0306   -0.2844   -0.9582      8.60      6.98      7.32    -15.75
   06-11-2018 00:48:12   274.25     2.07     0.65   -0.0139   -0.2899   -0.9570      9.37      7.25      6.49    -16.02
   06-11-2018 00:48:37   274.87     2.07     0.32   -0.0106   -0.2881   -0.9575      7.12      7.69      7.82    -13.47
   06-11-2018 00:49:02   273.79     2.07     0.00   -0.0155   -0.2884   -0.9574      7.81      7.84      6.79    -12.45
   06-11-2018 00:49:27   282.81     2.07     1.46    0.0254   -0.2888   -0.9570      7.77      8.17      5.88    -14.34
   06-11-2018 00:49:52   277.21     2.40     0.65   -0.0052   -0.2874   -0.9578      9.15      8.63      4.04    -16.04
   06-11-2018 00:50:17   284.87     2.07     1.62    0.0340   -0.2860   -0.9576      8.17      8.37      5.87    -16.57
   06-11-2018 00:50:42   284.07     1.75     0.97    0.0382   -0.2857   -0.9575      3.64      7.46      9.10    -11.42
   06-11-2018 00:51:07   286.22     1.75     0.97    0.0488   -0.2847   -0.9574      7.86      8.51      5.96    -15.90
   06-11-2018 00:51:32   290.93     1.75     1.14    0.0711   -0.2814   -0.9569     11.27      8.35      3.28    -16.25
   06-11-2018 00:51:57   283.52     1.75     0.97    0.0361   -0.2879   -0.9570      7.68      8.49      5.35    -16.22
   06-11-2018 00:52:22   289.10     1.75     0.65    0.0658   -0.2852   -0.9562      6.48      8.84      6.62    -14.40
   06-11-2018 00:52:47   297.94     1.75     1.14    0.1040   -0.2702   -0.9572      7.10      8.30      6.51    -14.50
   06-11-2018 00:53:12   300.33     1.75     1.95    0.1094   -0.2696   -0.9567      6.54      9.43      5.72    -15.55
   06-11-2018 00:53:37   302.31     1.43     1.62    0.1247   -0.2621   -0.9569      8.95      9.20      4.55    -14.26
   06-11-2018 00:54:02   305.17     1.43     1.62    0.1409   -0.2608   -0.9551      5.35      9.42      6.20    -12.00
   06-11-2018 00:54:27   308.67     1.59     1.95    0.1492   -0.2520   -0.9562      5.12      9.46      6.98    -14.65
   06-11-2018 00:54:52   310.64     1.10     1.46    0.1683   -0.2419   -0.9556      6.68      9.31      4.72    -12.63
   06-11-2018 00:55:17   312.86     1.10     2.60    0.1655   -0.2418   -0.9561      7.49     10.16      3.62    -14.44
   06-11-2018 00:55:42   315.67     1.10     2.11    0.1827   -0.2317   -0.9555      4.38      9.67      6.03    -13.60
   06-11-2018 00:56:07   318.58     1.10     2.92    0.1818   -0.2257   -0.9571      8.16      9.49      3.63    -16.35
   06-11-2018 00:56:32   322.70     1.10     2.43    0.2015   -0.2083   -0.9571      4.85      9.57      6.93    -13.58
   06-11-2018 00:56:57   319.78     0.78     2.27    0.1961   -0.2148   -0.9568      4.06      9.96      6.38    -12.54
   06-11-2018 00:57:22   324.51     0.78     2.27    0.2146   -0.2002   -0.9560      3.29      9.75      7.56    -14.41
   06-11-2018 00:57:47   325.70     0.78     2.92    0.2130   -0.2031   -0.9557      5.94      9.84      5.73    -16.60
   06-11-2018 00:58:12   327.12     0.78     2.76    0.2185   -0.1958   -0.9560      5.46      9.09      6.66    -15.80
   06-11-2018 00:58:37   327.99     0.78     2.92    0.2158   -0.1920   -0.9574      4.89      9.49      6.32    -14.90
   06-11-2018 00:59:02   322.32     0.78     2.27    0.2051   -0.2065   -0.9567      3.21      9.76      7.57    -14.39
   06-11-2018 00:59:27   328.23     0.78     2.92    0.2187   -0.1924   -0.9566      1.49      9.56      8.56    -11.10
   06-11-2018 00:59:52   326.34     0.78     2.27    0.2192   -0.1926   -0.9565      3.77      9.99      7.18    -13.29
   06-11-2018 01:00:17   330.91     0.13     2.92    0.2293   -0.1778   -0.9570      4.53     10.21      5.61    -12.36
   06-11-2018 01:00:42   330.73     0.45     3.24    0.2228   -0.1836   -0.9574      3.90     10.13      6.67    -11.84
   06-11-2018 01:01:07   328.09     0.78     2.76    0.2170   -0.1895   -0.9576      1.73      9.93      9.10    -11.80
   06-11-2018 01:01:32   333.83     0.29     3.57    0.2310   -0.1758   -0.9569      5.75     10.45      4.71    -17.24
   06-11-2018 01:01:57   327.07     0.78     3.24    0.2104   -0.1991   -0.9571      6.43      9.79      3.98    -14.52
   06-11-2018 01:02:22   325.24     0.78     2.27    0.2124   -0.1945   -0.9576      3.13      9.54      8.13    -13.23
   06-11-2018 01:02:47   320.59     1.10     1.95    0.2012   -0.2130   -0.9561      4.13     10.65      5.01    -12.86
   06-11-2018 01:03:12   323.93     0.78     2.27    0.2099   -0.2004   -0.9570      5.17      9.83      4.59    -13.92
   06-11-2018 01:03:37   323.75     0.78     2.92    0.2027   -0.2072   -0.9571      8.06      9.87      2.50    -17.89
   06-11-2018 01:04:02   322.36     0.94     2.92    0.2003   -0.2155   -0.9558      6.93      9.97      3.52    -15.09
   06-11-2018 01:04:27   319.20     1.10     2.27    0.1926   -0.2202   -0.9563      3.39      9.54      7.60    -12.13
   06-11-2018 01:04:52   320.16     0.78     2.60    0.1932   -0.2156   -0.9572      8.01      9.58      2.70    -15.33
   06-11-2018 01:05:17   321.58     0.94     2.92    0.1966   -0.2173   -0.9561      2.98      9.48      7.66    -12.13
   06-11-2018 01:05:42   321.61     0.94     2.27    0.2012   -0.2098   -0.9568      6.08      9.27      5.66    -12.89
   06-11-2018 01:06:07   323.09     1.10     2.60    0.2023   -0.2092   -0.9567      6.61      9.42      4.02    -14.62
   06-11-2018 01:06:32   324.58     0.78     2.92    0.2071   -0.2055   -0.9565      5.60      9.34      5.41    -14.95
   06-11-2018 01:06:57   324.82     0.78     2.60    0.2142   -0.2036   -0.9553      4.43      9.42      6.79    -12.41
   06-11-2018 01:07:22   325.54     0.78     2.92    0.2115   -0.2030   -0.9561      4.51      8.95      6.84    -15.26
   06-11-2018 01:07:47   328.33     0.78     3.24    0.2156   -0.1954   -0.9567      4.70      9.79      6.19    -12.47
   06-11-2018 01:08:12   329.66     0.78     3.24    0.2166   -0.1889   -0.9578      4.98      9.18      6.35    -12.41
   06-11-2018 01:08:37   320.44     0.78     2.11    0.1969   -0.2087   -0.9580      6.00      8.98      5.73    -13.99
   06-11-2018 01:09:02   326.39     0.78     2.27    0.2203   -0.1931   -0.9561      2.82      8.89      8.99    -14.36
   06-11-2018 01:09:27   322.98     0.78     2.43    0.2087   -0.2079   -0.9556      5.24      9.11      5.91    -13.56
   06-11-2018 01:09:52   325.33     1.10     2.76    0.2116   -0.2053   -0.9556      4.63      8.95      7.03    -13.99
   06-11-2018 01:10:17   323.44     0.78     1.95    0.2128   -0.2000   -0.9564      5.10      9.00      5.66    -14.73
   06-11-2018 01:10:42   325.33     0.78     2.43    0.2129   -0.1970   -0.9570      5.26      9.26      5.29    -12.74
   06-11-2018 01:11:07   331.95     0.45     3.24    0.2280   -0.1799   -0.9569      6.72      9.18      6.11    -15.97
   06-11-2018 01:11:32   329.77     0.62     2.60    0.2262   -0.1813   -0.9571      4.24      8.84      7.19    -11.97
   06-11-2018 01:11:57   328.71     0.78     2.43    0.2219   -0.1836   -0.9576      5.05      9.32      6.82    -10.71
   06-11-2018 01:12:22   326.04     0.78     2.60    0.2176   -0.1987   -0.9556      5.01      9.44      6.32    -13.65
   06-11-2018 01:12:47   328.78     0.78     3.17    0.2218   -0.1953   -0.9553      5.62      9.33      6.37    -14.22
   06-11-2018 01:13:12   329.96     0.45     2.76    0.2270   -0.1819   -0.9568      5.74      9.33      6.38    -11.68
   06-11-2018 01:13:37   332.25     0.45     3.24    0.2305   -0.1797   -0.9563      7.20      8.95      5.69    -13.53
   06-11-2018 01:14:02   336.99     0.29     3.24    0.2433   -0.1598   -0.9567      7.95      9.18      5.35    -12.00
   06-11-2018 01:14:27   334.48     0.13     2.60    0.2380   -0.1582   -0.9583      6.74      9.12      5.96    -14.22
   06-11-2018 01:14:52   331.48     0.45     2.27    0.2339   -0.1693   -0.9574      6.17      9.47      5.78    -12.05
   06-11-2018 01:15:17   336.96     0.45     3.24    0.2407   -0.1600   -0.9573      4.49      9.49      7.47    -12.98
   06-11-2018 01:15:42   331.76     0.78     2.92    0.2290   -0.1789   -0.9568      6.18      9.84      5.40    -10.80
   06-11-2018 01:16:07   331.25     0.78     2.92    0.2266   -0.1804   -0.9571      3.15     10.29      8.10    -12.12
   06-11-2018 01:16:32   333.88     0.45     3.24    0.2306   -0.1712   -0.9579      6.29     10.31      5.61     -9.58
   06-11-2018 01:16:57   333.30     0.45     2.92    0.2299   -0.1685   -0.9585      7.56      9.92      4.24    -11.08
   06-11-2018 01:17:22   333.26     0.45     2.92    0.2336   -0.1705   -0.9573      4.63     10.63      6.57    -11.71
   06-11-2018 01:17:47   333.59     0.45     2.92    0.2330   -0.1685   -0.9578      6.39     10.52      4.97    -11.79
   06-11-2018 01:18:12   332.57     0.45     2.92    0.2360   -0.1753   -0.9558      3.72     11.16      6.77     -9.29
   06-11-2018 01:18:37   335.34     0.45     2.92    0.2419   -0.1634   -0.9565      3.14     10.23      7.93    -11.09
   06-11-2018 01:19:02   330.10     0.62     2.60    0.2259   -0.1793   -0.9575      6.49     10.53      4.76    -10.53
   06-11-2018 01:19:27   334.80     0.45     3.24    0.2337   -0.1680   -0.9577      7.30     10.60      5.02    -13.15
   06-11-2018 01:19:52   334.44     0.45     2.92    0.2344   -0.1648   -0.9581      5.19     10.63      5.38    -11.86
   06-11-2018 01:20:17   334.76     0.62     3.89    0.2264   -0.1770   -0.9578      6.74     10.95      5.64    -14.22
   06-11-2018 01:20:42   327.61     0.78     2.76    0.2151   -0.1910   -0.9577      5.83     10.84      5.18     -9.81
   06-11-2018 01:21:07   326.30     0.78     2.27    0.2173   -0.1916   -0.9571      6.34     10.68      4.94     -9.85
   06-11-2018 01:21:32   331.55     0.78     3.57    0.2227   -0.1876   -0.9567      4.92     11.02      6.90    -12.18
   06-11-2018 01:21:57   334.07     0.78     3.57    0.2292   -0.1776   -0.9570      7.59     10.24      4.99    -12.75
   06-11-2018 01:22:22   326.62     0.94     2.92    0.2133   -0.1998   -0.9563      6.16     10.65      5.62    -10.12
   06-11-2018 01:22:47   329.37     0.78     2.60    0.2221   -0.1827   -0.9577      4.09     10.83      6.55     -9.83
   06-11-2018 01:23:12   330.17     0.78     2.27    0.2280   -0.1762   -0.9576      6.98     10.38      4.74    -10.58
   06-11-2018 01:23:37   338.77     0.13     2.60    0.2489   -0.1411   -0.9582      5.68     10.46      6.37    -11.73
   06-11-2018 01:24:02   340.83     0.13     3.24    0.2516   -0.1426   -0.9573      5.51     10.76      4.90    -11.82
   06-11-2018 01:24:27   341.71     0.13     2.60    0.2568   -0.1291   -0.9578      5.19     10.76      5.88     -9.49
   06-11-2018 01:24:52   343.99    -0.19     3.89    0.2541   -0.1374   -0.9574      5.40     10.47      6.32     -9.84
   06-11-2018 01:25:17   343.85     0.13     3.89    0.2508   -0.1386   -0.9581      7.90     10.36      4.47    -14.74
   06-11-2018 01:25:42   345.25    -0.19     3.57    0.2585   -0.1271   -0.9576      6.75      9.89      6.44    -11.21
   06-11-2018 01:26:07   341.95     0.13     3.24    0.2493   -0.1365   -0.9588      5.88     10.12      5.81    -13.22
   06-11-2018 01:26:32   337.61     0.45     3.24    0.2433   -0.1577   -0.9570      7.27     10.63      4.35    -11.95
   06-11-2018 01:26:57   338.75     0.45     2.92    0.2488   -0.1486   -0.9571      7.11     10.69      4.25    -11.47
   06-11-2018 01:27:22   340.85     0.13     3.24    0.2510   -0.1424   -0.9575      2.92     10.32      7.84     -8.91
   06-11-2018 01:27:47   338.03     0.45     3.24    0.2436   -0.1557   -0.9573      6.63     10.49      4.30    -11.34
   06-11-2018 01:28:12   339.96     0.45     3.57    0.2451   -0.1520   -0.9575      6.83     11.06      4.35    -15.48
   06-11-2018 01:28:37   350.82    -0.19     4.22    0.2612   -0.1126   -0.9587      5.83     10.18      4.92    -11.48
   06-11-2018 01:29:02   346.82     0.13     3.57    0.2605   -0.1214   -0.9578      6.72     10.04      4.34    -12.47
   06-11-2018 01:29:27   345.17     0.13     3.24    0.2593   -0.1236   -0.9578      5.35     10.00      5.38    -10.98
   06-11-2018 01:29:52   343.11     0.13     3.24    0.2546   -0.1324   -0.9579      3.27     10.07      7.56    -10.52
   06-11-2018 01:30:17   346.08     0.13     3.57    0.2554   -0.1238   -0.9589      3.86      9.55      6.15    -10.53
   06-11-2018 01:30:42   347.97    -0.03     4.06    0.2557   -0.1225   -0.9590      5.42      9.62      5.67    -11.18
   06-11-2018 01:31:07   342.25    -0.03     2.92    0.2526   -0.1297   -0.9588      4.92     10.03      5.51     -9.44
   06-11-2018 01:31:32   346.22     0.13     3.89    0.2587   -0.1293   -0.9573      4.15     10.12      5.43    -11.32
   06-11-2018 01:31:57   346.54    -0.19     3.24    0.2609   -0.1161   -0.9584      4.94      9.74      5.24    -12.64
   06-11-2018 01:32:22   340.70     0.45     2.60    0.2555   -0.1356   -0.9573      3.63      9.74      6.03    -10.88
   06-11-2018 01:32:47   340.82     0.13     3.89    0.2430   -0.1507   -0.9582      6.47      9.41      3.55    -14.33
   06-11-2018 01:33:12   340.22     0.29     3.24    0.2460   -0.1447   -0.9584      4.65      8.44      6.47    -11.76
   06-11-2018 01:33:37   342.12     0.13     3.24    0.2500   -0.1358   -0.9587      3.67      8.38      7.38    -12.86
   06-11-2018 01:34:02   338.04     0.45     3.24    0.2421   -0.1551   -0.9578      4.97      7.65      6.62    -13.20
   06-11-2018 01:34:27   335.30     0.45     2.92    0.2376   -0.1618   -0.9578      5.09      7.46      7.75    -13.34
   06-11-2018 01:34:52   333.52     0.78     2.92    0.2298   -0.1699   -0.9583      5.47      7.31      6.01    -14.25
   06-11-2018 01:35:17   332.34     1.10     3.57    0.2232   -0.1864   -0.9568      8.20      8.02      2.66    -17.09
   06-11-2018 01:35:42   336.49     0.45     3.24    0.2405   -0.1623   -0.9570      6.15      7.40      5.33    -13.37
   06-11-2018 01:36:07   337.14     0.78     3.57    0.2363   -0.1649   -0.9576      5.49      7.46      5.87    -14.47
   06-11-2018 01:36:32   330.14     0.78     2.43    0.2289   -0.1796   -0.9567      3.92      7.55      6.73    -13.33
   06-11-2018 01:36:57   334.21     0.78     3.73    0.2272   -0.1787   -0.9573      8.30      7.16      3.87    -15.43
   06-11-2018 01:37:22   333.82     0.45     2.60    0.2372   -0.1639   -0.9575      3.71      7.20      8.28    -13.67
   06-11-2018 01:37:47   332.16     0.78     2.60    0.2302   -0.1719   -0.9578      4.07      7.05      7.89    -12.61
   06-11-2018 01:38:12   336.44     0.45     3.57    0.2354   -0.1659   -0.9576      5.57      6.75      7.01    -14.80
   06-11-2018 01:38:37   342.20     0.29     3.57    0.2485   -0.1413   -0.9583      5.76      6.95      6.75    -14.07
   06-11-2018 01:39:02   338.25     0.45     2.76    0.2481   -0.1482   -0.9573      4.08      6.97      7.27    -14.24
   06-11-2018 01:39:27   332.28     0.45     2.43    0.2357   -0.1686   -0.9571      4.28      7.15      7.09    -15.38
   06-11-2018 01:39:52   334.34     0.78     2.92    0.2329   -0.1671   -0.9580      7.15      6.77      4.79    -11.95
   06-11-2018 01:40:17   335.52     0.78     3.57    0.2328   -0.1718   -0.9572      6.62      7.22      4.24    -12.62
   06-11-2018 01:40:42   336.24     0.78     3.41    0.2364   -0.1669   -0.9572      5.90      7.09      5.20    -12.96
   06-11-2018 01:41:07   332.12     0.94     2.92    0.2281   -0.1779   -0.9572      5.50      6.68      6.87    -10.06
   06-11-2018 01:41:32   336.35     0.62     3.24    0.2364   -0.1624   -0.9580      5.27      7.00      6.74    -13.93
   06-11-2018 01:41:57   347.31    -0.19     3.24    0.2605   -0.1124   -0.9589      2.28      6.89      8.95    -12.83
   06-11-2018 01:42:22   344.93    -0.19     2.92    0.2598   -0.1181   -0.9584      4.58      6.69      7.39    -12.54
   06-11-2018 01:42:47   354.62    -0.35     4.22    0.2674   -0.0955   -0.9588      7.51      6.58      7.16    -15.97
   06-11-2018 01:43:12   351.08    -0.19     3.41    0.2683   -0.0988   -0.9583      5.25      6.24      8.75    -12.03
   06-11-2018 01:43:37   354.16    -0.19     3.89    0.2672   -0.0924   -0.9592      6.26      6.26      7.86    -11.52
   06-11-2018 01:44:02   348.14    -0.19     3.08    0.2646   -0.1066   -0.9584      5.62      7.13      5.40    -13.11
   06-11-2018 01:44:27   348.90    -0.19     3.57    0.2594   -0.1102   -0.9595      6.27      7.42      5.38    -12.51
   06-11-2018 01:44:52   349.32    -0.19     3.24    0.2627   -0.1034   -0.9593      6.84      7.29      5.26    -12.75
   06-11-2018 01:45:17   347.98    -0.19     2.92    0.2641   -0.1046   -0.9588      4.90      7.78      6.34    -12.16
   06-11-2018 01:45:42   345.30     0.45     3.57    0.2526   -0.1282   -0.9590      5.12      8.17      5.64    -14.36
   06-11-2018 01:46:07   345.89     0.29     3.89    0.2509   -0.1297   -0.9593      4.77      7.06      8.15    -13.25
   06-11-2018 01:46:32   334.49     0.78     2.92    0.2326   -0.1662   -0.9583      4.25      8.08      6.48    -12.78
   06-11-2018 01:46:57   337.41     0.78     3.24    0.2347   -0.1575   -0.9592      3.97      8.49      6.11    -12.12
   06-11-2018 01:47:22   339.21     0.78     2.92    0.2425   -0.1460   -0.9591      5.75      8.01      5.49    -12.10
   06-11-2018 01:47:47   351.87    -0.19     3.89    0.2639   -0.1027   -0.9591      5.37      8.29      6.23    -12.33
   06-11-2018 01:48:12   338.52     0.13     2.60    0.2484   -0.1421   -0.9582      4.42      8.26      5.98    -11.20
   06-11-2018 01:48:37   343.90     0.45     3.57    0.2504   -0.1344   -0.9588      6.04      8.85      3.38    -11.29
   06-11-2018 01:49:02   337.47     0.62     3.24    0.2369   -0.1570   -0.9588      3.06      8.71      5.70    -12.17
   06-11-2018 01:49:27   351.52    -0.19     3.24    0.2612   -0.0930   -0.9608      3.82      9.09      4.57    -11.06
   06-11-2018 01:49:52   356.18    -0.19     4.06    0.2667   -0.0857   -0.9600      3.76      8.76      6.40    -10.74
   06-11-2018 01:50:17     6.12    -0.84     3.89    0.2694   -0.0382   -0.9623      4.67      8.89      5.14    -11.71
   06-11-2018 01:50:42   359.05    -0.52     3.89    0.2694   -0.0698   -0.9605      1.43      9.29      7.29    -10.01
   06-11-2018 01:51:07   350.21     0.13     3.89    0.2577   -0.1103   -0.9599      5.05      8.90      5.01    -11.82
   06-11-2018 01:51:32   338.90     0.45     2.60    0.2465   -0.1416   -0.9587      1.99      9.15      7.07    -12.40
   06-11-2018 01:51:57   336.32     0.78     3.24    0.2377   -0.1643   -0.9573      5.75      8.22      5.17    -13.62
   06-11-2018 01:52:22   334.22     0.78     3.08    0.2300   -0.1691   -0.9584      5.67      8.67      4.41    -13.10
   06-11-2018 01:52:47   337.39     1.10     3.89    0.2269   -0.1676   -0.9594      5.11      8.84      5.13    -10.16
   06-11-2018 01:53:12   335.47     1.10     3.73    0.2289   -0.1755   -0.9575      4.30      9.11      4.56    -10.32
   06-11-2018 01:53:37   337.23     0.62     2.92    0.2384   -0.1534   -0.9590      1.64      8.85      7.30    -12.41
   06-11-2018 01:54:02   338.15     0.45     3.00    0.2407   -0.1500   -0.9589      3.52      8.74      5.77    -13.06
   06-11-2018 01:54:27   340.38     0.78     3.89    0.2426   -0.1564   -0.9574      6.84      8.17      4.44    -14.42
   06-11-2018 01:54:52   343.18     0.13     3.24    0.2531   -0.1316   -0.9584      4.32      8.20      6.51    -10.63
   06-11-2018 01:55:17   345.89     0.13     3.41    0.2587   -0.1227   -0.9581      5.29      8.38      5.15    -13.37
   06-11-2018 01:55:42   342.21     0.45     3.24    0.2496   -0.1369   -0.9586      6.67      7.67      6.22    -13.33
   06-11-2018 01:56:07   345.77    -0.03     2.92    0.2572   -0.1141   -0.9596      4.75      7.88      8.00    -13.32
   06-11-2018 01:56:32   339.30     0.45     2.76    0.2495   -0.1433   -0.9577      5.43      8.02      6.34    -13.57
   06-11-2018 01:56:57   344.95     0.45     3.89    0.2491   -0.1344   -0.9591      7.26      7.95      5.65    -14.51
   06-11-2018 01:57:22   353.65    -0.19     3.89    0.2641   -0.0945   -0.9599      8.05      7.39      5.63    -16.03
   06-11-2018 01:57:47   352.01    -0.19     4.22    0.2619   -0.1072   -0.9591      4.48      7.11      9.48    -13.69
   06-11-2018 01:58:12   355.71    -0.52     3.73    0.2649   -0.0820   -0.9608      5.47      7.31      8.48    -12.55
   06-11-2018 01:58:37   353.82    -0.03     3.89    0.2599   -0.0936   -0.9611      6.25      7.58      6.38    -13.88
   06-11-2018 01:59:02     0.09    -0.35     3.89    0.2658   -0.0651   -0.9618      6.57      7.50      7.03    -15.02
   06-11-2018 01:59:27     1.23    -0.84     3.89    0.2680   -0.0601   -0.9615      5.39      7.55      7.75    -14.44
   06-11-2018 01:59:52     2.10    -0.52     3.57    0.2682   -0.0506   -0.9620      6.33      7.90      6.12    -16.48
   06-11-2018 02:00:17     3.91    -0.52     3.57    0.2718   -0.0420   -0.9614      6.11      8.09      5.92    -15.33
   06-11-2018 02:00:42     3.68    -0.52     3.57    0.2684   -0.0434   -0.9623      4.84      8.15      7.50    -15.47
   06-11-2018 02:01:07     8.24    -1.16     3.89    0.2677   -0.0297   -0.9630      5.12      8.59      5.94    -12.52
   06-11-2018 02:01:32    20.90    -1.49     4.22    0.2659    0.0208   -0.9638      4.35      8.29      7.58    -15.30
   06-11-2018 02:01:57    16.78    -1.32     4.22    0.2690    0.0033   -0.9631      4.29      7.93      7.73    -12.57
   06-11-2018 02:02:22    16.89    -1.49     3.41    0.2654    0.0155   -0.9640      4.22      7.93      8.73    -14.43
   06-11-2018 02:02:47    10.07    -0.84     3.57    0.2717   -0.0143   -0.9623      6.91      8.01      6.96    -15.33
   06-11-2018 02:03:12     4.87    -0.84     3.89    0.2703   -0.0437   -0.9618      4.77      7.86      8.26    -14.57
   06-11-2018 02:03:37     4.45    -0.84     3.89    0.2720   -0.0455   -0.9612      6.20      7.76      6.87    -10.76
   06-11-2018 02:04:02    15.77    -1.16     3.57    0.2675    0.0099   -0.9635      6.46      8.76      5.10    -14.58
   06-11-2018 02:04:27    27.66    -1.81     3.24    0.2549    0.0629   -0.9649      1.50      8.99      9.19    -14.98
   06-11-2018 02:04:52    28.81    -1.97     2.92    0.2504    0.0700   -0.9656      3.06      8.77      8.57    -16.09
   06-11-2018 02:05:17    28.22    -2.13     3.57    0.2552    0.0574   -0.9652      4.21      8.34      7.92    -14.47
   06-11-2018 02:05:42    29.58    -1.81     3.89    0.2543    0.0614   -0.9652      2.83      8.48      8.79    -14.68
   06-11-2018 02:06:07    21.02    -1.81     3.24    0.2619    0.0341   -0.9645      1.38      9.25      9.22    -13.28
   06-11-2018 02:06:32    24.41    -1.65     3.89    0.2604    0.0399   -0.9647      2.53      9.31      7.62    -12.68
   06-11-2018 02:06:57    16.23    -1.32     3.57    0.2661    0.0108   -0.9639      0.94      9.73      8.69    -13.50
   06-11-2018 02:07:22    23.16    -1.16     3.57    0.2558    0.0408   -0.9659      2.30     10.30      5.96    -10.35
   06-11-2018 02:07:47    20.65    -1.49     3.89    0.2656    0.0250   -0.9637      2.59     10.03      6.98    -12.67
   06-11-2018 02:08:12    14.57    -1.16     3.89    0.2677   -0.0011   -0.9635      4.02      9.61      6.88    -14.68
   06-11-2018 02:08:37    17.30    -1.49     3.73    0.2667    0.0123   -0.9637      3.25      9.74      7.59    -14.13
   06-11-2018 02:09:02     4.06    -0.68     3.57    0.2721   -0.0415   -0.9614      3.51      9.83      6.80    -14.02
   06-11-2018 02:09:27     2.43    -0.52     3.73    0.2650   -0.0520   -0.9629      0.83     10.13      9.02    -13.27
   06-11-2018 02:09:52   355.26     0.13     4.22    0.2641   -0.0929   -0.9600      2.94     10.17      6.75    -13.24
   06-11-2018 02:10:17   349.89     0.13     3.57    0.2557   -0.1060   -0.9609      2.41     10.53      6.76    -10.95
   06-11-2018 02:10:42   357.70    -0.35     3.57    0.2625   -0.0704   -0.9624      4.11      9.61      6.02    -13.62
   06-11-2018 02:11:07     5.93    -0.52     3.57    0.2681   -0.0331   -0.9628      3.64      9.87      7.94    -12.98
   06-11-2018 02:11:32    11.87    -1.16     3.24    0.2682   -0.0024   -0.9634      2.54      9.25      8.79    -11.96
   06-11-2018 02:11:57    24.19    -1.81     3.24    0.2585    0.0476   -0.9648      4.91      8.33      8.97    -16.36
   06-11-2018 02:12:22    20.23    -1.16     4.22    0.2638    0.0189   -0.9644      4.67      8.78      7.50    -14.61
   06-11-2018 02:12:47    27.57    -1.81     3.89    0.2548    0.0513   -0.9656      5.13      9.03      6.68    -12.57
   06-11-2018 02:13:12    22.18    -1.49     3.24    0.2586    0.0405   -0.9651      3.10      8.46     10.15    -12.94
   06-11-2018 02:13:37    29.89    -1.81     4.22    0.2548    0.0577   -0.9653      4.98      8.29      7.82    -14.51
   06-11-2018 02:14:02    25.94    -1.49     4.22    0.2596    0.0430   -0.9648      3.84      8.94      9.08    -12.32
   06-11-2018 02:14:27    31.11    -1.97     3.73    0.2481    0.0666   -0.9664      3.49      8.56      9.77    -16.09
   06-11-2018 02:14:52    20.05    -1.81     2.92    0.2611    0.0348   -0.9647      4.02      7.70     12.07    -13.49
   06-11-2018 02:15:17    13.57    -1.16     4.54    0.2666   -0.0170   -0.9637      6.58      6.73      9.70    -15.84
   06-11-2018 02:15:42     7.85    -0.84     3.57    0.2737   -0.0243   -0.9615      6.87      7.05      9.43    -18.17
   06-11-2018 02:16:07   356.43     0.13     3.89    0.2613   -0.0819   -0.9618      9.88      6.44      7.68    -19.75
   06-11-2018 02:16:32     5.42    -0.52     3.89    0.2698   -0.0408   -0.9621      8.70      6.70      8.71    -18.10
   06-11-2018 02:16:57   359.18    -0.19     3.89    0.2669   -0.0692   -0.9612      9.69      5.56      9.89    -21.02
   06-11-2018 02:17:22   358.38    -0.19     4.14    0.2669   -0.0771   -0.9606      9.77      5.70      9.60    -21.05
   06-11-2018 02:17:47   347.88     0.78     4.38    0.2495   -0.1300   -0.9596     11.73      6.09      6.42    -21.88
   06-11-2018 02:18:12   355.81    -0.19     3.41    0.2604   -0.0762   -0.9625      9.41      6.06      8.63    -18.27
   06-11-2018 02:18:37   342.54     0.78     3.08    0.2430   -0.1323   -0.9610     10.85      6.54      5.78    -20.15
   06-11-2018 02:19:02   353.37     0.13     3.57    0.2581   -0.0903   -0.9619      6.27      6.57     10.53    -19.75
   06-11-2018 02:19:27   344.68     0.45     2.76    0.2529   -0.1177   -0.9603      6.95      6.38     11.18    -18.18
   06-11-2018 02:19:52   357.67    -0.19     3.89    0.2624   -0.0761   -0.9619      9.25      6.67      8.36    -20.13
   06-11-2018 02:20:17   348.10     0.45     3.57    0.2548   -0.1152   -0.9601      9.11      5.83      9.91    -21.10
   06-11-2018 02:20:42   345.50     0.78     3.24    0.2491   -0.1223   -0.9607      7.95      5.54     10.29    -17.43
   06-11-2018 02:21:07   349.96     0.45     3.57    0.2579   -0.1070   -0.9602      8.18      5.54     11.63    -19.12
   06-11-2018 02:21:32   343.07     0.78     3.24    0.2420   -0.1321   -0.9612      7.23      6.82      9.96    -17.23
   06-11-2018 02:21:57   343.49     0.78     3.24    0.2472   -0.1316   -0.9600      7.93      6.39     10.14    -18.37
   06-11-2018 02:22:22     0.61    -0.35     3.24    0.2660   -0.0519   -0.9626      8.93      6.60      7.97    -20.06
   06-11-2018 02:22:47   353.16     0.29     3.57    0.2624   -0.0920   -0.9606      8.67      6.47      8.76    -20.15
   06-11-2018 02:23:12     4.23    -0.52     3.73    0.2649   -0.0439   -0.9633      7.72      6.79      8.75    -18.10
   06-11-2018 02:23:37    12.48    -0.84     3.73    0.2635   -0.0077   -0.9646      5.43      7.02      9.90    -17.15
   06-11-2018 02:24:02     2.79    -0.52     3.57    0.2659   -0.0476   -0.9628      7.39      7.19      7.29    -16.57
   06-11-2018 02:24:27    16.17    -1.16     3.57    0.2621    0.0101   -0.9650      4.47      7.00     10.80    -16.12
   06-11-2018 02:24:52   353.50     0.13     3.24    0.2608   -0.0845   -0.9617      7.88      6.98      6.83    -15.26
   06-11-2018 02:25:17    17.29    -0.84     4.22    0.2642    0.0067   -0.9644      6.35      7.30      7.48    -15.65
   06-11-2018 02:25:42    14.90    -0.84     4.22    0.2642   -0.0046   -0.9645      5.96      6.99      9.26    -16.39
   06-11-2018 02:26:07    30.12    -1.81     3.24    0.2468    0.0706   -0.9665      4.24      7.07     10.20    -14.51
   06-11-2018 02:26:32    20.35    -1.16     4.22    0.2631    0.0192   -0.9646      8.74      5.65      7.59    -19.17
   06-11-2018 02:26:57    31.97    -1.81     3.82    0.2465    0.0703   -0.9666      9.24      5.00      8.42    -16.78
   06-11-2018 02:27:22    11.14    -0.84     3.89    0.2641   -0.0165   -0.9644      7.25      5.52     10.07    -17.52
   06-11-2018 02:27:47    27.07    -1.49     3.57    0.2535    0.0565   -0.9657      8.73      5.43      8.05    -16.48
   06-11-2018 02:28:12    10.90    -0.52     3.89    0.2614   -0.0170   -0.9651      3.83      5.62     11.83    -15.47
   06-11-2018 02:28:37    10.34    -0.68     3.89    0.2628   -0.0198   -0.9647      8.33      6.35      5.78    -17.95
   06-11-2018 02:29:02    14.16    -0.84     3.57    0.2648    0.0031   -0.9643      6.02      5.79     10.18    -16.91
   06-11-2018 02:29:27    19.34    -1.16     3.90    0.2621    0.0193   -0.9649      8.38      5.89      6.84    -16.84
   06-11-2018 02:29:52    40.82    -2.13     3.89    0.2284    0.1003   -0.9684      1.80      6.87     11.63    -16.55
   06-11-2018 02:30:17    32.05    -1.81     3.57    0.2426    0.0724   -0.9674      5.40      7.59      5.98    -14.54
   06-11-2018 02:30:42    63.45    -3.10     3.57    0.1698    0.1743   -0.9699      1.11      7.05     10.95    -13.92
   06-11-2018 02:31:07    23.69    -1.32     3.89    0.2545    0.0361   -0.9664      5.44      7.43      6.95    -12.65
   06-11-2018 02:31:32    60.62    -2.78     2.60    0.1679    0.1705   -0.9709      3.47     -5.82      6.54     -4.67
   06-11-2018 02:31:57    28.65    -1.16     4.22    0.2422    0.0502   -0.9689      0.89     -5.31      5.38     -4.10
   06-11-2018 02:32:22    46.02    -2.13     3.08    0.2089    0.1268   -0.9697      3.60     -5.98      3.05     -4.32
   06-11-2018 02:32:47    42.83    -1.81     3.73    0.2152    0.1079   -0.9706     -1.12     -5.33      7.96     -3.92
   06-11-2018 02:33:12    35.36    -1.81     3.24    0.2308    0.0871   -0.9691      3.83     -5.63      4.48     -4.37

 Profile 2
  ACM turned on at 06/11/2018 00:00:02
  ACM turned off at 06/11/2018 02:33:16

ACM+ Header Contents:

FILELEN     : 17575
cal_date    : 15 08 11 
ser_num     : 1109
mux         : 0
wdly        : 0
mux2        : 0
UserID      : ML13104-01D
BaudRate    : 19200.0000
InitValue   : 1066
SRate       : 2.0000
Latitude    : 41.6587
Longitude   : -70.6105
abof        : -0.0190
cdof        : -1.3405
efof        : -1.4771
ghof        : 0.1971
absl        : 1.0000
cdsl        : 1.0000
efsl        : 1.0000
ghsl        : 1.0000
K1          : 0.4931
K2          : 0.3023
K3          : 0.0000
K4          : 0.0000
K5          : 0.4955
K6          : 0.3015
K7          : 0.0000
K8          : 0.0000
tilt_temp0  : 0.0000
K9          : 0.0000
sal         : 0.0000
dbar        : 0.0000
seatoff     : -2.1000
seatslp     : 0.0097
velscl      : 1.0000
zhx         : -579.8000
zhy         : -18.2500
zhz         : -524.3000
T11         : 0.0002
T21         : 0.0000
T31         : 0.0000
T12         : 0.0000
T22         : 0.0002
T32         : 0.0000
T13         : 0.0000
T23         : 0.0000
T33         : 0.0002
dex         : 0.0000
dey         : 0.0000
dez         : 0.0000
aux_delay   : 0
avgintv     : 00 00 00 
intv        : 00 05 00 
on          : 00 00 0A 
dly_strt    : 00 01 0A 1C 09 11 04 00 
op_flag1    : 28 :  TIME HDNG
op_flag2    : F8 :  TX   TY   HX   HY   HZ  
op_flag3    : 00 : 
op_flag4    : 07 :  TILT COMP VPTH
op_flag5    : 22 :  ECHO LOG 
op_mode1    : 00 : 
op_mode     : 10 :  NRML
version     : v3.20
Declination : 0.0000
checksum    : 00 
start       : DATA
