
 Profile 1

 Sensors were turned on at  06/10/2018 04:00:02
 Vehicle began profiling at 06/10/2018 04:02:03

               Date   [mA]    [V]    [dbar]      Oxygen[uM]  Optode Temp[C] 
06/10/2018 04:02:03      0   11.4     0.000            0.00            0.00        53       139       570
06/10/2018 04:02:13    185   11.3     0.000            0.00            0.00        52       135       570
06/10/2018 04:02:23    165   11.3     0.000            0.00            0.00        54       135       570
06/10/2018 04:02:36    249   11.2  2553.030          351.27            1.79        54       143       570
06/10/2018 04:02:46    137   11.3  2550.030          349.73            1.80        54       138       570
06/10/2018 04:02:56    153   11.3  2547.160          349.03            1.80        53       138       570
06/10/2018 04:03:06    156   11.3  2544.110          349.57            1.81        53       138       569
06/10/2018 04:03:16    150   11.2  2541.200          349.91            1.82        54       140       569
06/10/2018 04:03:26    158   11.2  2538.300          349.98            1.83        54       142       569
06/10/2018 04:03:36    156   11.2  2535.340          350.32            1.84        56       141       569
06/10/2018 04:03:46    140   11.2  2532.450          350.82            1.85        52       138       569
06/10/2018 04:03:56    139   11.2  2529.340          350.25            1.86        53       141       569
06/10/2018 04:04:06    147   11.2  2526.650          349.52            1.86        53       133       569
06/10/2018 04:04:16    138   11.2  2523.640          349.32            1.88        53       143       569
06/10/2018 04:04:26    144   11.2  2520.700          349.08            1.92        54       131       569
06/10/2018 04:04:36    139   11.2  2517.430          347.89            1.95        53       139       569
06/10/2018 04:04:46    147   11.2  2514.810          348.20            1.97        54       132       569
06/10/2018 04:04:56    145   11.2  2511.890          347.60            1.98        52       130       569
06/10/2018 04:05:06    152   11.1  2509.000          347.47            1.99        54       134       569
06/10/2018 04:05:16    146   11.1  2506.090          348.14            2.00        53       131       569
06/10/2018 04:05:26    137   11.1  2503.190          348.26            2.00        54       133       569
06/10/2018 04:05:36    153   11.1  2499.960          348.23            2.02        53       130       569
06/10/2018 04:05:46    148   11.1  2497.370          348.10            2.07        55       134       568
06/10/2018 04:05:56    144   11.1  2494.390          346.22            2.10        53       126       569
06/10/2018 04:06:06    142   11.1  2491.560          346.02            2.13        53       134       568
06/10/2018 04:06:16    152   11.1  2488.510          344.82            2.14        55       127       568
06/10/2018 04:06:26    151   11.1  2485.630          345.18            2.14        54       126       568
06/10/2018 04:06:36    156   11.1  2482.500          345.61            2.15        54       127       568
06/10/2018 04:06:46    141   11.1  2479.980          345.55            2.16        54       127       568
06/10/2018 04:06:56    141   11.1  2477.020          345.69            2.16        53       130       568
06/10/2018 04:07:06    147   11.1  2474.130          344.94            2.18        53       131       568
06/10/2018 04:07:16    151   11.0  2471.200          345.50            2.20        55       135       568
06/10/2018 04:07:26    147   11.0  2468.380          344.50            2.22        53       135       568
06/10/2018 04:07:36    150   11.0  2465.500          345.04            2.23        53       144       568
06/10/2018 04:07:46    162   11.0  2462.500          345.32            2.24        54       136       568
06/10/2018 04:07:56    147   11.0  2459.750          345.11            2.25        53       142       568
06/10/2018 04:08:06    150   11.0  2456.770          344.43            2.26        53       137       568
06/10/2018 04:08:16    144   11.0  2453.940          344.66            2.27        55       135       568
06/10/2018 04:08:26    138   11.0  2451.050          344.19            2.28        54       174       568
06/10/2018 04:08:36    146   11.0  2447.980          343.85            2.29        54       133       568
06/10/2018 04:08:46    152   11.0  2445.300          344.00            2.31        52       147       568
06/10/2018 04:08:56    143   11.0  2442.420          343.58            2.32        53       135       568
06/10/2018 04:09:06    147   11.0  2439.590          343.63            2.32        52       134       568
06/10/2018 04:09:16    144   11.0  2436.700          344.19            2.32        54       138       568
06/10/2018 04:09:26    146   11.0  2433.900          343.80            2.33        53       141       568
06/10/2018 04:09:36    146   11.0  2430.770          344.24            2.33        54       148       568
06/10/2018 04:09:46    141   11.0  2428.250          343.27            2.35        52       134       568
06/10/2018 04:09:56    159   10.9  2425.330          344.11            2.35        53       133       568
06/10/2018 04:10:06    151   10.9  2422.380          344.13            2.36        53       163       568
06/10/2018 04:10:16    150   10.9  2419.600          343.85            2.36        53       138       567
06/10/2018 04:10:26    141   10.9  2416.680          344.09            2.37        54       141       567
06/10/2018 04:10:36    140   10.9  2413.560          344.47            2.37        54       137       568
06/10/2018 04:10:46    152   10.9  2411.010          343.97            2.38        53       145       568
06/10/2018 04:10:56    145   10.9  2408.230          344.32            2.39        53       184       567
06/10/2018 04:11:06    146   10.9  2405.340          343.83            2.40        53       134       567
06/10/2018 04:11:16    146   10.9  2402.450          343.52            2.41        54       159       567
06/10/2018 04:11:26    142   10.9  2399.650          343.98            2.42        51       138       567
06/10/2018 04:11:36    145   10.9  2396.520          344.11            2.42        54       135       567
06/10/2018 04:11:46    146   10.9  2393.840          344.25            2.43        53       138       567
06/10/2018 04:11:56    141   10.9  2391.040          343.53            2.44        55       134       567
06/10/2018 04:12:06    159   10.9  2388.180          343.03            2.45        54       139       567
06/10/2018 04:12:16    136   10.9  2385.290          343.60            2.47        53       140       567
06/10/2018 04:12:26    143   10.9  2382.400          343.45            2.47        54       135       567
06/10/2018 04:12:36    152   10.9  2379.340          342.87            2.47        54       141       567
06/10/2018 04:12:46    150   10.9  2376.710          342.83            2.47        53       137       567
06/10/2018 04:12:56    143   10.9  2374.020          342.54            2.48        53       146       567
06/10/2018 04:13:06    143   10.9  2371.050          342.88            2.48        53       136       567
06/10/2018 04:13:16    140   10.9  2368.200          344.34            2.49        52       134       567
06/10/2018 04:13:26    149   10.9  2365.340          342.60            2.49        54       134       567
06/10/2018 04:13:36    150   10.9  2362.520          342.22            2.49        53       135       567
06/10/2018 04:13:46    144   10.9  2359.620          343.36            2.50        53       138       567
06/10/2018 04:13:56    137   10.9  2356.870          342.30            2.52        54       147       567
06/10/2018 04:14:06    138   10.9  2353.930          342.14            2.52        55       143       567
06/10/2018 04:14:16    138   10.9  2351.180          342.43            2.52        54       141       567
06/10/2018 04:14:26    138   10.9  2348.230          342.61            2.52        54       141       567
06/10/2018 04:14:36    141   10.9  2345.190          342.97            2.53        52       143       567
06/10/2018 04:14:46    134   10.9  2342.610          343.23            2.53        54       145       567
06/10/2018 04:14:56    142   10.9  2339.740          342.58            2.54        53       148       567
06/10/2018 04:15:06    141   10.9  2336.890          342.60            2.55        54       158       567
06/10/2018 04:15:16    147   10.9  2333.990          342.17            2.56        55       160       567
06/10/2018 04:15:26    142   10.9  2331.230          342.12            2.57        53       165       567
06/10/2018 04:15:36    144   10.9  2328.020          341.88            2.58        52       159       567
06/10/2018 04:15:46    150   10.9  2325.510          341.84            2.59        52       159       567
06/10/2018 04:15:56    152   10.9  2322.670          341.61            2.61        53       155       567
06/10/2018 04:16:06    145   10.9  2319.870          341.23            2.61        54       157       567
06/10/2018 04:16:16    145   10.9  2316.970          341.95            2.62        53       159       567
06/10/2018 04:16:26    150   10.9  2314.130          341.35            2.62        53       167       567
06/10/2018 04:16:36    161   10.9  2311.070          341.63            2.64        54       175       567
06/10/2018 04:16:46    141   10.9  2308.430          340.79            2.65        54       192       567
06/10/2018 04:16:56    152   10.9  2305.620          341.53            2.65        53       163       567
06/10/2018 04:17:06    143   10.9  2302.860          341.02            2.66        54       170       567
06/10/2018 04:17:16    145   10.8  2299.940          342.07            2.66        53       155       567
06/10/2018 04:17:26    155   10.8  2297.230          341.39            2.66        54       161       566
06/10/2018 04:17:36    156   10.9  2294.040          341.56            2.67        53       159       567
06/10/2018 04:17:46    154   10.8  2291.450          340.82            2.67        54       151       567
06/10/2018 04:17:56    154   10.8  2288.700          341.59            2.67        52       156       566
06/10/2018 04:18:06    136   10.8  2285.820          340.87            2.67        53       154       566
06/10/2018 04:18:16    147   10.8  2283.080          341.58            2.67        53       181       566
06/10/2018 04:18:26    147   10.8  2280.180          341.43            2.67        53       155       566
06/10/2018 04:18:36    152   10.8  2277.030          341.04            2.68        52       148       567
06/10/2018 04:18:46    146   10.8  2274.540          340.96            2.69        53       148       567
06/10/2018 04:18:56    153   10.8  2271.750          340.72            2.70        54       157       566
06/10/2018 04:19:06    146   10.8  2268.820          341.50            2.71        53       142       567
06/10/2018 04:19:16    159   10.8  2266.070          340.36            2.72        53       152       566
06/10/2018 04:19:26    152   10.8  2263.200          340.04            2.73        53       150       566
06/10/2018 04:19:36    149   10.8  2260.220          340.45            2.73        53       150       566
06/10/2018 04:19:46    153   10.8  2257.540          339.94            2.73        54       149       566
06/10/2018 04:19:56    152   10.8  2254.810          340.97            2.74        53       163       566
06/10/2018 04:20:06    156   10.8  2251.980          340.29            2.74        53       150       566
06/10/2018 04:20:16    140   10.8  2249.180          340.67            2.75        52       148       566
06/10/2018 04:20:26    149   10.8  2246.370          341.08            2.75        54       142       566
06/10/2018 04:20:36    162   10.8  2243.300          340.74            2.77        52       149       566
06/10/2018 04:20:46    170   10.8  2240.670          339.48            2.78        54       142       566
06/10/2018 04:20:56    153   10.8  2237.880          340.27            2.78        54       137       566
06/10/2018 04:21:06    167   10.8  2235.040          340.07            2.79        54       136       566
06/10/2018 04:21:16    176   10.8  2232.220          340.07            2.81        55       132       566
06/10/2018 04:21:26    161   10.8  2229.450          338.49            2.82        53       130       566
06/10/2018 04:21:36    166   10.8  2226.390          338.18            2.83        55       126       566
06/10/2018 04:21:46    157   10.8  2223.840          339.08            2.84        54       125       566
06/10/2018 04:21:56    146   10.8  2221.070          338.64            2.84        54       126       566
06/10/2018 04:22:06    157   10.8  2218.210          337.10            2.84        52       128       566
06/10/2018 04:22:16    145   10.8  2215.320          338.95            2.84        52       125       566
06/10/2018 04:22:26    178   10.8  2212.630          337.68            2.85        55       125       566
06/10/2018 04:22:36    174   10.8  2209.540          338.41            2.85        53       125       566
06/10/2018 04:22:46    148   10.8  2207.040          338.79            2.86        53       125       566
06/10/2018 04:22:56    178   10.8  2204.190          338.63            2.86        52       125       566
06/10/2018 04:23:06    168   10.8  2201.320          338.17            2.86        53       124       566
06/10/2018 04:23:16    153   10.8  2198.480          338.21            2.86        53       125       566
06/10/2018 04:23:26    162   10.8  2195.800          338.99            2.87        55       128       566
06/10/2018 04:23:36    169   10.8  2192.670          337.50            2.90        53       123       566
06/10/2018 04:23:46    166   10.8  2190.250          337.55            2.91        54       124       566
06/10/2018 04:23:56    163   10.8  2187.310          337.84            2.91        54       128       566
06/10/2018 04:24:06    140   10.8  2184.540          336.66            2.92        52       123       566
06/10/2018 04:24:16    166   10.8  2181.720          337.38            2.92        53       121       566
06/10/2018 04:24:26    156   10.8  2178.920          337.85            2.92        52       126       566
06/10/2018 04:24:36    158   10.8  2175.720          337.95            2.92        54       125       566
06/10/2018 04:24:46    172   10.8  2173.210          338.02            2.92        52       130       566
06/10/2018 04:24:56    154   10.8  2170.340          337.54            2.93        53       122       566
06/10/2018 04:25:06    161   10.8  2167.580          337.82            2.94        54       122       566
06/10/2018 04:25:16    156   10.8  2164.840          337.33            2.94        54       128       566
06/10/2018 04:25:26    166   10.8  2161.950          337.53            2.95        53       127       566
06/10/2018 04:25:36    160   10.8  2158.900          336.85            2.96        54       123       566
06/10/2018 04:25:46    154   10.8  2156.320          337.13            2.96        54       125       566
06/10/2018 04:25:56    166   10.8  2153.640          337.36            2.97        53       126       566
06/10/2018 04:26:06    168   10.8  2150.780          338.17            2.98        52       135       566
06/10/2018 04:26:16    164   10.8  2147.910          337.68            2.98        53       140       566
06/10/2018 04:26:26    156   10.8  2145.090          337.92            2.98        54       124       566
06/10/2018 04:26:36    147   10.8  2142.080          337.51            2.99        53       122       566
06/10/2018 04:26:46    159   10.8  2139.540          337.37            3.00        54       124       566
06/10/2018 04:26:56    149   10.8  2136.680          337.30            3.01        52       124       566
06/10/2018 04:27:06    169   10.8  2134.000          336.89            3.01        53       124       566
06/10/2018 04:27:16    161   10.8  2131.210          336.84            3.02        53       125       566
06/10/2018 04:27:26    154   10.8  2128.380          336.51            3.02        53       128       566
06/10/2018 04:27:36    149   10.8  2125.310          336.96            3.03        54       124       566
06/10/2018 04:27:46    155   10.8  2122.790          336.20            3.05        53       124       566
06/10/2018 04:27:56    158   10.8  2119.920          335.62            3.07        54       130       566
06/10/2018 04:28:06    146   10.8  2117.200          335.59            3.08        53       124       566
06/10/2018 04:28:16    152   10.8  2114.320          336.27            3.08        54       120       566
06/10/2018 04:28:26    155   10.8  2111.530          335.66            3.09        53       123       566
06/10/2018 04:28:36    153   10.8  2108.440          334.94            3.09        53       124       566
06/10/2018 04:28:46    151   10.8  2105.920          334.88            3.09        53       124       566
06/10/2018 04:28:56    152   10.8  2103.020          334.78            3.09        52       120       566
06/10/2018 04:29:06    158   10.8  2100.090          335.52            3.09        53       123       566
06/10/2018 04:29:16    157   10.8  2097.580          335.36            3.09        52       126       566
06/10/2018 04:29:26    152   10.8  2094.740          335.82            3.09        55       127       566
06/10/2018 04:29:36    154   10.8  2091.700          336.39            3.09        54       123       566
06/10/2018 04:29:46    157   10.8  2088.850          335.00            3.09        55       126       566
06/10/2018 04:29:56    146   10.8  2086.090          335.24            3.10        53       128       566
06/10/2018 04:30:06    145   10.8  2083.510          335.54            3.11        52       123       566
06/10/2018 04:30:16    169   10.8  2080.740          335.17            3.12        53       124       565
06/10/2018 04:30:26    149   10.8  2077.650          336.03            3.13        54       123       566
06/10/2018 04:30:36    158   10.8  2074.710          335.52            3.14        54       258       566
06/10/2018 04:30:46    153   10.8  2072.360          335.67            3.14        53       124       566
06/10/2018 04:30:56    152   10.8  2069.520          336.74            3.15        54       125       565
06/10/2018 04:31:06    159   10.8  2066.710          335.49            3.15        52       125       565
06/10/2018 04:31:16    150   10.8  2063.890          337.17            3.16        54       128       566
06/10/2018 04:31:26    157   10.8  2061.070          336.62            3.16        53       124       566
06/10/2018 04:31:36    149   10.8  2058.090          335.73            3.17        54       125       566
06/10/2018 04:31:46    153   10.8  2055.400          336.54            3.17        54       131       565
06/10/2018 04:31:56    153   10.8  2052.370          335.93            3.18        54       120       565
06/10/2018 04:32:06    147   10.8  2049.630          335.54            3.19        53       130       565
06/10/2018 04:32:16    148   10.8  2046.690          335.98            3.19        53       122       565
06/10/2018 04:32:26    146   10.8  2043.990          334.79            3.20        52       119       566
06/10/2018 04:32:36    147   10.8  2041.110          335.28            3.21        54       120       566
06/10/2018 04:32:46    144   10.8  2038.700          335.49            3.21        51       120       565
06/10/2018 04:32:56    156   10.8  2035.630          335.58            3.22        52       119       566
06/10/2018 04:33:06    155   10.8  2032.740          335.23            3.22        53       120       565
06/10/2018 04:33:16    166   10.8  2029.870          334.43            3.23        54       120       565
06/10/2018 04:33:26    150   10.8  2027.110          334.74            3.23        54       120       565
06/10/2018 04:33:36    161   10.8  2024.380          334.99            3.24        52       120       565
06/10/2018 04:33:46    164   10.8  2021.540          334.80            3.25        54       124       565
06/10/2018 04:33:56    149   10.8  2018.840          335.27            3.25        54       119       565
06/10/2018 04:34:06    158   10.8  2015.920          334.67            3.26        53       119       565
06/10/2018 04:34:16    155   10.8  2013.210          334.20            3.26        52       121       565
06/10/2018 04:34:26    161   10.8  2010.360          334.83            3.26        54       118       565
06/10/2018 04:34:36    159   10.8  2007.590          334.36            3.27        54       124       565
06/10/2018 04:34:46    142   10.8  2004.770          334.95            3.27        53       118       565
06/10/2018 04:34:56    160   10.8  2001.990          334.90            3.27        53       120       565
06/10/2018 04:35:06    156   10.8  1999.210          333.96            3.27        53       121       565
06/10/2018 04:35:16    139   10.8  1996.310          334.14            3.27        53       123       565
06/10/2018 04:35:26    152   10.8  1993.640          334.79            3.28        54       119       565
06/10/2018 04:35:36    161   10.8  1990.740          333.11            3.29        53       120       565
06/10/2018 04:35:46    150   10.8  1988.160          333.91            3.30        53       120       565
06/10/2018 04:35:56    154   10.8  1985.410          333.82            3.31        54       119       565
06/10/2018 04:36:06    165   10.8  1982.410          334.06            3.31        53       120       565
06/10/2018 04:36:16    170   10.8  1979.630          334.08            3.32        53       120       565
06/10/2018 04:36:26    164   10.8  1976.690          334.49            3.32        53       119       565
06/10/2018 04:36:36    156   10.8  1973.980          334.16            3.34        53       120       565
06/10/2018 04:36:46    149   10.8  1971.250          333.10            3.35        52       123       565
06/10/2018 04:36:56    153   10.8  1968.460          333.87            3.35        53       118       565
06/10/2018 04:37:06    157   10.8  1965.540          334.36            3.35        53       120       565
06/10/2018 04:37:16    160   10.8  1962.760          333.70            3.35        53       120       565
06/10/2018 04:37:26    151   10.8  1960.010          333.98            3.35        52       121       565
06/10/2018 04:37:36    150   10.8  1957.230          333.95            3.35        54       122       565
06/10/2018 04:37:46    150   10.8  1954.730          334.07            3.35        53       120       565
06/10/2018 04:37:56    153   10.8  1951.680          332.44            3.36        53       119       565
06/10/2018 04:38:06    165   10.8  1948.850          333.50            3.35        54       120       565
06/10/2018 04:38:16    171   10.8  1946.110          333.11            3.40        53       117       565
06/10/2018 04:38:26    156   10.8  1943.310          332.04            3.42        52       118       565
06/10/2018 04:38:36    155   10.8  1940.490          332.03            3.42        53       116       565
06/10/2018 04:38:46    158   10.8  1937.750          332.17            3.43        52       115       565
06/10/2018 04:38:56    165   10.8  1934.830          331.55            3.43        52       114       565
06/10/2018 04:39:06    167   10.8  1932.120          331.31            3.44        53       113       565
06/10/2018 04:39:16    167   10.8  1929.320          331.18            3.44        54       114       565
06/10/2018 04:39:26    164   10.8  1926.550          330.43            3.45        54       114       565
06/10/2018 04:39:36    158   10.8  1923.790          331.67            3.45        52       117       565
06/10/2018 04:39:46    151   10.8  1920.990          331.04            3.45        52       116       565
06/10/2018 04:39:56    162   10.8  1918.100          330.89            3.45        52       114       565
06/10/2018 04:40:06    164   10.8  1915.450          330.17            3.46        52       112       565
06/10/2018 04:40:16    165   10.8  1912.700          330.70            3.46        52       113       565
06/10/2018 04:40:26    165   10.8  1909.770          330.27            3.47        54       114       565
06/10/2018 04:40:36    171   10.8  1907.090          331.21            3.47        54       114       565
06/10/2018 04:40:46    174   10.8  1904.250          331.32            3.48        53       113       565
06/10/2018 04:40:56    167   10.8  1901.540          331.63            3.48        52       113       565
06/10/2018 04:41:06    169   10.8  1898.770          331.07            3.48        53       114       565
06/10/2018 04:41:16    149   10.8  1896.050          330.16            3.49        53       116       565
06/10/2018 04:41:26    155   10.8  1893.280          330.95            3.49        53       114       565
06/10/2018 04:41:36    162   10.8  1890.460          330.38            3.49        52       127       565
06/10/2018 04:41:46    163   10.8  1887.560          330.45            3.50        53       112       565
06/10/2018 04:41:56    148   10.8  1884.940          330.29            3.50        53       113       565
06/10/2018 04:42:06    169   10.8  1882.160          330.67            3.50        53       114       565
06/10/2018 04:42:16    170   10.8  1879.260          331.49            3.50        54       114       565
06/10/2018 04:42:26    180   10.8  1876.450          330.29            3.50        53       113       565
06/10/2018 04:42:36    178   10.8  1873.670          331.38            3.50        54       112       565
06/10/2018 04:42:46    162   10.8  1870.930          330.11            3.51        52       115       565
06/10/2018 04:42:56    175   10.8  1868.200          330.75            3.51        53       115       565
06/10/2018 04:43:06    172   10.8  1865.260          330.34            3.52        54       113       565
06/10/2018 04:43:16    156   10.8  1862.670          331.26            3.52        53       112       565
06/10/2018 04:43:26    166   10.8  1859.790          331.40            3.52        53       113       565
06/10/2018 04:43:36    165   10.8  1857.070          331.15            3.53        54       116       565
06/10/2018 04:43:46    163   10.8  1854.250          331.32            3.53        54       112       565
06/10/2018 04:43:56    158   10.8  1851.450          330.56            3.53        54       116       565
06/10/2018 04:44:06    181   10.8  1848.590          331.54            3.53        53       112       565
06/10/2018 04:44:16    161   10.8  1845.810          330.47            3.53        54       113       565
06/10/2018 04:44:26    156   10.8  1843.020          331.44            3.53        52       113       565
06/10/2018 04:44:36    170   10.8  1840.290          330.54            3.54        53       119       565
06/10/2018 04:44:46    167   10.8  1837.490          330.95            3.54        53       111       565
06/10/2018 04:44:56    158   10.8  1834.730          330.43            3.55        53       112       565
06/10/2018 04:45:06    164   10.8  1831.850          331.90            3.56        53       116       565
06/10/2018 04:45:16    155   10.8  1829.250          331.92            3.56        53       113       565
06/10/2018 04:45:26    156   10.8  1826.420          331.36            3.56        54       113       565
06/10/2018 04:45:36    166   10.8  1823.520          331.13            3.56        53       111       565
06/10/2018 04:45:46    169   10.8  1820.860          331.87            3.56        53       112       565
06/10/2018 04:45:56    167   10.8  1818.000          332.35            3.56        54       111       565
06/10/2018 04:46:06    156   10.8  1815.180          331.84            3.56        53       111       565
06/10/2018 04:46:16    163   10.8  1812.430          331.97            3.56        52       113       565
06/10/2018 04:46:26    167   10.8  1809.610          331.87            3.56        54       114       565
06/10/2018 04:46:36    158   10.8  1806.800          332.41            3.56        53       115       565
06/10/2018 04:46:46    157   10.8  1804.040          332.65            3.56        51       110       565
06/10/2018 04:46:56    159   10.8  1801.230          331.88            3.57        52       114       565
06/10/2018 04:47:06    170   10.8  1798.510          333.10            3.57        52       114       565
06/10/2018 04:47:16    163   10.8  1795.810          332.20            3.56        52       115       565
06/10/2018 04:47:26    162   10.8  1793.060          333.40            3.56        54       114       565
06/10/2018 04:47:36    148   10.8  1790.250          333.74            3.56        52       111       565
06/10/2018 04:47:46    156   10.8  1787.510          333.82            3.55        53       112       565
06/10/2018 04:47:56    181   10.8  1784.760          334.10            3.55        52       115       565
06/10/2018 04:48:06    159   10.8  1781.920          334.19            3.55        53       111       565
06/10/2018 04:48:16    169   10.8  1779.140          334.55            3.55        52       111       565
06/10/2018 04:48:26    167   10.8  1776.410          334.33            3.55        52       112       565
06/10/2018 04:48:36    156   10.8  1773.740          334.84            3.55        54       118       565
06/10/2018 04:48:46    172   10.8  1770.960          334.32            3.55        53       113       565
06/10/2018 04:48:56    160   10.8  1768.200          334.97            3.55        53       112       565
06/10/2018 04:49:06    159   10.8  1765.370          335.37            3.55        52       113       565
06/10/2018 04:49:16    158   10.8  1762.650          334.29            3.55        52       114       565
06/10/2018 04:49:26    166   10.8  1759.850          335.26            3.55        52       112       565
06/10/2018 04:49:36    168   10.8  1757.140          335.46            3.55        52       114       565
06/10/2018 04:49:46    163   10.8  1754.410          335.64            3.55        54       113       565
06/10/2018 04:49:56    153   10.8  1751.620          336.19            3.55        53       113       565
06/10/2018 04:50:06    164   10.8  1748.800          336.07            3.55        54       112       565
06/10/2018 04:50:16    177   10.8  1746.080          336.96            3.55        52       117       565
06/10/2018 04:50:26    161   10.8  1743.370          336.37            3.55        53       114       565
06/10/2018 04:50:36    174   10.8  1740.600          336.75            3.56        52       117       565
06/10/2018 04:50:46    175   10.8  1737.750          337.66            3.55        53       113       565
06/10/2018 04:50:56    171   10.8  1735.120          338.09            3.55        52       114       565
06/10/2018 04:51:06    181   10.8  1732.390          337.61            3.55        53       112       565
06/10/2018 04:51:16    159   10.8  1729.610          338.05            3.56        52       112       565
06/10/2018 04:51:26    178   10.8  1726.800          338.05            3.56        53       114       565
06/10/2018 04:51:36    205   10.8  1724.230          339.09            3.56        52       112       565
06/10/2018 04:51:46    167   10.8  1721.390          337.73            3.56        53       112       565
06/10/2018 04:51:56    148   10.8  1718.650          337.91            3.56        52       114       565
06/10/2018 04:52:06    170   10.8  1715.930          338.10            3.56        53       111       565
06/10/2018 04:52:16    174   10.8  1713.180          338.97            3.56        54       124       564
06/10/2018 04:52:26    170   10.8  1710.470          339.02            3.56        53       112       564
06/10/2018 04:52:36    177   10.8  1707.640          339.53            3.56        54       112       565
06/10/2018 04:52:46    164   10.8  1704.960          339.31            3.56        52       114       564
06/10/2018 04:52:56    169   10.8  1702.250          339.21            3.56        52       113       565
06/10/2018 04:53:06    166   10.8  1699.420          339.62            3.56        54       113       565
06/10/2018 04:53:16    161   10.8  1696.640          339.90            3.56        52       112       564
06/10/2018 04:53:26    163   10.8  1693.890          340.44            3.56        52       112       565
06/10/2018 04:53:36    158   10.8  1691.130          340.27            3.56        53       112       564
06/10/2018 04:53:46    151   10.8  1688.400          340.78            3.56        52       115       564
06/10/2018 04:53:56    157   10.8  1685.560          340.87            3.56        53       112       565
06/10/2018 04:54:06    152   10.8  1682.860          341.05            3.56        52       111       565
06/10/2018 04:54:16    171   10.8  1680.080          341.26            3.56        51       112       565
06/10/2018 04:54:26    180   10.8  1677.230          341.74            3.56        53       113       565
06/10/2018 04:54:36    158   10.8  1674.360          341.53            3.56        53       113       564
06/10/2018 04:54:46    164   10.8  1671.650          341.49            3.56        51       112       565
06/10/2018 04:54:56    162   10.8  1668.930          341.29            3.56        52       113       565
06/10/2018 04:55:06    148   10.8  1666.150          341.60            3.55        53       113       564
06/10/2018 04:55:16    164   10.8  1663.360          342.21            3.55        52       112       565
06/10/2018 04:55:26    156   10.8  1660.610          342.61            3.56        52       112       564
06/10/2018 04:55:36    159   10.8  1657.860          343.33            3.55        52       111       564
06/10/2018 04:55:46    172   10.8  1654.980          343.47            3.55        53       111       565
06/10/2018 04:55:56    156   10.8  1652.210          344.13            3.55        51       112       564
06/10/2018 04:56:06    150   10.8  1649.530          343.50            3.55        52       151       565
06/10/2018 04:56:16    168   10.8  1646.630          344.15            3.55        53       111       565
06/10/2018 04:56:26    175   10.8  1643.870          344.61            3.55        53       110       565
06/10/2018 04:56:36    158   10.8  1641.100          343.62            3.55        52       111       565
06/10/2018 04:56:46    165   10.8  1638.360          344.41            3.55        52       110       564
06/10/2018 04:56:56    174   10.8  1635.650          344.58            3.54        53       112       564
06/10/2018 04:57:06    172   10.8  1632.830          345.54            3.54        54       112       564
06/10/2018 04:57:16    166   10.8  1629.980          344.54            3.54        53       111       565
06/10/2018 04:57:26    148   10.8  1627.250          345.17            3.53        53       111       565
06/10/2018 04:57:36    130   10.8  1624.600          344.89            3.53        53       112       565
06/10/2018 04:57:46    176   10.8  1621.820          346.54            3.53        54       111       564
06/10/2018 04:57:56    163   10.8  1619.020          345.36            3.53        52       111       564
06/10/2018 04:58:06    158   10.8  1616.130          346.19            3.53        51       110       564
06/10/2018 04:58:16    181   10.8  1613.480          347.02            3.53        53       110       565
06/10/2018 04:58:26    153   10.8  1610.600          347.02            3.52        53       111       564
06/10/2018 04:58:36    172   10.8  1607.920          347.28            3.52        53       111       564
06/10/2018 04:58:46    162   10.8  1605.040          348.61            3.51        51       113       564
06/10/2018 04:58:56    150   10.8  1602.390          348.78            3.51        53       110       565
06/10/2018 04:59:06    174   10.8  1599.610          348.38            3.51        53       109       564
06/10/2018 04:59:16    159   10.8  1596.860          349.10            3.51        53       109       564
06/10/2018 04:59:26    180   10.8  1594.190          348.51            3.51        51       110       564
06/10/2018 04:59:36    173   10.8  1591.290          349.70            3.50        51       111       564
06/10/2018 04:59:46    163   10.8  1588.590          349.24            3.50        53       110       564
06/10/2018 04:59:56    158   10.8  1585.820          350.04            3.50        51       111       564
06/10/2018 05:00:06    154   10.8  1583.110          349.36            3.50        52       111       564
06/10/2018 05:00:16    182   10.8  1580.390          349.25            3.49        53       115       564
06/10/2018 05:00:26    172   10.8  1577.680          350.20            3.49        52       111       564
06/10/2018 05:00:36    186   10.8  1574.910          351.72            3.48        51       113       564
06/10/2018 05:00:46    178   10.8  1572.100          350.88            3.47        51       111       564
06/10/2018 05:00:56    166   10.8  1569.330          352.11            3.47        53       110       565
06/10/2018 05:01:06    172   10.8  1566.640          352.26            3.47        53       111       564
06/10/2018 05:01:16    173   10.8  1563.890          352.35            3.47        52       115       564
06/10/2018 05:01:26    174   10.8  1561.140          353.15            3.47        54       111       564
06/10/2018 05:01:36    176   10.8  1558.420          352.99            3.47        53       111       564
06/10/2018 05:01:46    154   10.8  1555.640          353.48            3.46        52       115       564
06/10/2018 05:01:56    167   10.8  1552.830          352.92            3.46        52       115       564
06/10/2018 05:02:06    192   10.8  1550.020          353.35            3.46        54       113       565
06/10/2018 05:02:16    163   10.8  1547.210          353.68            3.46        53       113       564
06/10/2018 05:02:26    171   10.8  1544.460          353.48            3.45        52       111       565
06/10/2018 05:02:36    177   10.8  1541.800          354.16            3.45        52       111       564
06/10/2018 05:02:46    168   10.8  1539.050          354.40            3.45        53       112       564
06/10/2018 05:02:56    159   10.8  1536.290          353.98            3.45        54       115       564
06/10/2018 05:03:06    185   10.8  1533.550          355.34            3.45        52       114       564
06/10/2018 05:03:16    167   10.8  1530.750          354.55            3.45        53       116       564
06/10/2018 05:03:26    153   10.8  1528.030          355.45            3.45        53       112       565
06/10/2018 05:03:36    158   10.8  1525.170          355.52            3.45        53       110       564
06/10/2018 05:03:46    170   10.8  1522.450          356.10            3.45        52       110       564
06/10/2018 05:03:56    184   10.8  1519.770          355.44            3.45        52       114       565
06/10/2018 05:04:06    173   10.8  1517.070          355.80            3.45        53       111       564
06/10/2018 05:04:16    176   10.8  1514.310          356.20            3.45        53       111       565
06/10/2018 05:04:26    167   10.8  1511.480          354.99            3.45        52       113       564
06/10/2018 05:04:36    173   10.8  1508.800          356.17            3.45        53       112       564
06/10/2018 05:04:46    156   10.8  1506.010          355.80            3.45        53       112       564
06/10/2018 05:04:56    173   10.8  1503.280          356.30            3.45        53       110       565
06/10/2018 05:05:06    170   10.8  1500.510          355.34            3.45        51       111       565
06/10/2018 05:05:16    180   10.8  1497.730          355.19            3.46        52       114       565
06/10/2018 05:05:26    182   10.8  1494.970          356.32            3.46        52       115       564
06/10/2018 05:05:36    163   10.8  1492.260          356.07            3.46        51       112       564
06/10/2018 05:05:46    139   10.8  1489.490          356.16            3.46        53       112       564
06/10/2018 05:05:56    159   10.8  1486.650          356.41            3.47        51       110       564
06/10/2018 05:06:06    170   10.8  1483.940          356.52            3.47        53       114       565
06/10/2018 05:06:16    177   10.8  1481.280          355.35            3.47        52       112       564
06/10/2018 05:06:26    191   10.8  1478.560          355.98            3.47        54       118       565
06/10/2018 05:06:36    181   10.8  1475.840          356.40            3.47        52       111       565
06/10/2018 05:06:46    165   10.8  1473.020          356.03            3.47        53       111       564
06/10/2018 05:06:56    166   10.8  1470.300          356.27            3.47        53       112       564
06/10/2018 05:07:06    146   10.8  1467.570          356.44            3.47        51       112       564
06/10/2018 05:07:16    164   10.8  1464.730          356.72            3.47        51       112       565
06/10/2018 05:07:26    156   10.8  1462.030          356.93            3.47        51       113       564
06/10/2018 05:07:36    171   10.8  1459.350          357.43            3.47        54       111       564
06/10/2018 05:07:46    168   10.8  1456.500          358.43            3.48        52       113       565
06/10/2018 05:07:56    179   10.8  1453.900          358.02            3.48        52       116       564
06/10/2018 05:08:06    176   10.8  1451.030          357.63            3.48        52       112       564
06/10/2018 05:08:16    162   10.8  1448.240          358.59            3.48        54       114       565
06/10/2018 05:08:26    160   10.8  1445.460          357.11            3.48        53       113       564
06/10/2018 05:08:36    163   10.8  1442.820          357.48            3.48        53       112       565
06/10/2018 05:08:46    175   10.8  1440.010          358.12            3.48        53       112       564
06/10/2018 05:08:56    180   10.8  1437.270          357.78            3.48        53       114       564
06/10/2018 05:09:06    175   10.8  1434.520          357.63            3.48        54       111       564
06/10/2018 05:09:16    181   10.8  1431.720          358.67            3.48        53       112       565
06/10/2018 05:09:26    187   10.8  1428.970          358.82            3.48        52       118       564
06/10/2018 05:09:36    175   10.8  1426.240          358.42            3.48        53       114       564
06/10/2018 05:09:46    168   10.8  1423.610          359.59            3.48        53       116       564
06/10/2018 05:09:56    142   10.8  1420.740          358.33            3.49        52       111       565
06/10/2018 05:10:06    163   10.8  1417.980          358.69            3.49        51       112       564
06/10/2018 05:10:16    183   10.8  1415.300          359.03            3.49        52       112       564
06/10/2018 05:10:26    170   10.8  1412.550          359.45            3.49        52       113       564
06/10/2018 05:10:36    174   10.8  1409.740          359.27            3.49        52       114       565
06/10/2018 05:10:46    181   10.8  1407.060          358.78            3.49        52       111       564
06/10/2018 05:10:56    182   10.8  1404.330          358.76            3.49        53       113       565
06/10/2018 05:11:06    152   10.8  1401.600          359.02            3.49        54       112       564
06/10/2018 05:11:16    163   10.8  1398.800          358.27            3.50        54       111       565
06/10/2018 05:11:26    183   10.8  1396.080          358.45            3.50        51       112       564
06/10/2018 05:11:36    184   10.8  1393.300          358.65            3.50        52       118       564
06/10/2018 05:11:46    165   10.8  1390.570          358.50            3.50        52       114       565
06/10/2018 05:11:56    165   10.8  1387.790          359.18            3.50        54       115       565
06/10/2018 05:12:06    175   10.8  1385.040          359.46            3.50        52       113       564
06/10/2018 05:12:16    173   10.8  1382.340          359.53            3.50        54       113       564
06/10/2018 05:12:26    175   10.8  1379.620          359.38            3.50        52       112       564
06/10/2018 05:12:36    161   10.8  1376.910          359.43            3.51        53       111       564
06/10/2018 05:12:46    181   10.8  1374.090          359.25            3.51        52       111       564
06/10/2018 05:12:56    140   10.8  1371.280          359.36            3.51        53       113       565
06/10/2018 05:13:06    179   10.8  1368.550          359.37            3.51        52       112       565
06/10/2018 05:13:16    203   10.8  1365.850          359.52            3.51        52       114       564
06/10/2018 05:13:26    173   10.8  1363.130          359.20            3.51        52       110       564
06/10/2018 05:13:36    161   10.8  1360.420          360.37            3.51        53       110       565
06/10/2018 05:13:46    158   10.8  1357.500          361.28            3.51        54       112       564
06/10/2018 05:13:56    169   10.8  1354.810          360.58            3.51        53       114       565
06/10/2018 05:14:06    191   10.8  1352.180          361.58            3.52        52       113       564
06/10/2018 05:14:16    179   10.8  1349.290          361.11            3.52        52       114       564
06/10/2018 05:14:26    180   10.8  1346.480          359.78            3.52        52       113       564
06/10/2018 05:14:36    167   10.8  1343.790          360.83            3.52        53       113       565
06/10/2018 05:14:46    176   10.8  1341.070          361.85            3.52        52       112       564
06/10/2018 05:14:56    166   10.8  1338.310          361.67            3.52        52       112       564
06/10/2018 05:15:06    189   10.8  1335.490          360.67            3.53        52       121       564
06/10/2018 05:15:16    171   10.8  1332.710          361.19            3.53        52       124       564
06/10/2018 05:15:26    176   10.8  1330.020          360.90            3.53        53       110       564
06/10/2018 05:15:36    164   10.8  1327.230          361.11            3.53        52       112       564
06/10/2018 05:15:46    189   10.8  1324.500          360.19            3.53        52       112       564
06/10/2018 05:15:56    176   10.8  1321.690          360.40            3.53        53       113       564
06/10/2018 05:16:06    169   10.8  1318.870          360.13            3.53        52       112       564
06/10/2018 05:16:16    166   10.8  1316.110          361.42            3.53        53       113       564
06/10/2018 05:16:26    178   10.8  1313.390          361.11            3.53        53       113       565
06/10/2018 05:16:36    177   10.8  1310.690          360.44            3.54        53       119       564
06/10/2018 05:16:46    180   10.8  1307.910          360.47            3.54        52       113       565
06/10/2018 05:16:56    172   10.8  1305.110          360.25            3.54        54       120       564
06/10/2018 05:17:06    152   10.8  1302.400          359.55            3.54        53       127       564
06/10/2018 05:17:16    183   10.8  1299.640          360.04            3.55        52       111       564
06/10/2018 05:17:26    170   10.8  1296.880          359.82            3.55        53       113       565
06/10/2018 05:17:36    155   10.8  1294.100          360.22            3.55        53       114       564
06/10/2018 05:17:46    177   10.8  1291.380          360.27            3.55        51       113       564
06/10/2018 05:17:56    168   10.8  1288.600          360.51            3.55        54       112       565
06/10/2018 05:18:06    156   10.8  1285.830          359.66            3.55        52       113       564
06/10/2018 05:18:16    167   10.8  1283.070          360.33            3.55        53       112       565
06/10/2018 05:18:26    177   10.8  1280.280          360.03            3.56        51       112       564
06/10/2018 05:18:36    161   10.8  1277.480          359.97            3.56        53       113       564
06/10/2018 05:18:46    172   10.8  1274.680          360.84            3.56        52       112       564
06/10/2018 05:18:56    164   10.8  1271.950          360.62            3.56        51       114       564
06/10/2018 05:19:06    169   10.8  1269.210          360.65            3.56        52       116       564
06/10/2018 05:19:16    159   10.8  1266.450          361.04            3.57        52       113       564
06/10/2018 05:19:26    174   10.8  1263.680          361.26            3.57        53       111       564
06/10/2018 05:19:36    175   10.8  1260.880          360.47            3.57        53       115       564
06/10/2018 05:19:46    167   10.8  1258.110          361.34            3.57        52       122       564
06/10/2018 05:19:56    166   10.8  1255.350          360.90            3.57        52       113       564
06/10/2018 05:20:06    165   10.8  1252.610          361.66            3.57        52       112       564
06/10/2018 05:20:16    166   10.8  1249.880          361.77            3.57        52       113       564
06/10/2018 05:20:26    173   10.8  1247.100          361.51            3.57        53       112       564
06/10/2018 05:20:36    156   10.8  1244.340          361.56            3.58        52       112       564
06/10/2018 05:20:46    165   10.8  1241.510          361.36            3.58        53       111       564
06/10/2018 05:20:56    164   10.8  1238.820          362.18            3.58        51       113       564
06/10/2018 05:21:06    169   10.8  1236.090          361.12            3.58        54       115       564
06/10/2018 05:21:16    173   10.8  1233.220          360.60            3.58        51       114       564
06/10/2018 05:21:26    161   10.8  1230.470          360.90            3.58        53       113       564
06/10/2018 05:21:36    167   10.8  1227.610          363.13            3.58        52       120       564
06/10/2018 05:21:46    165   10.8  1225.020          362.85            3.58        54       113       564
06/10/2018 05:21:56    167   10.8  1222.220          362.74            3.58        53       113       564
06/10/2018 05:22:06    174   10.8  1219.370          362.04            3.58        52       114       564
06/10/2018 05:22:16    171   10.8  1216.660          362.78            3.58        52       127       564
06/10/2018 05:22:26    181   10.8  1213.960          362.57            3.58        51       118       564
06/10/2018 05:22:36    175   10.8  1211.220          362.06            3.58        54       113       564
06/10/2018 05:22:46    171   10.8  1208.410          363.07            3.59        52       117       564
06/10/2018 05:22:56    171   10.8  1205.590          363.09            3.58        52       113       564
06/10/2018 05:23:06    171   10.8  1202.850          363.01            3.59        52       114       565
06/10/2018 05:23:16    180   10.8  1200.130          363.51            3.59        52       115       564
06/10/2018 05:23:26    180   10.8  1197.310          362.83            3.59        53       115       564
06/10/2018 05:23:36    170   10.8  1194.640          363.07            3.59        52       115       564
06/10/2018 05:23:46    172   10.8  1191.830          362.96            3.59        53       114       564
06/10/2018 05:23:56    177   10.8  1189.110          363.50            3.59        52       113       564
06/10/2018 05:24:06    173   10.8  1186.430          364.05            3.60        51       114       564
06/10/2018 05:24:16    183   10.8  1183.550          363.82            3.60        53       115       564
06/10/2018 05:24:26    157   10.8  1180.810          364.18            3.60        51       115       564
06/10/2018 05:24:36    180   10.8  1178.060          364.27            3.60        52       115       564
06/10/2018 05:24:46    162   10.8  1175.380          363.57            3.60        54       114       564
06/10/2018 05:24:56    184   10.8  1172.650          364.00            3.60        51       114       564
06/10/2018 05:25:06    184   10.8  1169.810          364.16            3.60        52       116       564
06/10/2018 05:25:16    180   10.8  1167.130          363.99            3.61        52       114       564
06/10/2018 05:25:26    176   10.8  1164.360          364.55            3.61        53       115       564
06/10/2018 05:25:36    180   10.8  1161.640          364.00            3.61        53       113       564
06/10/2018 05:25:46    176   10.8  1158.850          363.98            3.61        53       117       564
06/10/2018 05:25:56    173   10.8  1156.120          363.25            3.61        52       117       564
06/10/2018 05:26:06    161   10.8  1153.390          364.40            3.61        53       115       564
06/10/2018 05:26:16    195   10.8  1150.590          363.73            3.62        53       115       564
06/10/2018 05:26:26    184   10.8  1147.740          363.76            3.62        52       116       564
06/10/2018 05:26:36    172   10.8  1144.980          363.65            3.62        54       117       564
06/10/2018 05:26:46    166   10.8  1142.340          364.54            3.62        53       114       564
06/10/2018 05:26:56    183   10.8  1139.590          363.57            3.62        53       116       564
06/10/2018 05:27:06    182   10.8  1136.700          364.46            3.62        52       116       564
06/10/2018 05:27:16    181   10.8  1134.090          363.90            3.62        51       115       564
06/10/2018 05:27:26    166   10.8  1131.260          363.85            3.62        52       115       564
06/10/2018 05:27:36    190   10.8  1128.560          364.42            3.63        52       114       564
06/10/2018 05:27:46    186   10.8  1125.680          364.34            3.63        53       114       564
06/10/2018 05:27:56    169   10.8  1123.060          363.14            3.63        53       117       564
06/10/2018 05:28:06    168   10.8  1120.370          364.14            3.63        52       115       564
06/10/2018 05:28:16    174   10.8  1117.590          363.73            3.63        53       117       564
06/10/2018 05:28:26    174   10.8  1114.710          362.98            3.64        53       115       564
06/10/2018 05:28:36    167   10.8  1112.070          363.54            3.64        52       115       564
06/10/2018 05:28:46    177   10.8  1109.340          363.00            3.65        52       115       564
06/10/2018 05:28:56    183   10.8  1106.600          362.65            3.65        53       118       564
06/10/2018 05:29:06    182   10.8  1103.720          362.37            3.65        53       118       564
06/10/2018 05:29:16    170   10.8  1101.130          362.23            3.66        52       114       564
06/10/2018 05:29:26    175   10.8  1098.240          362.50            3.66        52       115       564
06/10/2018 05:29:36    184   10.8  1095.510          361.99            3.66        53       115       564
06/10/2018 05:29:46    164   10.8  1092.720          362.45            3.66        52       117       564
06/10/2018 05:29:56    182   10.8  1090.090          362.01            3.66        51       116       564
06/10/2018 05:30:06    172   10.8  1087.270          362.65            3.66        53       115       564
06/10/2018 05:30:16    171   10.8  1084.620          361.65            3.66        54       115       564
06/10/2018 05:30:26    189   10.8  1081.820          361.88            3.66        53       117       564
06/10/2018 05:30:36    184   10.8  1079.170          362.18            3.66        52       116       564
06/10/2018 05:30:46    174   10.8  1076.280          362.39            3.66        52       117       564
06/10/2018 05:30:56    180   10.8  1073.540          362.36            3.66        52       116       564
06/10/2018 05:31:06    180   10.8  1070.950          362.32            3.66        53       115       564
06/10/2018 05:31:16    175   10.8  1068.090          362.61            3.66        53       118       564
06/10/2018 05:31:26    180   10.8  1065.350          363.27            3.67        53       116       564
06/10/2018 05:31:36    175   10.8  1062.630          363.00            3.67        52       114       564
06/10/2018 05:31:46    183   10.8  1059.880          363.61            3.66        52       116       564
06/10/2018 05:31:56    191   10.8  1057.140          364.25            3.67        53       120       564
06/10/2018 05:32:06    175   10.8  1054.380          364.83            3.67        53       116       564
06/10/2018 05:32:16    191   10.8  1051.570          364.51            3.67        52       116       564
06/10/2018 05:32:26    187   10.8  1048.860          364.81            3.67        51       117       564
06/10/2018 05:32:36    178   10.8  1046.150          364.69            3.67        52       116       564
06/10/2018 05:32:46    187   10.8  1043.490          364.61            3.68        52       117       564
06/10/2018 05:32:56    175   10.8  1040.770          364.88            3.68        53       115       564
06/10/2018 05:33:06    185   10.8  1038.000          365.24            3.68        53       119       564
06/10/2018 05:33:16    178   10.8  1035.220          364.76            3.68        53       118       564
06/10/2018 05:33:26    197   10.8  1032.510          366.02            3.68        52       117       564
06/10/2018 05:33:36    195   10.8  1029.780          364.33            3.68        54       117       564
06/10/2018 05:33:46    200   10.8  1027.010          363.83            3.69        53       118       564
06/10/2018 05:33:56    193   10.8  1024.260          363.64            3.69        52       116       564
06/10/2018 05:34:06    175   10.8  1021.480          363.62            3.69        52       118       564
06/10/2018 05:34:16    203   10.8  1018.750          363.72            3.70        51       116       564
06/10/2018 05:34:26    179   10.8  1015.940          364.63            3.70        52       116       564
06/10/2018 05:34:36    186   10.8  1013.290          364.52            3.70        52       120       564
06/10/2018 05:34:46    191   10.8  1010.600          364.09            3.70        52       115       564
06/10/2018 05:34:56    181   10.8  1007.850          364.37            3.71        55       115       564
06/10/2018 05:35:06    189   10.8  1005.050          365.14            3.71        53       118       564
06/10/2018 05:35:16    195   10.8  1002.410          364.60            3.72        53       116       564
06/10/2018 05:35:26    188   10.8   999.590          363.93            3.72        53       115       564
06/10/2018 05:35:36    189   10.8   996.910          363.23            3.72        51       114       564
06/10/2018 05:35:46    185   10.8   994.170          363.79            3.72        51       114       564
06/10/2018 05:35:56    198   10.8   991.520          364.30            3.73        53       116       564
06/10/2018 05:36:06    191   10.8   988.690          363.01            3.73        51       122       564
06/10/2018 05:36:16    189   10.8   986.020          363.22            3.73        52       137       564
06/10/2018 05:36:26    183   10.8   983.220          363.14            3.73        52       117       564
06/10/2018 05:36:36    193   10.8   980.430          364.03            3.73        52       118       564
06/10/2018 05:36:46    191   10.8   977.780          363.11            3.74        53       118       564
06/10/2018 05:36:56    192   10.8   975.000          362.92            3.74        53       116       564
06/10/2018 05:37:06    182   10.8   972.250          361.66            3.75        54       121       564
06/10/2018 05:37:16    187   10.8   969.540          361.97            3.76        52       116       564
06/10/2018 05:37:26    193   10.8   966.880          361.98            3.76        54       127       564
06/10/2018 05:37:36    166   10.8   964.050          361.55            3.76        52       117       564
06/10/2018 05:37:46    143   10.8   961.400          362.00            3.76        52       117       564
06/10/2018 05:37:56    183   10.8   958.710          360.82            3.77        54       116       564
06/10/2018 05:38:06    186   10.8   955.880          361.73            3.77        53       120       564
06/10/2018 05:38:16    178   10.8   953.210          361.64            3.77        53       117       564
06/10/2018 05:38:26    183   10.8   950.450          361.78            3.77        53       116       564
06/10/2018 05:38:36    199   10.8   947.710          360.20            3.77        52       117       564
06/10/2018 05:38:46    169   10.8   945.050          360.41            3.78        52       116       564
06/10/2018 05:38:56    175   10.8   942.220          360.46            3.79        53       119       564
06/10/2018 05:39:06    177   10.8   939.450          360.27            3.80        52       116       564
06/10/2018 05:39:16    158   10.8   936.710          359.40            3.80        52       115       564
06/10/2018 05:39:26    196   10.8   933.940          359.01            3.80        54       117       564
06/10/2018 05:39:36    187   10.8   931.300          359.23            3.80        53       118       564
06/10/2018 05:39:46    184   10.8   928.540          360.03            3.80        51       121       564
06/10/2018 05:39:56    172   10.8   925.760          359.42            3.81        53       118       564
06/10/2018 05:40:06    183   10.8   923.090          359.82            3.82        52       118       564
06/10/2018 05:40:16    179   10.8   920.370          358.95            3.83        53       120       564
06/10/2018 05:40:26    186   10.8   917.540          358.90            3.83        53       131       564
06/10/2018 05:40:36    180   10.8   914.860          358.36            3.83        53       117       564
06/10/2018 05:40:46    187   10.8   912.100          357.88            3.83        52       117       564
06/10/2018 05:40:56    179   10.8   909.320          357.40            3.83        52       119       564
06/10/2018 05:41:06    179   10.8   906.650          357.99            3.84        53       119       564
06/10/2018 05:41:16    167   10.8   903.820          358.37            3.84        52       116       564
06/10/2018 05:41:26    132   10.8   901.190          357.71            3.84        53       116       564
06/10/2018 05:41:36    203   10.8   898.440          357.75            3.85        51       118       564
06/10/2018 05:41:46    195   10.8   895.750          357.28            3.86        51       118       564
06/10/2018 05:41:56    174   10.8   893.050          356.15            3.86        51       118       564
06/10/2018 05:42:06    188   10.8   890.310          358.81            3.86        53       116       564
06/10/2018 05:42:16    186   10.8   887.480          357.59            3.87        53       117       564
06/10/2018 05:42:26    204   10.8   884.860          357.35            3.88        51       118       564
06/10/2018 05:42:36    198   10.8   882.090          357.24            3.88        52       122       564
06/10/2018 05:42:46    194   10.8   879.420          358.24            3.88        52       123       564
06/10/2018 05:42:56    183   10.8   876.610          358.07            3.89        53       119       564
06/10/2018 05:43:06    193   10.8   873.770          357.45            3.89        51       119       564
06/10/2018 05:43:16    202   10.8   871.120          357.63            3.89        53       124       564
06/10/2018 05:43:26    195   10.8   868.430          358.63            3.89        53       118       564
06/10/2018 05:43:36    204   10.8   865.720          357.20            3.89        51       121       564
06/10/2018 05:43:46    194   10.8   863.000          358.19            3.90        51       125       564
06/10/2018 05:43:56    186   10.8   860.320          356.69            3.91        54       123       564
06/10/2018 05:44:06    194   10.8   857.540          356.70            3.92        52       121       564
06/10/2018 05:44:16    212   10.8   854.820          357.79            3.92        54       120       564
06/10/2018 05:44:26    178   10.8   852.110          357.62            3.92        52       123       564
06/10/2018 05:44:36    200   10.8   849.420          356.19            3.93        53       121       564
06/10/2018 05:44:46    197   10.8   846.750          356.67            3.94        53       124       564
06/10/2018 05:44:56    202   10.8   843.860          356.68            3.95        53       124       564
06/10/2018 05:45:06    200   10.8   841.260          355.63            3.95        53       120       564
06/10/2018 05:45:16    208   10.8   838.610          354.83            3.95        52       123       564
06/10/2018 05:45:26    202   10.8   835.750          355.12            3.96        53       122       564
06/10/2018 05:45:36    200   10.8   833.050          354.79            3.96        52       123       564
06/10/2018 05:45:46    209   10.8   830.400          354.72            3.97        53       121       564
06/10/2018 05:45:56    200   10.8   827.690          354.88            3.97        52       122       564
06/10/2018 05:46:06    209   10.8   825.010          354.38            3.98        53       121       564
06/10/2018 05:46:16    189   10.8   822.220          353.84            3.98        53       122       564
06/10/2018 05:46:26    186   10.8   819.410          353.79            3.98        52       124       564
06/10/2018 05:46:36    185   10.8   816.760          353.84            3.98        52       121       564
06/10/2018 05:46:46    187   10.7   813.980          354.40            3.98        52       127       564
06/10/2018 05:46:56    187   10.8   811.250          354.40            3.98        53       119       564
06/10/2018 05:47:06    199   10.8   808.550          354.86            3.98        52       121       564
06/10/2018 05:47:16    198   10.8   805.830          357.05            3.98        52       129       564
06/10/2018 05:47:26    214   10.8   803.080          358.74            3.98        51       122       564
06/10/2018 05:47:36    178   10.8   800.280          359.29            3.98        51       118       564
06/10/2018 05:47:46    194   10.8   797.540          359.46            4.00        54       124       564
06/10/2018 05:47:56    183   10.8   794.880          358.58            4.01        53       122       564
06/10/2018 05:48:06    173   10.8   792.200          359.78            4.01        52       123       564
06/10/2018 05:48:16    196   10.8   789.510          359.42            4.01        53       120       564
06/10/2018 05:48:26    200   10.8   786.700          358.83            4.01        52       129       564
06/10/2018 05:48:36    175   10.8   783.940          357.21            4.02        52       122       564
06/10/2018 05:48:46    176   10.8   781.210          358.04            4.02        54       122       564
06/10/2018 05:48:56    195   10.8   778.560          358.65            4.02        54       120       564
06/10/2018 05:49:06    191   10.8   775.820          359.15            4.02        53       120       564
06/10/2018 05:49:16    171   10.8   773.070          357.74            4.03        53       120       564
06/10/2018 05:49:26    189   10.7   770.380          358.05            4.04        53       121       564
06/10/2018 05:49:36    180   10.8   767.680          358.24            4.04        52       126       564
06/10/2018 05:49:46    202   10.8   764.900          357.14            4.04        52       121       564
06/10/2018 05:49:56    202   10.8   762.260          357.34            4.05        52       121       564
06/10/2018 05:50:06    182   10.8   759.480          357.85            4.07        52       131       564
06/10/2018 05:50:16    188   10.8   756.730          357.35            4.07        53       129       564
06/10/2018 05:50:26    198   10.8   754.050          358.48            4.08        53       123       564
06/10/2018 05:50:36    184   10.8   751.290          358.66            4.09        52       124       564
06/10/2018 05:50:46    196   10.8   748.660          358.38            4.09        53       128       564
06/10/2018 05:50:56    205   10.8   745.910          357.37            4.09        52       125       564
06/10/2018 05:51:06    181   10.8   743.180          357.92            4.10        53       124       564
06/10/2018 05:51:16    190   10.8   740.380          359.87            4.10        54       123       564
06/10/2018 05:51:26    213   10.8   737.730          358.62            4.11        52       123       564
06/10/2018 05:51:36    190   10.8   735.010          357.64            4.12        52       129       564
06/10/2018 05:51:46    182   10.8   732.250          357.57            4.13        51       123       564
06/10/2018 05:51:56    184   10.8   729.510          358.16            4.13        53       130       564
06/10/2018 05:52:06    191   10.8   726.770          358.23            4.13        53       122       564
06/10/2018 05:52:16    203   10.8   723.980          357.99            4.14        52       125       564
06/10/2018 05:52:26    190   10.8   721.330          357.74            4.14        53       123       564
06/10/2018 05:52:36    196   10.8   718.640          358.70            4.15        53       135       564
06/10/2018 05:52:46    193   10.8   715.840          357.97            4.15        53       123       564
06/10/2018 05:52:56    170   10.8   713.120          357.18            4.17        53       122       564
06/10/2018 05:53:06    194   10.8   710.450          356.03            4.18        53       129       564
06/10/2018 05:53:16    204   10.8   707.690          355.57            4.19        53       130       564
06/10/2018 05:53:26    186   10.8   704.920          355.13            4.19        52       124       564
06/10/2018 05:53:36    190   10.8   702.190          354.72            4.20        53       124       564
06/10/2018 05:53:46    192   10.8   699.540          353.76            4.21        54       125       564
06/10/2018 05:53:56    189   10.8   696.750          352.35            4.22        53       140       564
06/10/2018 05:54:06    194   10.8   694.080          353.23            4.22        53       125       564
06/10/2018 05:54:16    181   10.8   691.270          352.36            4.23        52       128       564
06/10/2018 05:54:26    199   10.8   688.590          350.99            4.23        52       124       564
06/10/2018 05:54:36    191   10.8   685.770          351.33            4.25        54       124       564
06/10/2018 05:54:46    203   10.8   683.120          351.98            4.26        54       132       564
06/10/2018 05:54:56    190   10.8   680.360          351.50            4.26        52       123       564
06/10/2018 05:55:06    187   10.8   677.640          351.85            4.27        53       127       564
06/10/2018 05:55:16    184   10.8   674.880          351.26            4.29        51       125       564
06/10/2018 05:55:26    200   10.8   672.130          349.95            4.31        53       123       564
06/10/2018 05:55:36    194   10.8   669.440          349.59            4.32        53       136       564
06/10/2018 05:55:46    187   10.8   666.780          349.11            4.35        53       123       564
06/10/2018 05:55:56    186   10.8   663.960          347.35            4.36        53       125       564
06/10/2018 05:56:06    182   10.8   661.310          347.51            4.37        54       129       564
06/10/2018 05:56:16    194   10.8   658.680          347.41            4.38        52       129       564
06/10/2018 05:56:26     80   10.8   655.930          347.94            4.39        54       125       564
06/10/2018 05:56:36    196   10.8   653.170          347.49            4.41        55       124       564
06/10/2018 05:56:46    190   10.8   650.540          348.28            4.41        52       123       564
06/10/2018 05:56:56    196   10.8   647.740          348.48            4.41        52       128       564
06/10/2018 05:57:06    195   10.8   645.010          348.14            4.41        53       127       563
06/10/2018 05:57:16    196   10.8   642.450          348.42            4.41        53       124       564
06/10/2018 05:57:26    195   10.8   639.650          348.65            4.41        52       126       564
06/10/2018 05:57:36    209   10.8   636.900          349.21            4.42        53       124       564
06/10/2018 05:57:46    194   10.8   634.280          348.02            4.42        52       124       563
06/10/2018 05:57:56    208   10.8   631.460          348.84            4.42        54       126       564
06/10/2018 05:58:06    215   10.8   628.790          348.22            4.42        53       126       564
06/10/2018 05:58:16    190   10.8   626.090          349.04            4.42        53       136       564
06/10/2018 05:58:26    201   10.8   623.390          348.72            4.43        52       125       563
06/10/2018 05:58:36    204   10.8   620.660          349.15            4.43        53       131       563
06/10/2018 05:58:46    187   10.8   618.030          348.54            4.43        53       130       563
06/10/2018 05:58:56    154   10.8   615.360          348.57            4.43        52       132       563
06/10/2018 05:59:06    196   10.8   612.490          348.71            4.44        53       127       563
06/10/2018 05:59:16    200   10.8   609.820          348.13            4.44        52       124       563
06/10/2018 05:59:26    177   10.8   607.220          348.90            4.44        54       125       564
06/10/2018 05:59:36    204   10.8   604.430          348.82            4.44        54       124       563
06/10/2018 05:59:46    184   10.8   601.690          349.07            4.45        53       128       563
06/10/2018 05:59:56    187   10.8   598.970          348.90            4.45        53       127       563
06/10/2018 06:00:06    191   10.8   596.300          349.53            4.45        53       127       563
06/10/2018 06:00:16    176   10.8   593.550          349.11            4.45        54       137       563
06/10/2018 06:00:26    180   10.8   590.810          350.52            4.45        54       130       563
06/10/2018 06:00:36    183   10.8   588.080          349.36            4.45        53       128       563
06/10/2018 06:00:46    176   10.8   585.320          350.11            4.45        53       130       563
06/10/2018 06:00:56    182   10.8   582.680          350.31            4.46        53       130       563
06/10/2018 06:01:06    189   10.8   579.970          349.65            4.46        53       129       563
06/10/2018 06:01:16    188   10.8   577.140          349.72            4.46        50       128       563
06/10/2018 06:01:26    198   10.8   574.370          350.05            4.46        53       125       563
06/10/2018 06:01:36    182   10.8   571.730          350.71            4.46        53       127       563
06/10/2018 06:01:46    185   10.8   568.930          349.90            4.47        54       134       563
06/10/2018 06:01:56    179   10.8   566.290          351.05            4.47        53       125       563
06/10/2018 06:02:06    208   10.8   563.460          350.84            4.47        53       131       563
06/10/2018 06:02:16    200   10.8   560.840          351.75            4.47        53       129       563
06/10/2018 06:02:26    195   10.8   558.120          351.82            4.47        54       126       563
06/10/2018 06:02:36    184   10.8   555.350          350.93            4.47        52       130       563
06/10/2018 06:02:46    201   10.8   552.570          350.99            4.47        53       127       563
06/10/2018 06:02:56    191   10.8   549.990          351.28            4.47        51       126       563
06/10/2018 06:03:06    197   10.8   547.130          350.32            4.47        52       130       563
06/10/2018 06:03:16    215   10.8   544.430          351.56            4.48        54       125       563
06/10/2018 06:03:26    194   10.8   541.700          350.68            4.48        52       126       563
06/10/2018 06:03:36    207   10.8   539.040          350.86            4.48        53       129       563
06/10/2018 06:03:46    200   10.8   536.350          351.31            4.48        52       134       563
06/10/2018 06:03:56    211   10.8   533.600          351.23            4.49        53       127       563
06/10/2018 06:04:06    197   10.8   530.840          350.83            4.49        54       129       563
06/10/2018 06:04:16    192   10.8   528.200          351.99            4.49        53       132       563
06/10/2018 06:04:26    204   10.8   525.410          351.93            4.49        52       131       563
06/10/2018 06:04:36    207   10.8   522.770          352.39            4.49        52       130       563
06/10/2018 06:04:46    190   10.8   520.010          352.39            4.49        53       129       563
06/10/2018 06:04:56    195   10.8   517.300          353.69            4.49        53       128       563
06/10/2018 06:05:06    192   10.8   514.560          352.09            4.49        52       130       563
06/10/2018 06:05:16    199   10.8   511.870          353.16            4.49        53       150       563
06/10/2018 06:05:26    190   10.8   509.200          353.26            4.49        53       130       563
06/10/2018 06:05:36    184   10.8   506.480          353.64            4.48        53       129       563
06/10/2018 06:05:46    204   10.8   503.840          353.64            4.48        53       129       563
06/10/2018 06:05:56    217   10.8   501.080          353.84            4.48        54       137       563
06/10/2018 06:06:06    209   10.8   498.340          354.15            4.48        53       130       563
06/10/2018 06:06:16    180   10.8   495.700          353.92            4.48        52       133       563
06/10/2018 06:06:26    218   10.8   492.970          354.80            4.48        56       130       563
06/10/2018 06:06:36    198   10.8   490.280          353.91            4.48        53       129       563
06/10/2018 06:06:46    186   10.8   487.620          354.33            4.47        55       130       563
06/10/2018 06:06:56    201   10.8   484.760          353.71            4.47        53       131       563
06/10/2018 06:07:06    197   10.8   482.140          354.78            4.47        53       129       563
06/10/2018 06:07:16    208   10.8   479.480          353.46            4.47        52       132       563
06/10/2018 06:07:26    195   10.8   476.690          353.79            4.47        52       127       563
06/10/2018 06:07:36    210   10.8   473.960          354.78            4.47        54       131       563
06/10/2018 06:07:46    188   10.8   471.300          354.52            4.48        53       146       563
06/10/2018 06:07:56    194   10.8   468.560          354.73            4.48        54       133       563
06/10/2018 06:08:06    200   10.8   465.900          354.00            4.48        51       165       563
06/10/2018 06:08:16    182   10.8   463.230          354.62            4.48        54       137       563
06/10/2018 06:08:26    199   10.8   460.400          354.97            4.48        53       133       563
06/10/2018 06:08:36    192   10.7   457.800          355.76            4.48        53       129       563
06/10/2018 06:08:46    191   10.8   454.990          354.95            4.48        53       129       563
06/10/2018 06:08:56    198   10.7   452.280          354.33            4.48        54       158       563
06/10/2018 06:09:06    202   10.8   449.710          355.72            4.48        53       130       563
06/10/2018 06:09:16    209   10.8   446.950          355.62            4.48        55       148       563
06/10/2018 06:09:26    209   10.8   444.240          354.07            4.48        54       128       563
06/10/2018 06:09:36    193   10.8   441.610          355.24            4.48        54       129       563
06/10/2018 06:09:46    204   10.8   438.920          355.94            4.48        53       130       563
06/10/2018 06:09:56    187   10.8   436.160          355.04            4.49        53       128       563
06/10/2018 06:10:06    210   10.8   433.440          355.31            4.49        52       132       563
06/10/2018 06:10:16    198   10.8   430.740          355.49            4.49        53       128       563
06/10/2018 06:10:26    180   10.8   428.010          355.81            4.49        53       129       563
06/10/2018 06:10:36    204   10.8   425.370          355.91            4.49        54       129       563
06/10/2018 06:10:46    202   10.8   422.650          355.99            4.49        53       129       563
06/10/2018 06:10:56    189   10.8   419.920          356.36            4.49        53       131       563
06/10/2018 06:11:06    206   10.8   417.300          355.93            4.49        53       131       563
06/10/2018 06:11:16    201   10.8   414.620          356.58            4.49        53       157       563
06/10/2018 06:11:26    193   10.7   411.830          355.62            4.49        53       135       563
06/10/2018 06:11:36    197   10.8   409.110          355.98            4.49        54       130       563
06/10/2018 06:11:46    211   10.8   406.400          356.43            4.49        53       130       563
06/10/2018 06:11:56    181   10.8   403.750          356.17            4.49        55       135       563
06/10/2018 06:12:06    197   10.8   401.020          356.72            4.50        53       130       563
06/10/2018 06:12:16    194   10.8   398.350          356.30            4.50        52       134       563
06/10/2018 06:12:26    191   10.8   395.660          356.70            4.50        52       135       563
06/10/2018 06:12:36    216   10.8   392.930          357.14            4.50        53       128       563
06/10/2018 06:12:46    208   10.8   390.440          356.91            4.50        54       135       563
06/10/2018 06:12:56    197   10.8   387.680          356.57            4.50        54       137       563
06/10/2018 06:13:06    209   10.8   385.050          357.48            4.50        55       132       563
06/10/2018 06:13:16    196   10.8   382.350          357.63            4.50        53       140       563
06/10/2018 06:13:26    184   10.8   379.740          357.91            4.50        52       137       563
06/10/2018 06:13:36    191   10.8   377.030          357.01            4.50        54       134       563
06/10/2018 06:13:46    178   10.8   374.310          356.95            4.51        54       129       563
06/10/2018 06:13:56    197   10.8   371.570          357.32            4.52        54       131       563
06/10/2018 06:14:06    176   10.8   368.970          358.50            4.52        53       129       563
06/10/2018 06:14:16    218   10.8   366.310          358.28            4.52        55       133       563
06/10/2018 06:14:26    192   10.8   363.750          358.29            4.52        54       135       563
06/10/2018 06:14:36    181   10.8   361.030          358.02            4.53        53       134       563
06/10/2018 06:14:46    207   10.8   358.460          358.28            4.53        52       134       563
06/10/2018 06:14:56    220   10.8   355.790          358.79            4.54        54       134       563
06/10/2018 06:15:06    150   10.8   353.070          358.29            4.54        53       131       563
06/10/2018 06:15:16    221   10.8   350.390          358.28            4.55        55       135       563
06/10/2018 06:15:26    195   10.8   347.720          358.31            4.56        55       143       563
06/10/2018 06:15:36    170   10.8   345.140          358.93            4.56        54       131       563
06/10/2018 06:15:46    207   10.8   342.470          357.88            4.57        53       129       563
06/10/2018 06:15:56    218   10.8   339.730          359.12            4.58        53       129       563
06/10/2018 06:16:06    172   10.8   337.160          358.00            4.58        52       135       563
06/10/2018 06:16:16    211   10.8   334.500          359.68            4.58        56       176       563
06/10/2018 06:16:26    205   10.8   331.820          359.10            4.58        53       129       563
06/10/2018 06:16:36    207   10.8   329.160          358.64            4.59        52       129       563
06/10/2018 06:16:46    192   10.8   326.520          359.68            4.59        54       128       563
06/10/2018 06:16:56    196   10.8   323.790          358.85            4.60        53       135       563
06/10/2018 06:17:06    218   10.8   321.120          359.08            4.60        53       133       563
06/10/2018 06:17:16    207   10.8   318.380          359.15            4.61        54       131       563
06/10/2018 06:17:26    192   10.8   315.690          359.42            4.62        55       134       563
06/10/2018 06:17:36    210   10.8   312.980          358.82            4.63        53       141       563
06/10/2018 06:17:46    202   10.8   310.460          359.27            4.64        53       130       563
06/10/2018 06:17:56    186   10.8   307.800          359.22            4.64        53       129       563
06/10/2018 06:18:06    231   10.7   305.100          358.51            4.65        54       134       563
06/10/2018 06:18:16    189   10.8   302.430          359.34            4.65        55       134       563
06/10/2018 06:18:26    196   10.8   299.740          358.60            4.65        57       248       563
06/10/2018 06:18:36    220   10.8   297.010          358.46            4.66        54       132       563
06/10/2018 06:18:46    179   10.8   294.330          359.75            4.66        54       132       563
06/10/2018 06:18:56    185   10.8   291.770          359.38            4.62        53       130       563
06/10/2018 06:19:06    199   10.8   289.050          359.81            4.62        53       134       563
06/10/2018 06:19:16    205   10.8   286.360          361.17            4.62        54       134       563
06/10/2018 06:19:26    217   10.8   283.600          360.58            4.62        54       139       563
06/10/2018 06:19:36    208   10.8   280.920          361.41            4.62        53       132       563
06/10/2018 06:19:46    204   10.8   278.330          361.20            4.62        52       137       563
06/10/2018 06:19:56    215   10.8   275.630          360.60            4.62        54       134       563
06/10/2018 06:20:06    210   10.8   272.920          360.70            4.61        54       130       563
06/10/2018 06:20:16    176   10.8   270.340          362.08            4.61        53       136       563
06/10/2018 06:20:26    236   10.7   267.690          361.55            4.61        53       136       563
06/10/2018 06:20:36    189   10.8   265.080          361.59            4.60        53       130       563
06/10/2018 06:20:46    204   10.8   262.440          361.65            4.59        54       138       563
06/10/2018 06:20:56    216   10.7   259.790          362.65            4.58        55       138       563
06/10/2018 06:21:06    196   10.8   257.100          362.54            4.60        53       136       563
06/10/2018 06:21:16    157   10.8   254.390          362.06            4.63        54       139       563
06/10/2018 06:21:26    219   10.7   251.690          360.78            4.65        54       136       563
06/10/2018 06:21:36    207   10.8   249.120          361.43            4.67        55       138       563
06/10/2018 06:21:46    191   10.8   246.350          360.93            4.68        53       138       563
06/10/2018 06:21:56    209   10.8   243.670          360.61            4.68       103       265       563
06/10/2018 06:22:06    188   10.8   241.080          360.85            4.68        53       134       563
06/10/2018 06:22:16    209   10.8   238.230          360.65            4.68        55       148       563
06/10/2018 06:22:26    187   10.8   235.600          361.64            4.68        53       138       563
06/10/2018 06:22:36    196   10.8   232.990          362.36            4.66        54       141       563
06/10/2018 06:22:46    205   10.8   230.230          362.65            4.67        53       137       563
06/10/2018 06:22:56    202   10.8   227.580          362.62            4.67        54       136       563
06/10/2018 06:23:06    211   10.8   224.840          362.53            4.67        58       154       563
06/10/2018 06:23:16    205   10.8   222.240          362.87            4.67        54       133       563
06/10/2018 06:23:26    190   10.8   219.460          362.75            4.67        54       134       563
06/10/2018 06:23:36    203   10.8   216.780          362.85            4.67        54       178       563
06/10/2018 06:23:46    203   10.8   214.140          362.30            4.67        54       140       563
06/10/2018 06:23:56    190   10.8   211.510          364.21            4.66        54       135       563
06/10/2018 06:24:06    224   10.7   208.750          364.08            4.66        56       134       563
06/10/2018 06:24:16    197   10.8   206.110          365.02            4.65        56       135       563
06/10/2018 06:24:26    212   10.8   203.490          365.75            4.63        53       137       563
06/10/2018 06:24:36    214   10.8   200.670          365.77            4.63        55       139       563
06/10/2018 06:24:46    208   10.8   198.120          366.41            4.63        54       140       563
06/10/2018 06:24:56    202   10.8   195.410          367.16            4.62        54       139       563
06/10/2018 06:25:06    198   10.8   192.620          366.37            4.62        55       138       563
06/10/2018 06:25:16    199   10.8   189.930          366.94            4.62        58       146       563
06/10/2018 06:25:26    220   10.7   187.290          367.41            4.62        52       137       563
06/10/2018 06:25:36    197   10.8   184.680          365.99            4.62       126       308       563
06/10/2018 06:25:46    204   10.8   182.080          367.92            4.61        54       139       563
06/10/2018 06:25:56    199   10.8   179.400          367.61            4.61        55       140       563
06/10/2018 06:26:06    186   10.8   176.740          368.38            4.59        56       141       563
06/10/2018 06:26:16    201   10.8   174.020          368.63            4.59        61       147       563
06/10/2018 06:26:26    171   10.8   171.560          369.94            4.58        56       138       563
06/10/2018 06:26:36    649   10.8   171.290          370.06            4.58        59       152       563
06/10/2018 06:26:46    763   10.7   171.300          369.85            4.58        57       139       563
06/10/2018 06:26:56    408   10.8   171.380          369.75            4.58        57       146       563
06/10/2018 06:27:06    697   10.7   171.360          370.93            4.58        58       256       563
06/10/2018 06:27:16    190   10.8   171.330          370.27            4.58        55       145       563
06/10/2018 06:27:26    592   10.6   171.360          371.14            4.57        55       139       563

 Ramp exit:    SMOOTH RUNNING
 Profile exit: TOP PRESSURE

 Vehicle motion stopped at 06/10/2018 06:27:30
 Sensor logging stopped at 06/10/2018 06:29:36
