
 Profile 343

 Sensors were turned on at  04/23/2017 04:00:02
 Vehicle began profiling at 04/23/2017 04:02:04

Date,[mA],[V],[dbar],Oxygen[uM],Optode Temp[C],Chl,NTU,Therm
04/23/2017 04:02:04,0,11.0,0.000,0.00,0.00,54,135,570
04/23/2017 04:02:14,157,10.8,0.000,0.00,0.00,53,134,570
04/23/2017 04:02:24,131,10.9,0.000,0.00,0.00,51,135,570
04/23/2017 04:02:37,171,10.8,2517.800,341.66,2.09,54,145,569
04/23/2017 04:02:47,101,11.0,2515.060,340.69,2.11,54,129,569
04/23/2017 04:02:57,98,11.0,2512.240,339.76,2.12,52,129,569
04/23/2017 04:03:07,97,11.0,2509.460,339.49,2.15,53,132,569
04/23/2017 04:03:17,88,11.0,2506.740,339.95,2.16,54,134,569
04/23/2017 04:03:27,97,11.0,2503.890,339.70,2.17,54,131,569
04/23/2017 04:03:37,93,10.9,2501.150,339.13,2.19,54,129,569
04/23/2017 04:03:47,86,10.9,2498.450,338.41,2.21,54,128,569
04/23/2017 04:03:57,99,10.9,2495.520,338.26,2.21,53,130,569
04/23/2017 04:04:07,96,10.9,2492.900,337.94,2.23,53,131,569
04/23/2017 04:04:17,93,10.9,2490.010,338.34,2.23,54,128,569
04/23/2017 04:04:27,91,10.9,2487.340,338.00,2.25,53,125,569
04/23/2017 04:04:37,88,10.9,2484.460,337.36,2.28,53,133,568
04/23/2017 04:04:47,88,10.9,2481.770,337.06,2.29,52,130,568
04/23/2017 04:04:57,91,10.9,2479.080,337.30,2.30,52,125,568
04/23/2017 04:05:07,89,10.9,2476.260,337.17,2.30,54,122,569
04/23/2017 04:05:17,90,10.9,2473.440,336.87,2.33,54,125,568
04/23/2017 04:05:27,86,10.9,2470.690,335.86,2.34,53,131,568
04/23/2017 04:05:37,105,10.9,2467.920,336.12,2.35,53,125,568
04/23/2017 04:05:47,95,10.9,2465.140,336.07,2.36,52,125,568
04/23/2017 04:05:57,88,10.9,2462.340,335.86,2.36,53,126,568
04/23/2017 04:06:07,98,10.9,2459.540,336.10,2.37,53,126,568
04/23/2017 04:06:17,90,10.9,2456.930,334.96,2.39,52,130,568
04/23/2017 04:06:27,88,10.9,2454.160,335.05,2.40,53,125,568
04/23/2017 04:06:37,85,10.9,2451.360,335.70,2.41,54,126,568
04/23/2017 04:06:47,90,10.9,2448.630,335.88,2.42,55,128,568
04/23/2017 04:06:57,100,10.9,2445.790,334.93,2.42,53,130,568
04/23/2017 04:07:07,92,10.9,2443.100,335.12,2.44,53,131,568
04/23/2017 04:07:17,96,10.8,2440.320,336.08,2.44,55,125,568
04/23/2017 04:07:27,99,10.9,2437.470,335.13,2.45,52,124,568
04/23/2017 04:07:37,85,10.9,2434.730,333.57,2.48,53,122,568
04/23/2017 04:07:47,84,10.9,2432.020,333.28,2.48,54,126,568
04/23/2017 04:07:57,90,10.9,2429.270,332.32,2.49,52,121,568
04/23/2017 04:08:07,84,10.9,2426.450,331.64,2.50,52,128,568
04/23/2017 04:08:17,91,10.9,2423.860,331.64,2.51,53,124,568
04/23/2017 04:08:27,111,10.9,2421.100,331.19,2.52,53,121,568
04/23/2017 04:08:37,94,10.8,2418.320,330.63,2.52,55,120,568
04/23/2017 04:08:47,93,10.8,2415.520,329.94,2.53,53,119,568
04/23/2017 04:08:57,97,10.8,2412.730,329.10,2.55,52,116,568
04/23/2017 04:09:07,90,10.8,2410.030,327.35,2.56,53,121,567
04/23/2017 04:09:17,93,10.9,2407.390,326.79,2.57,52,116,568
04/23/2017 04:09:27,86,10.8,2404.570,326.51,2.58,53,119,567
04/23/2017 04:09:37,92,10.8,2401.760,326.86,2.57,53,120,567
04/23/2017 04:09:47,90,10.8,2399.050,327.90,2.57,54,120,567
04/23/2017 04:09:57,95,10.8,2396.320,328.60,2.56,54,124,567
04/23/2017 04:10:07,90,10.8,2393.590,330.56,2.56,53,128,567
04/23/2017 04:10:17,82,10.9,2390.810,332.19,2.56,54,122,567
04/23/2017 04:10:27,85,10.8,2387.910,331.41,2.58,53,123,567
04/23/2017 04:10:37,92,10.8,2385.370,330.90,2.60,52,120,567
04/23/2017 04:10:47,88,10.8,2382.550,330.13,2.60,53,119,567
04/23/2017 04:10:57,100,10.8,2379.810,330.09,2.61,52,120,567
04/23/2017 04:11:07,80,10.8,2376.980,329.78,2.61,53,119,567
04/23/2017 04:11:17,96,10.8,2374.270,329.59,2.61,52,121,567
04/23/2017 04:11:27,98,10.8,2371.570,330.02,2.62,54,121,567
04/23/2017 04:11:37,85,10.8,2368.860,329.45,2.62,53,122,567
04/23/2017 04:11:47,79,10.8,2366.050,329.02,2.64,53,120,567
04/23/2017 04:11:57,82,10.9,2363.290,329.13,2.64,52,119,567
04/23/2017 04:12:07,93,10.8,2360.570,329.75,2.64,54,123,567
04/23/2017 04:12:17,88,10.8,2357.780,329.01,2.64,53,122,567
04/23/2017 04:12:27,89,10.9,2355.000,329.94,2.65,54,121,567
04/23/2017 04:12:37,88,10.8,2352.230,328.77,2.66,54,119,567
04/23/2017 04:12:47,88,10.8,2349.480,328.75,2.67,52,120,567
04/23/2017 04:12:57,83,10.9,2346.770,328.79,2.67,53,121,567
04/23/2017 04:13:07,85,10.8,2344.000,328.84,2.67,53,120,567
04/23/2017 04:13:17,98,10.8,2341.340,328.89,2.67,54,120,567
04/23/2017 04:13:27,89,10.8,2338.480,328.26,2.68,54,118,567
04/23/2017 04:13:37,92,10.8,2335.850,328.99,2.68,54,118,567
04/23/2017 04:13:47,98,10.8,2332.970,328.14,2.69,51,118,567
04/23/2017 04:13:57,87,10.8,2330.240,327.78,2.71,52,122,567
04/23/2017 04:14:07,92,10.8,2327.630,328.44,2.72,55,117,567
04/23/2017 04:14:17,92,10.9,2324.720,327.30,2.73,54,123,567
04/23/2017 04:14:27,86,10.8,2322.050,327.50,2.74,54,116,567
04/23/2017 04:14:37,83,10.8,2319.220,327.22,2.75,53,115,567
04/23/2017 04:14:47,84,10.8,2316.490,326.34,2.75,53,115,567
04/23/2017 04:14:57,86,10.8,2313.800,326.13,2.76,53,118,567
04/23/2017 04:15:07,88,10.8,2311.060,326.04,2.77,53,117,567
04/23/2017 04:15:17,88,10.8,2308.280,326.47,2.78,53,116,567
04/23/2017 04:15:27,89,10.8,2305.630,325.61,2.79,53,118,567
04/23/2017 04:15:37,85,10.8,2302.680,325.91,2.79,53,118,567
04/23/2017 04:15:47,85,10.9,2300.070,325.33,2.79,53,124,567
04/23/2017 04:15:57,81,10.8,2297.330,325.33,2.80,53,115,567
04/23/2017 04:16:07,89,10.8,2294.450,325.70,2.80,52,114,567
04/23/2017 04:16:17,91,10.8,2291.820,325.75,2.80,54,116,567
04/23/2017 04:16:27,90,10.8,2289.030,325.15,2.81,54,115,567
04/23/2017 04:16:37,91,10.8,2286.200,325.55,2.81,53,115,567
04/23/2017 04:16:47,83,10.8,2283.500,326.26,2.81,53,120,567
04/23/2017 04:16:57,84,10.8,2280.770,324.93,2.81,53,114,567
04/23/2017 04:17:07,87,10.9,2277.990,325.45,2.82,52,116,566
04/23/2017 04:17:17,84,10.9,2275.360,325.08,2.82,53,116,566
04/23/2017 04:17:27,82,10.8,2272.490,324.70,2.83,54,115,567
04/23/2017 04:17:37,91,10.8,2269.920,325.37,2.83,54,120,567
04/23/2017 04:17:47,92,10.8,2267.140,324.67,2.83,53,116,567
04/23/2017 04:17:57,92,10.8,2264.250,325.17,2.84,53,119,566
04/23/2017 04:18:07,93,10.8,2261.600,325.52,2.84,54,117,566
04/23/2017 04:18:17,85,10.8,2258.740,324.60,2.84,54,116,567
04/23/2017 04:18:27,96,10.8,2256.150,325.12,2.84,53,116,566
04/23/2017 04:18:37,92,10.8,2253.280,325.09,2.85,51,118,567
04/23/2017 04:18:47,92,10.9,2250.480,324.87,2.85,53,118,566
04/23/2017 04:18:57,90,10.8,2247.780,325.28,2.86,52,129,566
04/23/2017 04:19:07,97,10.8,2245.040,326.00,2.85,54,119,566
04/23/2017 04:19:17,93,10.8,2242.290,327.35,2.85,53,120,566
04/23/2017 04:19:27,96,10.9,2239.650,327.90,2.86,52,119,566
04/23/2017 04:19:37,94,10.8,2236.800,327.50,2.86,53,119,566
04/23/2017 04:19:47,90,10.8,2234.030,328.18,2.87,53,117,566
04/23/2017 04:19:57,89,10.9,2231.370,327.69,2.88,53,119,566
04/23/2017 04:20:07,82,10.9,2228.540,327.79,2.88,55,120,566
04/23/2017 04:20:17,93,10.9,2225.750,327.78,2.88,53,121,566
04/23/2017 04:20:27,89,10.8,2223.100,327.60,2.88,52,119,566
04/23/2017 04:20:37,80,10.9,2220.360,327.50,2.89,55,119,566
04/23/2017 04:20:47,89,10.9,2217.530,327.67,2.89,53,118,566
04/23/2017 04:20:57,91,10.9,2214.890,326.74,2.92,53,113,566
04/23/2017 04:21:07,84,10.9,2212.050,324.75,2.95,54,112,566
04/23/2017 04:21:17,81,10.8,2209.290,323.36,2.96,52,110,566
04/23/2017 04:21:27,90,10.8,2206.590,322.77,2.96,53,112,566
04/23/2017 04:21:37,82,10.8,2203.650,322.98,2.97,54,112,566
04/23/2017 04:21:47,94,10.9,2200.990,322.23,2.97,52,112,566
04/23/2017 04:21:57,78,10.9,2198.220,322.41,2.98,52,115,566
04/23/2017 04:22:07,82,10.9,2195.540,322.02,2.98,53,115,566
04/23/2017 04:22:17,89,10.9,2192.780,322.82,2.98,53,111,566
04/23/2017 04:22:27,88,10.8,2190.070,322.63,2.99,52,112,566
04/23/2017 04:22:37,80,10.9,2187.220,321.79,2.99,53,112,566
04/23/2017 04:22:47,86,10.9,2184.440,322.39,2.99,53,113,566
04/23/2017 04:22:57,79,10.9,2181.690,322.75,2.99,53,112,566
04/23/2017 04:23:07,79,10.9,2178.990,322.62,2.99,55,112,566
04/23/2017 04:23:17,82,10.9,2176.200,322.32,2.99,54,111,566
04/23/2017 04:23:27,75,10.9,2173.480,322.86,3.00,53,113,566
04/23/2017 04:23:37,81,10.8,2170.700,321.98,3.00,53,114,566
04/23/2017 04:23:47,82,10.9,2167.930,322.53,3.00,54,113,566
04/23/2017 04:23:57,84,10.9,2165.110,322.73,3.00,53,112,566
04/23/2017 04:24:07,92,10.9,2162.370,322.65,3.01,53,112,566
04/23/2017 04:24:17,83,10.8,2159.580,322.16,3.01,54,112,566
04/23/2017 04:24:27,83,10.9,2156.900,321.73,3.02,52,110,566
04/23/2017 04:24:37,91,10.9,2154.130,321.27,3.02,54,110,566
04/23/2017 04:24:47,92,10.9,2151.460,321.84,3.03,52,112,566
04/23/2017 04:24:57,92,10.8,2148.690,321.94,3.03,53,112,566
04/23/2017 04:25:07,86,10.9,2145.900,322.17,3.03,53,110,566
04/23/2017 04:25:17,84,10.8,2143.230,321.80,3.03,51,114,566
04/23/2017 04:25:27,81,10.9,2140.470,322.97,3.03,54,110,566
04/23/2017 04:25:37,90,10.9,2137.750,321.78,3.03,54,111,566
04/23/2017 04:25:47,86,10.9,2134.940,321.78,3.04,54,111,566
04/23/2017 04:25:57,91,10.9,2132.310,320.91,3.05,52,111,566
04/23/2017 04:26:07,93,10.9,2129.410,321.87,3.05,53,113,566
04/23/2017 04:26:17,97,10.9,2126.610,321.82,3.05,53,110,566
04/23/2017 04:26:27,84,10.9,2123.910,321.52,3.06,54,111,566
04/23/2017 04:26:37,93,10.9,2121.150,321.93,3.06,52,111,566
04/23/2017 04:26:47,84,10.9,2118.520,322.20,3.06,52,110,566
04/23/2017 04:26:57,96,10.9,2115.790,321.65,3.06,52,118,566
04/23/2017 04:27:07,96,10.9,2113.110,321.43,3.06,52,111,566
04/23/2017 04:27:17,87,10.8,2110.390,322.25,3.06,53,110,566
04/23/2017 04:27:27,91,10.8,2107.540,321.51,3.07,52,111,566
04/23/2017 04:27:37,91,10.9,2104.820,321.99,3.08,53,110,566
04/23/2017 04:27:47,96,10.9,2102.000,321.24,3.08,54,111,566
04/23/2017 04:27:57,96,10.8,2099.390,321.86,3.08,53,111,566
04/23/2017 04:28:07,103,10.8,2096.670,321.77,3.08,54,111,566
04/23/2017 04:28:17,93,10.9,2093.960,321.18,3.08,54,111,566
04/23/2017 04:28:27,89,10.9,2091.260,321.54,3.08,53,110,566
04/23/2017 04:28:37,87,10.9,2088.400,321.93,3.08,54,110,566
04/23/2017 04:28:47,86,10.9,2085.660,321.60,3.09,54,110,566
04/23/2017 04:28:57,92,10.9,2082.820,321.49,3.09,52,111,566
04/23/2017 04:29:07,88,10.9,2080.090,321.37,3.09,53,115,566
04/23/2017 04:29:17,83,10.9,2077.390,321.24,3.09,54,111,566
04/23/2017 04:29:27,82,10.9,2074.720,322.10,3.09,53,112,566
04/23/2017 04:29:37,91,10.9,2071.900,321.57,3.09,53,110,566
04/23/2017 04:29:47,93,10.9,2069.170,322.12,3.10,53,110,566
04/23/2017 04:29:57,91,10.9,2066.530,322.16,3.10,52,112,566
04/23/2017 04:30:07,84,10.9,2063.740,321.71,3.10,54,110,566
04/23/2017 04:30:17,91,10.9,2060.930,322.05,3.10,53,110,566
04/23/2017 04:30:27,88,10.9,2058.270,321.85,3.10,53,115,566
04/23/2017 04:30:37,94,10.9,2055.510,321.71,3.11,54,109,566
04/23/2017 04:30:47,96,10.9,2052.770,321.55,3.12,54,110,566
04/23/2017 04:30:57,94,10.9,2049.990,321.27,3.12,54,111,566
04/23/2017 04:31:07,95,10.9,2047.320,322.10,3.12,51,112,566
04/23/2017 04:31:17,87,10.9,2044.560,321.28,3.13,53,110,566
04/23/2017 04:31:27,85,10.9,2041.770,321.33,3.13,53,112,566
04/23/2017 04:31:37,103,10.9,2039.120,321.74,3.14,53,111,566
04/23/2017 04:31:47,82,10.9,2036.420,321.76,3.14,53,111,566
04/23/2017 04:31:57,90,10.9,2033.680,321.11,3.14,52,111,566
04/23/2017 04:32:07,95,10.9,2030.900,321.86,3.15,53,112,566
04/23/2017 04:32:17,89,10.9,2028.100,322.10,3.15,55,110,566
04/23/2017 04:32:27,96,10.8,2025.360,321.89,3.15,53,110,566
04/23/2017 04:32:37,100,10.9,2022.660,322.04,3.15,53,110,566
04/23/2017 04:32:47,98,10.9,2019.980,322.20,3.16,53,110,566
04/23/2017 04:32:57,91,10.9,2017.080,321.95,3.16,52,111,566
04/23/2017 04:33:07,97,10.9,2014.490,321.80,3.16,54,111,566
04/23/2017 04:33:17,88,10.8,2011.840,322.02,3.17,53,111,566
04/23/2017 04:33:27,109,10.9,2008.950,321.73,3.17,53,111,566
04/23/2017 04:33:37,103,10.9,2006.250,322.24,3.17,53,111,566
04/23/2017 04:33:47,87,10.9,2003.670,321.53,3.17,53,111,566
04/23/2017 04:33:57,97,10.9,2000.750,321.81,3.17,51,110,566
04/23/2017 04:34:07,98,10.8,1998.000,322.00,3.18,54,111,565
04/23/2017 04:34:17,87,10.9,1995.390,322.47,3.18,55,111,565
04/23/2017 04:34:27,103,10.9,1992.600,322.37,3.18,53,111,566
04/23/2017 04:34:37,103,10.9,1989.930,321.49,3.19,54,111,566
04/23/2017 04:34:47,106,10.8,1987.300,321.40,3.19,53,110,565
04/23/2017 04:34:57,94,10.9,1984.520,321.42,3.19,52,110,566
04/23/2017 04:35:07,104,10.9,1981.640,321.78,3.20,54,109,566
04/23/2017 04:35:17,93,10.9,1979.050,321.59,3.20,52,112,566
04/23/2017 04:35:27,102,10.8,1976.190,321.88,3.21,53,113,566
04/23/2017 04:35:37,91,10.8,1973.560,321.87,3.21,53,111,565
04/23/2017 04:35:47,90,10.8,1970.860,321.26,3.21,54,110,565
04/23/2017 04:35:57,102,10.8,1968.060,321.49,3.22,53,111,565
04/23/2017 04:36:07,88,10.9,1965.300,322.15,3.23,52,110,566
04/23/2017 04:36:17,90,10.9,1962.620,321.96,3.23,54,112,565
04/23/2017 04:36:27,99,10.8,1959.940,321.90,3.24,53,110,566
04/23/2017 04:36:37,96,10.8,1957.260,322.53,3.24,52,112,566
04/23/2017 04:36:47,95,10.8,1954.420,322.69,3.24,52,112,565
04/23/2017 04:36:57,97,10.8,1951.730,321.75,3.24,54,111,565
04/23/2017 04:37:07,86,10.9,1949.050,322.18,3.25,52,111,566
04/23/2017 04:37:17,96,10.9,1946.320,323.18,3.25,53,112,566
04/23/2017 04:37:27,104,10.9,1943.630,322.45,3.25,53,112,565
04/23/2017 04:37:37,114,10.9,1940.810,322.59,3.25,53,110,566
04/23/2017 04:37:47,101,10.9,1938.150,322.58,3.25,54,112,565
04/23/2017 04:37:57,107,10.8,1935.410,322.10,3.25,53,110,566
04/23/2017 04:38:07,97,10.8,1932.650,321.97,3.26,52,112,566
04/23/2017 04:38:17,96,10.9,1929.990,321.94,3.26,53,110,565
04/23/2017 04:38:27,104,10.9,1927.320,322.29,3.27,52,111,565
04/23/2017 04:38:37,103,10.9,1924.510,322.19,3.28,52,109,566
04/23/2017 04:38:47,93,10.9,1921.750,322.60,3.28,52,110,566
04/23/2017 04:38:57,96,10.9,1919.120,322.05,3.28,52,109,565
04/23/2017 04:39:07,90,10.9,1916.400,322.54,3.28,53,112,565
04/23/2017 04:39:17,94,10.9,1913.650,322.25,3.29,54,112,565
04/23/2017 04:39:27,95,10.9,1911.010,322.38,3.29,54,117,565
04/23/2017 04:39:37,99,10.8,1908.150,321.92,3.29,53,111,566
04/23/2017 04:39:47,101,10.8,1905.450,320.89,3.29,54,111,565
04/23/2017 04:39:57,104,10.9,1902.780,322.35,3.29,52,111,565
04/23/2017 04:40:07,116,10.8,1899.980,322.55,3.29,53,110,565
04/23/2017 04:40:17,97,10.9,1897.320,322.21,3.29,53,110,565
04/23/2017 04:40:27,99,10.9,1894.540,323.01,3.30,52,110,565
04/23/2017 04:40:37,114,10.8,1891.830,322.48,3.30,53,110,565
04/23/2017 04:40:47,104,10.9,1889.140,322.33,3.30,53,110,565
04/23/2017 04:40:57,98,10.9,1886.440,322.00,3.30,53,110,565
04/23/2017 04:41:07,115,10.9,1883.790,322.55,3.30,54,114,565
04/23/2017 04:41:17,106,10.8,1881.070,322.26,3.30,54,112,565
04/23/2017 04:41:27,108,10.8,1878.470,322.63,3.31,51,113,565
04/23/2017 04:41:37,113,10.9,1875.630,322.71,3.32,52,112,565
04/23/2017 04:41:47,92,10.9,1872.940,322.40,3.32,55,110,565
04/23/2017 04:41:57,112,10.8,1870.240,322.39,3.32,53,109,565
04/23/2017 04:42:07,113,10.9,1867.480,323.15,3.32,54,112,565
04/23/2017 04:42:17,97,10.8,1864.780,322.32,3.32,53,111,565
04/23/2017 04:42:27,81,10.9,1862.150,322.16,3.33,53,113,565
04/23/2017 04:42:37,93,10.9,1859.470,322.63,3.33,52,112,565
04/23/2017 04:42:47,102,10.9,1856.650,322.52,3.33,53,112,565
04/23/2017 04:42:57,129,10.8,1853.770,322.23,3.34,53,112,565
04/23/2017 04:43:07,94,10.9,1851.410,321.98,3.34,53,113,565
04/23/2017 04:43:17,129,10.9,1848.580,322.09,3.34,54,111,565
04/23/2017 04:43:27,106,10.9,1845.990,322.13,3.34,55,111,565
04/23/2017 04:43:37,113,10.9,1843.020,322.61,3.35,52,112,565
04/23/2017 04:43:47,101,10.8,1840.320,322.45,3.35,53,109,565
04/23/2017 04:43:57,113,10.9,1837.880,322.33,3.36,53,112,565
04/23/2017 04:44:07,102,10.9,1835.170,321.54,3.36,54,114,565
04/23/2017 04:44:17,113,10.9,1832.220,321.71,3.37,52,110,565
04/23/2017 04:44:27,103,10.8,1829.750,322.69,3.37,54,114,565
04/23/2017 04:44:37,101,10.9,1827.200,321.71,3.37,53,112,565
04/23/2017 04:44:47,119,10.8,1824.420,321.83,3.37,54,111,565
04/23/2017 04:44:57,94,10.9,1821.660,322.21,3.37,52,112,565
04/23/2017 04:45:07,117,10.9,1819.080,322.62,3.37,52,111,565
04/23/2017 04:45:17,101,10.9,1816.400,322.99,3.37,54,111,565
04/23/2017 04:45:27,101,10.9,1813.590,322.05,3.37,53,112,565
04/23/2017 04:45:37,91,10.9,1810.980,322.94,3.38,53,112,565
04/23/2017 04:45:47,91,10.8,1808.230,322.93,3.38,53,111,565
04/23/2017 04:45:57,103,10.9,1805.540,321.92,3.38,54,111,565
04/23/2017 04:46:07,94,10.9,1802.840,323.17,3.38,54,111,565
04/23/2017 04:46:17,117,10.9,1800.370,321.68,3.39,52,111,565
04/23/2017 04:46:27,124,10.8,1797.520,322.71,3.39,53,111,565
04/23/2017 04:46:37,124,10.8,1794.820,322.37,3.39,55,112,565
04/23/2017 04:46:47,100,10.9,1792.230,322.19,3.40,52,114,565
04/23/2017 04:46:57,114,10.9,1789.500,322.43,3.40,52,113,565
04/23/2017 04:47:07,120,10.9,1786.730,322.44,3.40,52,111,565
04/23/2017 04:47:17,96,10.9,1784.250,321.90,3.41,54,111,565
04/23/2017 04:47:27,86,10.9,1781.480,322.06,3.41,53,113,565
04/23/2017 04:47:37,106,10.9,1778.740,322.66,3.42,53,111,565
04/23/2017 04:47:47,91,10.9,1776.120,322.66,3.42,52,111,565
04/23/2017 04:47:57,105,10.8,1773.350,322.41,3.42,53,112,565
04/23/2017 04:48:07,109,10.9,1770.680,322.14,3.42,55,112,565
04/23/2017 04:48:17,118,10.8,1768.010,322.85,3.42,54,112,565
04/23/2017 04:48:27,125,10.9,1765.230,321.62,3.42,53,115,565
04/23/2017 04:48:37,107,10.9,1762.650,322.97,3.42,54,113,565
04/23/2017 04:48:47,116,10.9,1760.000,321.92,3.42,51,111,565
04/23/2017 04:48:57,119,10.8,1757.250,322.25,3.43,52,112,565
04/23/2017 04:49:07,101,10.9,1754.540,322.14,3.43,53,112,565
04/23/2017 04:49:17,96,10.8,1751.930,321.76,3.43,53,111,565
04/23/2017 04:49:27,87,10.9,1749.240,322.24,3.43,53,111,565
04/23/2017 04:49:37,100,10.9,1746.590,322.06,3.43,53,111,565
04/23/2017 04:49:47,103,10.8,1743.930,322.53,3.43,53,112,565
04/23/2017 04:49:57,112,10.9,1741.240,322.20,3.44,52,112,565
04/23/2017 04:50:07,104,10.8,1738.570,322.17,3.44,54,113,565
04/23/2017 04:50:17,98,10.9,1736.000,322.55,3.45,53,117,565
04/23/2017 04:50:27,115,10.9,1733.340,322.13,3.45,54,112,565
04/23/2017 04:50:37,115,10.9,1730.620,322.08,3.45,53,111,565
04/23/2017 04:50:47,106,10.8,1727.910,322.67,3.46,54,112,565
04/23/2017 04:50:57,114,10.8,1725.300,321.59,3.46,53,111,565
04/23/2017 04:51:07,90,10.9,1722.560,323.37,3.46,51,113,565
04/23/2017 04:51:17,126,10.9,1719.880,322.21,3.46,54,113,565
04/23/2017 04:51:27,123,10.9,1717.190,322.91,3.46,54,112,565
04/23/2017 04:51:37,94,10.8,1714.530,321.83,3.47,52,112,565
04/23/2017 04:51:47,102,10.9,1711.830,322.53,3.47,53,110,565
04/23/2017 04:51:57,110,10.9,1709.020,322.36,3.48,53,111,565
04/23/2017 04:52:07,112,10.9,1706.430,322.52,3.48,53,112,565
04/23/2017 04:52:17,103,10.9,1703.710,322.05,3.48,53,112,565
04/23/2017 04:52:27,115,10.9,1701.050,322.07,3.49,53,115,565
04/23/2017 04:52:37,112,10.8,1698.340,321.65,3.49,54,112,565
04/23/2017 04:52:47,117,10.9,1695.670,322.66,3.49,53,111,565
04/23/2017 04:52:57,107,10.9,1693.050,322.70,3.49,54,112,565
04/23/2017 04:53:07,120,10.8,1690.280,321.71,3.49,51,112,565
04/23/2017 04:53:17,104,10.9,1687.580,322.22,3.49,53,112,565
04/23/2017 04:53:27,120,10.9,1684.910,322.01,3.50,53,112,565
04/23/2017 04:53:37,103,10.9,1682.260,322.74,3.50,54,111,565
04/23/2017 04:53:47,115,10.8,1679.510,322.95,3.50,54,113,565
04/23/2017 04:53:57,101,10.8,1676.770,322.78,3.50,53,115,565
04/23/2017 04:54:07,119,10.9,1674.130,322.64,3.50,52,113,565
04/23/2017 04:54:17,125,10.8,1671.440,321.84,3.50,54,112,565
04/23/2017 04:54:27,90,10.9,1668.670,323.02,3.51,53,113,565
04/23/2017 04:54:37,116,10.9,1666.080,322.84,3.51,54,112,565
04/23/2017 04:54:47,109,10.8,1663.240,323.24,3.51,53,112,565
04/23/2017 04:54:57,125,10.9,1660.560,322.69,3.51,52,112,565
04/23/2017 04:55:07,113,10.8,1657.850,322.95,3.51,50,112,565
04/23/2017 04:55:17,125,10.9,1655.260,322.44,3.51,53,113,565
04/23/2017 04:55:27,114,10.9,1652.540,322.84,3.52,53,113,565
04/23/2017 04:55:37,107,10.8,1649.840,323.18,3.52,53,111,565
04/23/2017 04:55:47,99,10.9,1647.080,323.27,3.52,54,112,565
04/23/2017 04:55:57,96,10.8,1644.510,322.72,3.53,54,112,565
04/23/2017 04:56:07,112,10.8,1641.650,322.33,3.54,53,112,565
04/23/2017 04:56:17,97,10.9,1639.010,323.19,3.55,52,112,565
04/23/2017 04:56:27,119,10.8,1636.350,322.52,3.55,53,114,565
04/23/2017 04:56:37,133,10.9,1633.710,322.29,3.56,52,113,565
04/23/2017 04:56:47,125,10.9,1630.930,322.58,3.56,54,113,565
04/23/2017 04:56:57,124,10.9,1628.200,323.43,3.56,52,112,565
04/23/2017 04:57:07,135,10.8,1625.550,323.49,3.56,53,112,565
04/23/2017 04:57:17,113,10.9,1622.760,323.34,3.56,53,115,565
04/23/2017 04:57:27,110,10.9,1620.120,322.80,3.56,54,111,565
04/23/2017 04:57:37,111,10.9,1617.300,322.90,3.56,53,112,565
04/23/2017 04:57:47,97,10.8,1614.750,322.87,3.56,52,113,565
04/23/2017 04:57:57,109,10.9,1612.060,322.82,3.56,52,112,565
04/23/2017 04:58:07,115,10.8,1609.460,322.92,3.56,51,112,565
04/23/2017 04:58:17,126,10.9,1606.720,323.09,3.57,52,112,565
04/23/2017 04:58:27,111,10.9,1603.950,323.16,3.57,52,112,565
04/23/2017 04:58:37,126,10.8,1601.280,323.53,3.57,54,112,565
04/23/2017 04:58:47,94,10.9,1598.660,322.52,3.57,52,112,565
04/23/2017 04:58:57,123,10.8,1596.050,322.58,3.57,54,112,565
04/23/2017 04:59:07,96,10.9,1593.220,323.51,3.57,52,113,565
04/23/2017 04:59:17,115,10.9,1590.490,323.02,3.58,53,112,565
04/23/2017 04:59:27,126,10.8,1587.920,323.24,3.58,53,112,565
04/23/2017 04:59:37,124,10.8,1585.310,323.46,3.59,54,115,565
04/23/2017 04:59:47,112,10.9,1582.460,322.95,3.59,52,113,565
04/23/2017 04:59:57,117,10.9,1579.910,323.13,3.59,53,112,565
04/23/2017 05:00:07,119,10.9,1577.230,322.62,3.59,54,113,565
04/23/2017 05:00:17,112,10.8,1574.410,322.99,3.60,54,112,565
04/23/2017 05:00:27,119,10.8,1571.780,323.63,3.60,53,110,565
04/23/2017 05:00:37,128,10.9,1569.220,323.71,3.60,52,112,565
04/23/2017 05:00:47,107,10.8,1566.500,322.86,3.60,52,112,565
04/23/2017 05:00:57,126,10.8,1563.840,323.79,3.60,53,117,565
04/23/2017 05:01:07,124,10.9,1561.100,323.46,3.60,54,111,565
04/23/2017 05:01:17,108,10.8,1558.350,323.92,3.61,54,111,565
04/23/2017 05:01:27,124,10.8,1555.750,323.52,3.61,53,111,565
04/23/2017 05:01:37,133,10.8,1553.060,324.21,3.61,53,113,565
04/23/2017 05:01:47,104,10.9,1550.410,323.89,3.62,51,113,565
04/23/2017 05:01:57,113,10.8,1547.710,324.03,3.62,53,114,565
04/23/2017 05:02:07,128,10.8,1544.970,324.08,3.62,52,111,565
04/23/2017 05:02:17,112,10.9,1542.380,323.69,3.62,53,112,565
04/23/2017 05:02:27,105,10.9,1539.530,324.51,3.63,53,111,565
04/23/2017 05:02:37,108,10.9,1536.920,324.62,3.63,54,113,565
04/23/2017 05:02:47,128,10.8,1534.160,323.79,3.63,53,112,565
04/23/2017 05:02:57,133,10.8,1531.460,324.50,3.63,53,111,565
04/23/2017 05:03:07,99,10.9,1528.770,324.22,3.63,52,115,565
04/23/2017 05:03:17,108,10.9,1526.170,324.31,3.63,52,113,565
04/23/2017 05:03:27,127,10.9,1523.480,324.20,3.64,54,112,565
04/23/2017 05:03:37,107,10.9,1520.790,325.06,3.64,52,113,565
04/23/2017 05:03:47,110,10.8,1518.020,324.32,3.64,53,113,565
04/23/2017 05:03:57,128,10.9,1515.430,324.94,3.64,53,112,565
04/23/2017 05:04:07,114,10.8,1512.730,325.45,3.64,52,113,565
04/23/2017 05:04:17,127,10.8,1509.990,325.34,3.64,52,112,565
04/23/2017 05:04:27,120,10.8,1507.370,325.41,3.64,52,113,565
04/23/2017 05:04:37,126,10.8,1504.710,325.78,3.64,53,111,565
04/23/2017 05:04:47,117,10.9,1502.040,324.92,3.65,53,113,565
04/23/2017 05:04:57,112,10.8,1499.330,325.71,3.65,53,114,565
04/23/2017 05:05:07,107,10.9,1496.690,325.72,3.65,52,112,565
04/23/2017 05:05:17,115,10.9,1494.000,326.78,3.65,53,113,565
04/23/2017 05:05:27,124,10.8,1491.370,325.72,3.64,54,113,565
04/23/2017 05:05:37,109,10.8,1488.550,326.53,3.64,53,114,565
04/23/2017 05:05:47,108,10.8,1486.020,326.18,3.64,53,113,565
04/23/2017 05:05:57,137,10.8,1483.290,326.91,3.64,53,112,565
04/23/2017 05:06:07,132,10.9,1480.510,327.69,3.64,53,112,565
04/23/2017 05:06:17,115,10.8,1477.870,327.01,3.64,53,111,565
04/23/2017 05:06:27,105,10.8,1475.200,326.90,3.64,52,112,565
04/23/2017 05:06:37,112,10.9,1472.590,327.39,3.64,53,111,565
04/23/2017 05:06:47,135,10.8,1469.850,326.54,3.64,54,113,565
04/23/2017 05:06:57,131,10.9,1467.280,327.10,3.64,54,112,565
04/23/2017 05:07:07,126,10.9,1464.590,326.58,3.64,53,112,565
04/23/2017 05:07:17,116,10.8,1461.910,326.82,3.64,53,114,565
04/23/2017 05:07:27,126,10.8,1459.260,327.84,3.64,53,113,565
04/23/2017 05:07:37,119,10.8,1456.450,327.16,3.64,53,114,565
04/23/2017 05:07:47,114,10.8,1453.760,326.90,3.64,53,112,564
04/23/2017 05:07:57,138,10.8,1451.170,327.74,3.64,54,112,564
04/23/2017 05:08:07,134,10.8,1448.460,328.65,3.64,53,112,565
04/23/2017 05:08:17,120,10.8,1445.820,329.04,3.63,52,112,565
04/23/2017 05:08:27,117,10.9,1443.180,329.42,3.63,54,113,565
04/23/2017 05:08:37,117,10.8,1440.530,328.41,3.63,53,114,565
04/23/2017 05:08:47,122,10.8,1437.780,329.40,3.63,53,113,565
04/23/2017 05:08:57,129,10.8,1435.130,329.10,3.63,53,114,565
04/23/2017 05:09:07,133,10.8,1432.430,329.44,3.63,52,113,565
04/23/2017 05:09:17,115,10.8,1429.810,330.54,3.63,52,113,565
04/23/2017 05:09:27,118,10.9,1427.070,330.07,3.63,52,112,565
04/23/2017 05:09:37,110,10.9,1424.520,330.33,3.62,52,112,565
04/23/2017 05:09:47,116,10.9,1421.800,330.29,3.62,53,113,565
04/23/2017 05:09:57,112,10.9,1419.170,330.85,3.62,53,113,565
04/23/2017 05:10:07,121,10.8,1416.480,330.98,3.61,52,112,564
04/23/2017 05:10:17,157,10.8,1413.830,331.46,3.61,53,112,564
04/23/2017 05:10:27,128,10.9,1411.090,333.16,3.61,54,113,565
04/23/2017 05:10:37,115,10.8,1408.510,332.73,3.60,54,113,564
04/23/2017 05:10:47,116,10.9,1405.770,333.13,3.60,53,112,565
04/23/2017 05:10:57,115,10.8,1403.090,332.89,3.60,52,126,565
04/23/2017 05:11:07,123,10.8,1400.390,333.64,3.60,53,112,564
04/23/2017 05:11:17,115,10.8,1397.720,334.14,3.60,53,112,565
04/23/2017 05:11:27,135,10.8,1395.120,334.52,3.59,53,114,565
04/23/2017 05:11:37,123,10.8,1392.480,334.33,3.60,52,112,565
04/23/2017 05:11:47,142,10.8,1389.670,334.18,3.60,52,113,565
04/23/2017 05:11:57,124,10.8,1386.930,335.21,3.59,52,114,565
04/23/2017 05:12:07,112,10.8,1384.270,334.85,3.58,53,116,565
04/23/2017 05:12:17,118,10.9,1381.770,334.96,3.58,53,114,565
04/23/2017 05:12:27,134,10.9,1379.060,336.50,3.57,51,113,565
04/23/2017 05:12:37,135,10.8,1376.360,336.31,3.57,53,112,564
04/23/2017 05:12:47,125,10.8,1373.610,336.58,3.57,53,113,565
04/23/2017 05:12:57,126,10.8,1370.990,336.61,3.57,52,113,565
04/23/2017 05:13:07,136,10.8,1368.240,336.74,3.57,52,112,564
04/23/2017 05:13:17,118,10.9,1365.560,336.79,3.56,53,114,565
04/23/2017 05:13:27,139,10.9,1362.910,337.37,3.56,53,113,565
04/23/2017 05:13:37,116,10.8,1360.320,337.93,3.56,53,112,565
04/23/2017 05:13:47,111,10.9,1357.520,337.40,3.57,52,113,565
04/23/2017 05:13:57,109,10.9,1354.910,336.47,3.57,52,112,564
04/23/2017 05:14:07,131,10.9,1352.290,336.85,3.57,53,120,565
04/23/2017 05:14:17,135,10.8,1349.600,337.39,3.56,52,112,565
04/23/2017 05:14:27,138,10.8,1347.000,338.16,3.56,53,114,564
04/23/2017 05:14:37,125,10.8,1344.280,338.46,3.55,52,111,565
04/23/2017 05:14:47,118,10.8,1341.590,338.36,3.55,52,111,565
04/23/2017 05:14:57,146,10.8,1338.810,339.14,3.55,51,112,565
04/23/2017 05:15:07,105,10.9,1336.110,338.64,3.54,52,116,565
04/23/2017 05:15:17,116,10.9,1333.500,339.44,3.54,53,112,564
04/23/2017 05:15:27,139,10.8,1330.790,339.11,3.54,54,112,565
04/23/2017 05:15:37,135,10.8,1328.170,339.82,3.53,52,113,565
04/23/2017 05:15:47,126,10.8,1325.480,339.97,3.52,52,116,565
04/23/2017 05:15:57,139,10.8,1322.760,341.09,3.52,52,113,565
04/23/2017 05:16:07,118,10.8,1320.180,341.79,3.51,53,113,565
04/23/2017 05:16:17,118,10.8,1317.570,342.16,3.50,52,112,565
04/23/2017 05:16:27,121,10.8,1314.740,343.21,3.49,53,113,565
04/23/2017 05:16:37,139,10.9,1312.210,343.81,3.49,53,112,565
04/23/2017 05:16:47,118,10.9,1309.410,343.38,3.49,53,114,565
04/23/2017 05:16:57,123,10.8,1306.840,344.17,3.49,53,112,565
04/23/2017 05:17:07,121,10.8,1304.110,343.84,3.48,52,112,564
04/23/2017 05:17:17,127,10.9,1301.440,345.71,3.47,51,113,565
04/23/2017 05:17:27,130,10.8,1298.880,346.18,3.45,53,114,565
04/23/2017 05:17:37,128,10.9,1296.120,346.68,3.45,52,113,564
04/23/2017 05:17:47,137,10.9,1293.400,347.35,3.44,52,113,564
04/23/2017 05:17:57,134,10.8,1290.830,347.51,3.44,52,113,565
04/23/2017 05:18:07,135,10.9,1288.150,348.07,3.44,53,113,565
04/23/2017 05:18:17,113,10.8,1285.540,347.99,3.43,52,113,565
04/23/2017 05:18:27,118,10.8,1282.880,348.48,3.43,51,112,565
04/23/2017 05:18:37,138,10.8,1280.210,349.39,3.43,52,113,565
04/23/2017 05:18:47,123,10.8,1277.420,349.68,3.43,51,111,565
04/23/2017 05:18:57,138,10.8,1274.900,350.54,3.42,53,113,565
04/23/2017 05:19:07,120,10.8,1272.220,350.15,3.42,53,112,565
04/23/2017 05:19:17,132,10.8,1269.560,350.75,3.42,53,113,565
04/23/2017 05:19:27,135,10.8,1266.730,350.76,3.42,52,113,565
04/23/2017 05:19:37,128,10.8,1264.130,350.13,3.42,52,110,565
04/23/2017 05:19:47,139,10.8,1261.500,350.56,3.42,52,111,565
04/23/2017 05:19:57,123,10.8,1258.790,351.52,3.42,53,113,565
04/23/2017 05:20:07,126,10.8,1256.130,351.82,3.42,52,113,565
04/23/2017 05:20:17,130,10.8,1253.470,351.42,3.42,52,112,565
04/23/2017 05:20:27,151,10.9,1250.830,351.50,3.42,51,113,565
04/23/2017 05:20:37,131,10.8,1248.210,351.26,3.42,52,113,565
04/23/2017 05:20:47,124,10.9,1245.440,351.65,3.41,52,112,565
04/23/2017 05:20:57,131,10.8,1242.920,351.97,3.41,53,114,565
04/23/2017 05:21:07,122,10.8,1240.220,351.53,3.42,53,116,565
04/23/2017 05:21:17,123,10.8,1237.580,351.66,3.42,52,112,565
04/23/2017 05:21:27,120,10.9,1234.880,351.77,3.42,52,113,565
04/23/2017 05:21:37,129,10.9,1232.260,351.95,3.42,53,112,565
04/23/2017 05:21:47,116,10.8,1229.610,352.28,3.42,53,111,565
04/23/2017 05:21:57,123,10.8,1226.960,352.36,3.42,51,113,565
04/23/2017 05:22:07,137,10.8,1224.210,352.77,3.42,52,112,565
04/23/2017 05:22:17,119,10.9,1221.550,352.02,3.42,52,113,565
04/23/2017 05:22:27,121,10.8,1218.780,352.32,3.42,53,111,565
04/23/2017 05:22:37,118,10.9,1216.140,352.54,3.42,52,113,565
04/23/2017 05:22:47,136,10.8,1213.490,353.31,3.42,52,112,565
04/23/2017 05:22:57,152,10.8,1210.940,352.40,3.42,52,114,565
04/23/2017 05:23:07,134,10.8,1208.250,353.74,3.42,54,111,565
04/23/2017 05:23:17,131,10.9,1205.470,351.96,3.42,52,112,565
04/23/2017 05:23:27,116,10.8,1202.930,352.70,3.42,51,113,565
04/23/2017 05:23:37,123,10.9,1200.230,353.44,3.42,53,112,565
04/23/2017 05:23:47,119,10.9,1197.520,353.25,3.42,52,113,565
04/23/2017 05:23:57,151,10.9,1194.910,353.66,3.42,52,111,565
04/23/2017 05:24:07,137,10.8,1192.160,353.16,3.42,53,114,565
04/23/2017 05:24:17,125,10.9,1189.560,353.23,3.42,53,111,565
04/23/2017 05:24:27,121,10.8,1186.980,353.82,3.42,53,114,565
04/23/2017 05:24:37,126,10.9,1184.160,353.37,3.42,52,112,565
04/23/2017 05:24:47,146,10.8,1181.620,353.42,3.43,53,111,565
04/23/2017 05:24:57,142,10.8,1178.940,353.23,3.43,53,112,564
04/23/2017 05:25:07,127,10.8,1176.120,353.40,3.43,52,112,565
04/23/2017 05:25:17,129,10.9,1173.550,352.95,3.43,52,113,565
04/23/2017 05:25:27,138,10.9,1170.930,353.56,3.43,52,114,565
04/23/2017 05:25:37,115,10.8,1168.230,353.50,3.43,51,112,564
04/23/2017 05:25:47,122,10.9,1165.540,353.18,3.43,52,112,565
04/23/2017 05:25:57,116,10.9,1163.000,353.86,3.43,52,113,565
04/23/2017 05:26:07,129,10.8,1160.290,353.55,3.43,53,112,565
04/23/2017 05:26:17,153,10.9,1157.510,353.89,3.43,52,112,565
04/23/2017 05:26:27,142,10.8,1154.930,353.49,3.44,53,112,565
04/23/2017 05:26:37,144,10.9,1152.300,353.85,3.44,52,114,565
04/23/2017 05:26:47,133,10.8,1149.610,353.77,3.44,53,113,565
04/23/2017 05:26:57,123,10.8,1146.950,353.96,3.44,52,114,565
04/23/2017 05:27:07,136,10.8,1144.270,354.04,3.44,52,112,565
04/23/2017 05:27:17,139,10.8,1141.700,353.79,3.44,53,113,565
04/23/2017 05:27:27,141,10.9,1139.010,354.06,3.44,51,113,565
04/23/2017 05:27:37,139,10.8,1136.230,354.05,3.44,53,112,565
04/23/2017 05:27:47,116,10.9,1133.600,354.10,3.44,52,113,565
04/23/2017 05:27:57,124,10.8,1131.040,354.11,3.44,53,114,565
04/23/2017 05:28:07,144,10.9,1128.310,354.55,3.44,52,114,565
04/23/2017 05:28:17,118,10.8,1125.640,354.29,3.44,53,113,565
04/23/2017 05:28:27,149,10.8,1122.990,354.25,3.44,52,113,565
04/23/2017 05:28:37,129,10.8,1120.300,354.33,3.44,53,113,564
04/23/2017 05:28:47,148,10.8,1117.770,353.35,3.45,52,112,565
04/23/2017 05:28:57,125,10.8,1114.960,354.57,3.45,53,112,565
04/23/2017 05:29:07,135,10.8,1112.360,355.00,3.45,53,112,565
04/23/2017 05:29:17,130,10.8,1109.740,354.92,3.45,52,112,565
04/23/2017 05:29:27,144,10.9,1107.010,355.16,3.45,53,110,565
04/23/2017 05:29:37,132,10.9,1104.500,353.87,3.45,53,112,565
04/23/2017 05:29:47,133,10.8,1101.690,354.89,3.45,51,113,565
04/23/2017 05:29:57,130,10.9,1099.160,354.78,3.46,53,111,565
04/23/2017 05:30:07,144,10.8,1096.130,354.81,3.45,52,113,565
04/23/2017 05:30:17,135,10.9,1093.810,355.28,3.46,55,112,565
04/23/2017 05:30:27,143,10.9,1091.210,354.71,3.46,52,113,565
04/23/2017 05:30:37,101,10.9,1088.580,355.39,3.46,53,117,565
04/23/2017 05:30:47,122,10.8,1085.600,355.03,3.46,52,112,565
04/23/2017 05:30:57,140,10.8,1083.150,355.42,3.46,52,112,565
04/23/2017 05:31:07,142,10.8,1080.450,354.84,3.46,52,112,565
04/23/2017 05:31:17,135,10.8,1077.880,354.83,3.46,52,111,565
04/23/2017 05:31:27,120,10.9,1074.930,355.32,3.46,53,112,565
04/23/2017 05:31:37,140,10.8,1072.610,356.00,3.46,52,111,565
04/23/2017 05:31:47,120,10.8,1069.970,355.76,3.46,53,112,565
04/23/2017 05:31:57,136,10.8,1067.220,355.76,3.47,51,112,565
04/23/2017 05:32:07,130,10.9,1064.610,354.55,3.47,53,112,565
04/23/2017 05:32:17,119,10.8,1061.950,354.57,3.47,53,112,565
04/23/2017 05:32:27,150,10.8,1059.280,355.13,3.47,52,113,565
04/23/2017 05:32:37,120,10.8,1056.620,355.19,3.47,53,113,565
04/23/2017 05:32:47,143,10.8,1053.920,354.56,3.47,53,114,565
04/23/2017 05:32:57,136,10.8,1051.370,354.97,3.47,51,114,565
04/23/2017 05:33:07,133,10.8,1048.570,355.79,3.47,53,113,565
04/23/2017 05:33:17,136,10.9,1045.850,355.47,3.48,53,114,565
04/23/2017 05:33:27,127,10.8,1043.340,355.41,3.48,53,113,565
04/23/2017 05:33:37,152,10.8,1040.740,355.80,3.48,52,113,565
04/23/2017 05:33:47,145,10.8,1038.120,355.70,3.48,51,114,565
04/23/2017 05:33:57,150,10.9,1035.110,355.58,3.48,52,111,565
04/23/2017 05:34:07,137,10.8,1032.810,355.41,3.48,53,112,565
04/23/2017 05:34:17,126,10.8,1030.120,355.94,3.48,52,111,565
04/23/2017 05:34:27,120,10.8,1027.470,355.65,3.48,52,113,565
04/23/2017 05:34:37,136,10.8,1024.560,356.08,3.48,54,113,565
04/23/2017 05:34:47,134,10.8,1022.080,355.73,3.48,52,112,565
04/23/2017 05:34:57,143,10.8,1019.280,356.45,3.48,52,112,565
04/23/2017 05:35:07,129,10.9,1016.790,355.99,3.48,52,113,565
04/23/2017 05:35:17,136,10.8,1013.950,356.49,3.48,52,114,565
04/23/2017 05:35:27,119,10.8,1011.300,356.33,3.49,52,112,565
04/23/2017 05:35:37,142,10.8,1008.580,355.46,3.49,52,113,565
04/23/2017 05:35:47,135,10.8,1005.960,356.14,3.49,51,112,565
04/23/2017 05:35:57,133,10.9,1003.350,355.98,3.49,53,114,565
04/23/2017 05:36:07,137,10.8,1000.660,355.80,3.49,52,111,565
04/23/2017 05:36:17,143,10.8,998.000,355.86,3.49,53,111,565
04/23/2017 05:36:27,137,10.8,995.430,356.19,3.49,52,112,565
04/23/2017 05:36:37,145,10.8,992.740,356.40,3.49,52,113,565
04/23/2017 05:36:47,137,10.8,990.000,356.80,3.49,53,112,565
04/23/2017 05:36:57,136,10.8,987.600,355.59,3.49,52,113,565
04/23/2017 05:37:07,151,10.8,984.710,356.14,3.49,52,111,565
04/23/2017 05:37:17,142,10.8,982.160,355.79,3.49,51,112,565
04/23/2017 05:37:27,120,10.9,979.490,356.48,3.50,53,112,565
04/23/2017 05:37:37,142,10.8,976.760,356.25,3.50,52,111,565
04/23/2017 05:37:47,150,10.9,974.230,356.63,3.50,52,112,565
04/23/2017 05:37:57,134,10.8,971.690,356.01,3.50,53,114,565
04/23/2017 05:38:07,135,10.8,968.930,356.05,3.50,51,113,565
04/23/2017 05:38:17,150,10.8,966.190,356.52,3.50,52,111,565
04/23/2017 05:38:27,129,10.8,963.510,356.02,3.50,52,111,565
04/23/2017 05:38:37,124,10.8,960.910,356.87,3.50,51,112,565
04/23/2017 05:38:47,142,10.9,958.150,357.05,3.51,52,113,565
04/23/2017 05:38:57,148,10.8,955.970,357.14,3.51,52,112,565
04/23/2017 05:39:07,139,10.9,952.920,356.74,3.51,52,112,565
04/23/2017 05:39:17,139,10.8,950.340,356.78,3.51,52,233,565
04/23/2017 05:39:27,135,10.8,947.610,357.25,3.51,52,114,565
04/23/2017 05:39:37,159,10.8,945.030,356.02,3.51,52,112,565
04/23/2017 05:39:47,118,10.8,942.340,357.23,3.51,52,112,565
04/23/2017 05:39:57,107,10.9,939.740,357.11,3.52,52,114,565
04/23/2017 05:40:07,142,10.9,937.060,356.76,3.52,54,113,565
04/23/2017 05:40:17,124,10.9,934.370,357.46,3.52,51,113,565
04/23/2017 05:40:27,116,10.8,931.770,357.23,3.52,53,112,564
04/23/2017 05:40:37,137,10.9,929.110,357.23,3.52,52,113,565
04/23/2017 05:40:47,109,10.8,926.480,357.78,3.52,53,113,565
04/23/2017 05:40:57,140,10.8,923.740,357.57,3.52,51,111,565
04/23/2017 05:41:07,165,10.8,921.130,357.58,3.52,50,114,565
04/23/2017 05:41:17,126,10.8,918.480,358.42,3.52,53,112,565
04/23/2017 05:41:27,145,10.8,915.740,357.58,3.52,54,116,565
04/23/2017 05:41:37,164,10.8,913.180,358.42,3.52,52,113,565
04/23/2017 05:41:47,152,10.8,910.530,358.15,3.52,52,116,565
04/23/2017 05:41:57,134,10.9,907.750,358.16,3.53,53,113,565
04/23/2017 05:42:07,144,10.8,905.130,358.49,3.53,53,114,565
04/23/2017 05:42:17,130,10.8,902.600,357.70,3.53,53,112,565
04/23/2017 05:42:27,146,10.9,899.930,357.71,3.53,51,112,565
04/23/2017 05:42:37,124,10.9,897.230,358.82,3.53,52,113,565
04/23/2017 05:42:47,144,10.8,894.620,359.56,3.53,52,113,565
04/23/2017 05:42:57,142,10.8,891.990,359.07,3.53,54,114,565
04/23/2017 05:43:07,139,10.8,889.290,358.40,3.53,53,119,565
04/23/2017 05:43:17,153,10.8,886.560,359.69,3.54,54,113,565
04/23/2017 05:43:27,139,10.8,883.900,359.37,3.54,53,113,565
04/23/2017 05:43:37,120,10.9,881.300,359.33,3.54,52,113,565
04/23/2017 05:43:47,138,10.8,878.680,359.34,3.54,53,114,565
04/23/2017 05:43:57,123,10.8,876.000,360.43,3.55,54,112,565
04/23/2017 05:44:07,156,10.8,873.310,359.61,3.55,53,114,565
04/23/2017 05:44:17,134,10.8,870.670,359.87,3.55,53,116,565
04/23/2017 05:44:27,129,10.9,868.030,359.96,3.55,53,113,565
04/23/2017 05:44:37,156,10.9,865.380,360.09,3.55,53,112,565
04/23/2017 05:44:47,142,10.8,862.680,359.54,3.55,53,114,565
04/23/2017 05:44:57,137,10.8,860.060,359.90,3.55,53,114,565
04/23/2017 05:45:07,125,10.8,857.400,360.91,3.56,53,115,565
04/23/2017 05:45:17,126,10.8,854.840,360.78,3.56,53,114,565
04/23/2017 05:45:27,150,10.8,852.250,361.50,3.57,53,114,565
04/23/2017 05:45:37,151,10.9,849.580,360.93,3.57,53,116,565
04/23/2017 05:45:47,131,10.8,846.840,361.04,3.57,54,116,565
04/23/2017 05:45:57,142,10.8,844.260,362.52,3.58,53,118,565
04/23/2017 05:46:07,139,10.8,841.670,362.77,3.58,55,117,565
04/23/2017 05:46:17,136,10.8,838.890,363.01,3.58,54,115,565
04/23/2017 05:46:27,148,10.9,836.250,362.66,3.58,54,114,565
04/23/2017 05:46:37,155,10.8,833.680,362.04,3.58,54,115,565
04/23/2017 05:46:47,144,10.8,831.000,363.04,3.58,55,128,565
04/23/2017 05:46:57,142,10.8,828.360,363.86,3.58,56,116,565
04/23/2017 05:47:07,114,10.8,825.830,363.69,3.58,55,114,565
04/23/2017 05:47:17,129,10.8,823.000,364.38,3.58,54,116,565
04/23/2017 05:47:27,138,10.8,820.360,364.49,3.58,54,115,565
04/23/2017 05:47:37,135,10.8,817.770,364.83,3.58,55,116,565
04/23/2017 05:47:47,150,10.8,815.090,365.04,3.58,56,117,565
04/23/2017 05:47:57,143,10.8,812.590,364.65,3.59,56,118,565
04/23/2017 05:48:07,132,10.8,809.830,365.58,3.59,57,117,565
04/23/2017 05:48:17,152,10.8,807.200,364.98,3.59,57,118,565
04/23/2017 05:48:27,127,10.8,804.530,366.43,3.59,57,120,565
04/23/2017 05:48:37,147,10.8,801.830,366.78,3.59,56,118,565
04/23/2017 05:48:47,137,10.8,799.290,366.82,3.60,56,117,565
04/23/2017 05:48:57,135,10.8,796.660,366.66,3.60,57,118,565
04/23/2017 05:49:07,134,10.9,793.990,367.86,3.60,57,118,565
04/23/2017 05:49:17,133,10.9,791.380,366.71,3.60,56,120,565
04/23/2017 05:49:27,132,10.9,788.650,367.90,3.60,57,123,565
04/23/2017 05:49:37,124,10.8,785.950,368.26,3.60,58,118,565
04/23/2017 05:49:47,151,10.8,783.300,367.04,3.60,57,117,565
04/23/2017 05:49:57,159,10.8,780.790,368.70,3.60,59,116,565
04/23/2017 05:50:07,131,10.8,778.150,367.52,3.60,57,118,565
04/23/2017 05:50:17,149,10.8,775.530,367.78,3.60,56,118,565
04/23/2017 05:50:27,135,10.8,772.790,367.40,3.60,57,120,565
04/23/2017 05:50:37,122,10.8,770.260,368.13,3.60,57,117,564
04/23/2017 05:50:47,139,10.9,767.480,367.49,3.60,57,117,565
04/23/2017 05:50:57,149,10.8,764.920,368.00,3.60,57,120,565
04/23/2017 05:51:07,142,10.8,762.170,367.63,3.61,56,118,564
04/23/2017 05:51:17,142,10.9,759.580,366.88,3.61,59,117,565
04/23/2017 05:51:27,154,10.8,756.900,367.45,3.61,58,117,565
04/23/2017 05:51:37,139,10.9,754.310,367.92,3.61,59,117,565
04/23/2017 05:51:47,127,10.8,751.720,367.42,3.61,58,118,565
04/23/2017 05:51:57,128,10.8,749.050,367.39,3.61,57,117,565
04/23/2017 05:52:07,75,10.9,746.430,366.86,3.61,58,118,565
04/23/2017 05:52:17,117,10.9,743.720,367.19,3.61,58,117,565
04/23/2017 05:52:27,153,10.8,740.990,367.29,3.61,57,116,565
04/23/2017 05:52:37,141,10.8,738.370,367.89,3.61,59,118,565
04/23/2017 05:52:47,132,10.8,735.870,367.61,3.61,58,118,565
04/23/2017 05:52:57,133,10.9,733.220,367.41,3.61,58,119,565
04/23/2017 05:53:07,133,10.8,730.400,367.66,3.61,58,118,565
04/23/2017 05:53:17,139,10.8,727.880,367.17,3.61,57,118,565
04/23/2017 05:53:27,124,10.8,725.210,367.71,3.61,58,119,564
04/23/2017 05:53:37,136,10.9,722.490,367.82,3.61,57,120,565
04/23/2017 05:53:47,139,10.8,719.980,368.14,3.61,57,119,565
04/23/2017 05:53:57,171,10.8,717.240,368.32,3.61,56,116,565
04/23/2017 05:54:07,154,10.8,714.690,367.05,3.62,57,117,564
04/23/2017 05:54:17,132,10.8,711.950,366.84,3.62,57,116,565
04/23/2017 05:54:27,130,10.8,709.450,366.16,3.62,57,115,565
04/23/2017 05:54:37,128,10.8,706.830,364.57,3.62,56,116,565
04/23/2017 05:54:47,151,10.9,704.170,365.18,3.63,56,119,565
04/23/2017 05:54:57,124,10.9,701.390,364.62,3.63,56,117,565
04/23/2017 05:55:07,148,10.8,698.900,364.68,3.63,55,116,565
04/23/2017 05:55:17,132,10.8,696.080,364.79,3.63,57,115,565
04/23/2017 05:55:27,145,10.8,693.560,364.11,3.63,55,115,565
04/23/2017 05:55:37,152,10.8,690.890,364.77,3.63,56,115,564
04/23/2017 05:55:47,151,10.8,688.270,364.56,3.63,56,116,565
04/23/2017 05:55:57,147,10.8,685.560,364.03,3.63,56,116,565
04/23/2017 05:56:07,144,10.8,682.950,365.03,3.63,56,116,565
04/23/2017 05:56:17,132,10.9,680.460,363.26,3.63,56,121,565
04/23/2017 05:56:27,118,10.9,677.690,363.59,3.63,55,115,565
04/23/2017 05:56:37,149,10.8,675.090,363.58,3.63,54,115,564
04/23/2017 05:56:47,146,10.8,672.430,362.72,3.64,56,115,565
04/23/2017 05:56:57,166,10.8,669.730,363.65,3.64,56,117,565
04/23/2017 05:57:07,150,10.8,667.210,362.96,3.64,56,123,564
04/23/2017 05:57:17,148,10.8,664.550,363.87,3.64,54,116,565
04/23/2017 05:57:27,141,10.8,661.990,364.29,3.64,57,116,564
04/23/2017 05:57:37,152,10.8,659.400,364.11,3.65,57,139,565
04/23/2017 05:57:47,146,10.8,656.780,364.76,3.65,56,119,565
04/23/2017 05:57:57,152,10.8,653.980,364.67,3.65,56,117,564
04/23/2017 05:58:07,154,10.8,651.390,365.04,3.65,57,117,565
04/23/2017 05:58:17,164,10.8,648.690,364.27,3.65,57,116,565
04/23/2017 05:58:27,146,10.8,646.070,365.16,3.65,57,117,565
04/23/2017 05:58:37,141,10.8,643.500,364.78,3.65,56,117,565
04/23/2017 05:58:47,156,10.8,640.930,364.82,3.65,57,116,565
04/23/2017 05:58:57,159,10.8,638.170,364.19,3.65,56,116,564
04/23/2017 05:59:07,146,10.8,635.560,364.20,3.65,56,117,564
04/23/2017 05:59:17,135,10.8,632.910,364.61,3.66,56,116,565
04/23/2017 05:59:27,138,10.8,630.310,363.98,3.66,56,116,565
04/23/2017 05:59:37,146,10.8,627.670,363.67,3.66,55,123,564
04/23/2017 05:59:47,138,10.8,625.060,364.17,3.66,55,116,565
04/23/2017 05:59:57,158,10.8,622.470,363.68,3.66,55,115,565
04/23/2017 06:00:07,132,10.8,619.880,364.02,3.67,56,116,564
04/23/2017 06:00:17,155,10.9,617.110,363.20,3.67,55,115,565
04/23/2017 06:00:27,150,10.8,614.530,362.76,3.67,55,117,565
04/23/2017 06:00:37,151,10.8,612.020,363.11,3.68,56,117,565
04/23/2017 06:00:47,136,10.8,609.220,362.72,3.68,55,116,564
04/23/2017 06:00:57,151,10.8,606.670,362.25,3.68,54,115,564
04/23/2017 06:01:07,146,10.8,603.970,362.25,3.68,53,118,565
04/23/2017 06:01:17,173,10.8,601.370,362.09,3.68,55,115,565
04/23/2017 06:01:27,148,10.8,598.850,362.31,3.68,55,118,565
04/23/2017 06:01:37,157,10.8,596.180,362.36,3.68,54,115,564
04/23/2017 06:01:47,151,10.8,593.450,361.97,3.68,53,115,564
04/23/2017 06:01:57,159,10.8,590.950,362.27,3.68,54,119,565
04/23/2017 06:02:07,139,10.8,588.200,362.52,3.68,54,115,565
04/23/2017 06:02:17,155,10.8,585.690,362.05,3.69,54,116,565
04/23/2017 06:02:27,152,10.8,582.930,361.71,3.69,56,117,565
04/23/2017 06:02:37,137,10.8,580.340,362.77,3.69,54,116,565
04/23/2017 06:02:47,148,10.8,577.760,362.85,3.69,57,117,564
04/23/2017 06:02:57,150,10.8,575.180,364.19,3.69,56,117,565
04/23/2017 06:03:07,143,10.8,572.470,363.72,3.69,56,128,565
04/23/2017 06:03:17,165,10.8,569.790,363.89,3.69,55,118,564
04/23/2017 06:03:27,153,10.8,567.260,364.01,3.69,57,116,565
04/23/2017 06:03:37,158,10.8,564.510,365.25,3.69,57,119,565
04/23/2017 06:03:47,148,10.8,561.930,366.66,3.70,57,120,565
04/23/2017 06:03:57,155,10.8,559.400,365.92,3.70,58,118,565
04/23/2017 06:04:07,138,10.8,556.600,367.72,3.71,58,118,564
04/23/2017 06:04:17,145,10.8,553.990,367.75,3.71,60,119,564
04/23/2017 06:04:27,133,10.8,551.440,366.58,3.72,59,119,564
04/23/2017 06:04:37,145,10.8,548.790,367.34,3.72,59,118,565
04/23/2017 06:04:47,147,10.8,546.090,368.08,3.72,57,119,564
04/23/2017 06:04:57,158,10.8,543.520,367.64,3.72,59,121,564
04/23/2017 06:05:07,154,10.8,540.970,367.56,3.72,60,118,565
04/23/2017 06:05:17,158,10.8,538.320,368.85,3.72,59,120,564
04/23/2017 06:05:27,141,10.8,535.630,367.94,3.72,59,121,564
04/23/2017 06:05:37,151,10.8,532.980,368.28,3.72,59,119,564
04/23/2017 06:05:47,151,10.8,530.420,367.90,3.72,59,119,564
04/23/2017 06:05:57,163,10.8,527.880,367.99,3.72,59,119,565
04/23/2017 06:06:07,144,10.8,525.160,367.99,3.73,60,119,564
04/23/2017 06:06:17,137,10.8,522.480,367.24,3.73,60,119,564
04/23/2017 06:06:27,141,10.8,519.990,368.10,3.73,60,120,564
04/23/2017 06:06:37,147,10.8,517.360,368.35,3.73,58,119,564
04/23/2017 06:06:47,159,10.8,514.720,368.16,3.73,59,120,565
04/23/2017 06:06:57,162,10.8,511.990,368.03,3.74,60,119,564
04/23/2017 06:07:07,159,10.8,509.340,368.41,3.74,59,119,565
04/23/2017 06:07:17,157,10.8,506.720,368.84,3.74,59,118,565
04/23/2017 06:07:27,160,10.8,504.070,369.27,3.74,59,124,565
04/23/2017 06:07:37,150,10.8,501.580,368.25,3.74,59,120,565
04/23/2017 06:07:47,169,10.8,498.980,368.54,3.74,61,120,564
04/23/2017 06:07:57,162,10.8,496.410,368.12,3.75,60,119,565
04/23/2017 06:08:07,152,10.8,493.730,369.16,3.75,59,120,564
04/23/2017 06:08:17,162,10.8,491.060,369.29,3.75,61,120,564
04/23/2017 06:08:27,142,10.8,488.460,369.99,3.75,61,118,564
04/23/2017 06:08:37,152,10.8,485.850,368.98,3.75,61,125,564
04/23/2017 06:08:47,153,10.8,483.300,370.53,3.76,60,121,565
04/23/2017 06:08:57,162,10.8,480.540,370.62,3.77,62,120,564
04/23/2017 06:09:07,163,10.8,478.030,369.57,3.77,63,124,564
04/23/2017 06:09:17,171,10.8,475.420,369.88,3.77,63,121,564
04/23/2017 06:09:27,163,10.8,472.700,370.21,3.78,62,121,564
04/23/2017 06:09:37,176,10.8,470.070,369.77,3.78,63,122,564
04/23/2017 06:09:47,166,10.8,467.450,369.73,3.78,61,120,564
04/23/2017 06:09:57,185,10.8,464.840,370.44,3.78,62,121,564
04/23/2017 06:10:07,169,10.8,462.290,369.94,3.78,62,123,564
04/23/2017 06:10:17,158,10.8,459.730,369.80,3.78,61,122,564
04/23/2017 06:10:27,154,10.8,457.110,369.92,3.78,63,122,564
04/23/2017 06:10:37,162,10.8,454.440,369.10,3.78,62,121,565
04/23/2017 06:10:47,144,10.8,451.850,370.08,3.78,63,120,564
04/23/2017 06:10:57,178,10.8,449.260,369.56,3.78,61,122,565
04/23/2017 06:11:07,162,10.8,446.580,369.81,3.79,62,121,564
04/23/2017 06:11:17,168,10.8,443.880,368.67,3.79,60,120,564
04/23/2017 06:11:27,162,10.8,441.380,369.31,3.79,62,121,564
04/23/2017 06:11:37,170,10.8,438.710,369.87,3.79,61,120,564
04/23/2017 06:11:47,166,10.8,436.050,369.70,3.79,62,122,564
04/23/2017 06:11:57,160,10.8,433.450,369.68,3.79,61,120,564
04/23/2017 06:12:07,161,10.8,430.910,368.49,3.80,61,121,564
04/23/2017 06:12:17,159,10.8,428.260,368.75,3.80,62,144,564
04/23/2017 06:12:27,144,10.8,425.660,369.41,3.80,61,122,564
04/23/2017 06:12:37,156,10.8,422.970,368.16,3.80,59,119,564
04/23/2017 06:12:47,151,10.8,420.290,366.97,3.81,59,119,565
04/23/2017 06:12:57,170,10.8,417.820,367.09,3.82,58,120,565
04/23/2017 06:13:07,145,10.8,415.140,366.16,3.83,59,125,564
04/23/2017 06:13:17,175,10.8,412.450,366.93,3.83,63,123,564
04/23/2017 06:13:27,172,10.8,409.920,367.76,3.84,63,121,564
04/23/2017 06:13:37,163,10.8,407.330,368.86,3.84,62,121,564
04/23/2017 06:13:47,153,10.8,404.630,369.04,3.84,62,122,564
04/23/2017 06:13:57,149,10.8,402.150,368.66,3.84,62,123,564
04/23/2017 06:14:07,145,10.8,399.450,369.08,3.84,63,122,564
04/23/2017 06:14:17,169,10.8,396.830,368.41,3.85,61,123,565
04/23/2017 06:14:27,164,10.8,394.340,370.02,3.86,62,128,564
04/23/2017 06:14:37,174,10.8,391.550,369.93,3.86,61,122,564
04/23/2017 06:14:47,166,10.8,388.990,370.47,3.87,62,122,564
04/23/2017 06:14:57,164,10.8,386.450,370.37,3.87,64,123,564
04/23/2017 06:15:07,189,10.8,383.800,370.78,3.87,64,123,564
04/23/2017 06:15:17,172,10.8,381.150,370.12,3.88,63,122,564
04/23/2017 06:15:27,186,10.8,378.520,370.31,3.88,61,121,564
04/23/2017 06:15:37,171,10.8,375.890,370.34,3.89,62,122,564
04/23/2017 06:15:47,169,10.8,373.320,370.20,3.89,61,122,564
04/23/2017 06:15:57,161,10.8,370.780,370.75,3.89,62,120,564
04/23/2017 06:16:07,160,10.8,368.150,370.00,3.90,64,122,564
04/23/2017 06:16:17,166,10.8,365.610,370.97,3.90,63,137,564
04/23/2017 06:16:27,180,10.8,362.970,370.51,3.90,64,124,564
04/23/2017 06:16:37,162,10.8,360.380,371.58,3.91,65,123,564
04/23/2017 06:16:47,174,10.8,357.660,371.42,3.91,65,125,564
04/23/2017 06:16:57,164,10.8,355.160,371.92,3.91,66,121,564
04/23/2017 06:17:07,170,10.8,352.550,371.92,3.91,65,124,564
04/23/2017 06:17:17,164,10.8,349.850,370.91,3.91,65,140,564
04/23/2017 06:17:27,181,10.8,347.340,372.07,3.91,66,124,564
04/23/2017 06:17:37,165,10.8,344.670,372.47,3.92,66,125,564
04/23/2017 06:17:47,156,10.8,342.080,372.97,3.92,68,124,564
04/23/2017 06:17:57,163,10.8,339.530,371.71,3.94,68,126,564
04/23/2017 06:18:07,162,10.8,337.020,372.80,3.94,69,125,564
04/23/2017 06:18:17,183,10.8,334.320,372.60,3.96,66,128,564
04/23/2017 06:18:27,167,10.8,331.760,371.42,3.96,66,126,564
04/23/2017 06:18:37,171,10.8,329.080,372.10,3.96,67,125,564
04/23/2017 06:18:47,163,10.8,326.490,370.53,3.96,67,125,564
04/23/2017 06:18:57,193,10.8,323.960,371.35,3.96,66,124,564
04/23/2017 06:19:07,192,10.8,321.250,371.13,3.97,66,125,564
04/23/2017 06:19:17,164,10.8,318.620,371.76,3.97,67,126,564
04/23/2017 06:19:27,151,10.8,316.140,371.98,3.97,68,126,564
04/23/2017 06:19:37,168,10.8,313.460,372.27,3.97,69,128,564
04/23/2017 06:19:47,191,10.8,310.880,372.35,3.97,69,126,564
04/23/2017 06:19:57,169,10.8,308.360,371.89,3.97,70,127,564
04/23/2017 06:20:07,152,10.8,305.720,372.47,3.97,69,129,564
04/23/2017 06:20:17,167,10.8,303.050,372.76,3.97,71,136,564
04/23/2017 06:20:27,173,10.8,300.490,372.88,3.97,71,126,564
04/23/2017 06:20:37,179,10.8,297.920,372.09,3.97,71,126,564
04/23/2017 06:20:47,186,10.8,295.310,372.56,3.97,71,130,564
04/23/2017 06:20:57,161,10.8,292.740,373.86,3.97,72,127,564
04/23/2017 06:21:07,155,10.8,290.210,373.67,3.97,69,127,564
04/23/2017 06:21:17,151,10.8,287.510,374.04,3.98,69,128,564
04/23/2017 06:21:27,169,10.8,284.830,373.28,3.98,70,126,564
04/23/2017 06:21:37,184,10.8,282.260,372.84,3.98,70,127,564
04/23/2017 06:21:47,164,10.8,279.750,372.76,3.99,73,129,564
04/23/2017 06:21:57,161,10.8,277.110,372.74,3.99,71,128,564
04/23/2017 06:22:07,181,10.8,274.400,372.90,4.00,70,127,564
04/23/2017 06:22:17,165,10.8,271.760,372.86,4.00,71,128,564
04/23/2017 06:22:27,175,10.8,269.260,371.70,4.00,71,128,564
04/23/2017 06:22:37,164,10.8,266.730,371.91,4.01,70,126,564
04/23/2017 06:22:47,157,10.8,263.960,372.47,4.01,70,129,564
04/23/2017 06:22:57,160,10.8,261.560,370.92,4.01,70,126,564
04/23/2017 06:23:07,184,10.8,258.830,371.34,4.02,69,127,564
04/23/2017 06:23:17,159,10.8,256.180,370.72,4.02,68,126,564
04/23/2017 06:23:27,164,10.8,253.680,371.10,4.02,69,125,564
04/23/2017 06:23:37,172,10.8,250.980,370.42,4.03,67,127,564
04/23/2017 06:23:47,149,10.8,248.360,370.64,4.03,67,126,564
04/23/2017 06:23:57,160,10.8,245.700,369.77,4.04,66,125,564
04/23/2017 06:24:07,163,10.8,243.120,369.05,4.04,66,127,564
04/23/2017 06:24:17,151,10.8,240.530,369.70,4.04,66,128,564
04/23/2017 06:24:27,156,10.8,238.050,369.11,4.04,66,127,564
04/23/2017 06:24:37,181,10.8,235.440,369.38,4.04,66,127,564
04/23/2017 06:24:47,169,10.8,232.810,369.13,4.05,65,127,564
04/23/2017 06:24:57,156,10.8,230.220,369.15,4.05,67,128,564
04/23/2017 06:25:07,156,10.8,227.480,369.16,4.06,70,127,564
04/23/2017 06:25:17,160,10.8,224.900,369.34,4.08,71,131,564
04/23/2017 06:25:27,184,10.8,222.350,369.40,4.08,74,129,564
04/23/2017 06:25:37,158,10.8,219.690,369.84,4.10,77,130,564
04/23/2017 06:25:47,161,10.8,217.180,370.01,4.11,76,147,564
04/23/2017 06:25:57,170,10.8,214.530,369.93,4.11,78,130,564
04/23/2017 06:26:07,159,10.8,212.010,371.38,4.11,77,128,564
04/23/2017 06:26:17,150,10.8,209.270,370.94,4.11,79,135,564
04/23/2017 06:26:27,157,10.8,206.630,372.59,4.12,78,130,564
04/23/2017 06:26:37,157,10.8,204.110,370.83,4.12,80,129,564
04/23/2017 06:26:47,171,10.8,201.580,372.01,4.13,85,131,564
04/23/2017 06:26:57,177,10.8,198.890,372.83,4.14,87,132,564
04/23/2017 06:27:07,173,10.8,196.230,372.03,4.14,86,135,564
04/23/2017 06:27:17,172,10.8,193.670,373.02,4.14,87,133,564
04/23/2017 06:27:27,165,10.8,191.040,372.85,4.14,87,132,564
04/23/2017 06:27:37,165,10.8,188.460,372.92,4.14,88,133,564
04/23/2017 06:27:47,170,10.8,185.870,372.40,4.15,88,132,564
04/23/2017 06:27:57,189,10.8,183.320,373.81,4.15,90,136,564
04/23/2017 06:28:07,166,10.8,180.640,373.24,4.16,90,134,564
04/23/2017 06:28:17,432,10.6,179.920,373.69,4.16,105,139,564
04/23/2017 06:28:27,418,10.6,179.850,373.89,4.16,99,134,564
04/23/2017 06:28:37,414,10.5,179.810,374.14,4.16,102,138,564
04/23/2017 06:28:47,416,10.7,179.760,374.20,4.16,100,135,564
04/23/2017 06:28:57,377,10.6,179.870,374.58,4.16,101,135,564
04/23/2017 06:29:07,402,10.6,179.840,374.54,4.16,101,136,564
04/23/2017 06:29:17,424,10.4,179.850,374.57,4.17,100,136,564

 Ramp exit:    SMOOTH RUNNING
 Profile exit: TOP PRESSURE

 Vehicle motion stopped at 04/23/2017 06:29:22
 Sensor logging stopped at 04/23/2017 06:31:31
