
 Profile 341

 Sensors were turned on at  04/21/2017 12:00:02
 Vehicle began profiling at 04/21/2017 12:02:04

Date,[mA],[V],[dbar],Oxygen[uM],Optode Temp[C],Chl,NTU,Therm
04/21/2017 12:02:04,0,11.0,0.000,0.00,0.00,53,122,570
04/21/2017 12:02:14,159,10.8,0.000,0.00,0.00,53,120,569
04/21/2017 12:02:24,124,10.9,0.000,0.00,0.00,53,123,569
04/21/2017 12:02:37,159,10.8,2504.260,338.41,2.18,53,122,569
04/21/2017 12:02:47,75,11.0,2501.310,338.17,2.22,52,121,569
04/21/2017 12:02:57,66,11.0,2498.530,336.46,2.24,54,126,569
04/21/2017 12:03:07,69,11.0,2495.790,336.01,2.26,53,119,569
04/21/2017 12:03:17,73,11.0,2492.990,335.87,2.28,53,120,569
04/21/2017 12:03:27,73,11.0,2490.160,335.66,2.30,52,121,569
04/21/2017 12:03:37,71,11.0,2487.360,334.98,2.31,54,119,569
04/21/2017 12:03:47,69,11.0,2484.540,334.28,2.33,52,118,569
04/21/2017 12:03:57,73,10.9,2481.710,333.63,2.36,54,118,569
04/21/2017 12:04:07,75,11.0,2478.840,333.26,2.38,51,118,569
04/21/2017 12:04:17,79,10.9,2475.950,332.40,2.39,53,117,568
04/21/2017 12:04:27,72,10.9,2473.240,332.48,2.40,52,117,569
04/21/2017 12:04:37,78,11.0,2470.500,331.80,2.41,54,120,568
04/21/2017 12:04:47,73,10.9,2467.690,331.90,2.42,54,119,568
04/21/2017 12:04:57,70,11.0,2464.790,332.21,2.42,53,119,568
04/21/2017 12:05:07,74,10.9,2462.060,331.26,2.43,54,118,568
04/21/2017 12:05:17,76,10.9,2459.160,331.50,2.45,52,117,568
04/21/2017 12:05:27,70,10.9,2456.490,330.25,2.46,53,117,568
04/21/2017 12:05:37,85,10.9,2453.690,331.12,2.47,52,116,568
04/21/2017 12:05:47,71,10.9,2450.860,330.37,2.48,53,119,568
04/21/2017 12:05:57,77,10.9,2448.070,330.01,2.48,55,116,568
04/21/2017 12:06:07,85,10.9,2445.120,329.87,2.48,53,118,568
04/21/2017 12:06:17,72,10.9,2442.460,330.10,2.48,53,116,568
04/21/2017 12:06:27,66,10.9,2439.630,330.40,2.49,53,115,568
04/21/2017 12:06:37,70,10.9,2436.870,329.28,2.51,52,116,568
04/21/2017 12:06:47,69,10.9,2434.080,329.87,2.51,53,117,568
04/21/2017 12:06:57,71,10.9,2431.190,329.15,2.52,53,115,568
04/21/2017 12:07:07,70,10.9,2428.470,328.51,2.52,54,115,568
04/21/2017 12:07:17,75,10.9,2425.590,328.74,2.53,54,115,568
04/21/2017 12:07:27,74,10.9,2422.880,328.89,2.54,53,116,568
04/21/2017 12:07:37,70,10.9,2420.040,328.58,2.55,54,116,568
04/21/2017 12:07:47,65,10.9,2417.340,328.47,2.56,54,116,568
04/21/2017 12:07:57,75,10.9,2414.450,328.05,2.57,53,114,568
04/21/2017 12:08:07,72,10.9,2411.730,327.60,2.59,52,114,567
04/21/2017 12:08:17,80,10.9,2408.940,327.43,2.60,54,113,567
04/21/2017 12:08:27,83,10.9,2406.000,326.16,2.62,54,114,567
04/21/2017 12:08:37,64,10.9,2403.410,325.95,2.63,54,114,567
04/21/2017 12:08:47,80,10.9,2400.610,325.60,2.63,53,114,567
04/21/2017 12:08:57,74,10.9,2397.860,325.04,2.64,54,113,567
04/21/2017 12:09:07,74,10.8,2394.910,326.37,2.64,54,112,567
04/21/2017 12:09:17,73,10.9,2392.290,325.75,2.64,54,114,567
04/21/2017 12:09:27,72,10.9,2389.460,324.75,2.64,53,112,567
04/21/2017 12:09:37,78,10.8,2386.640,325.05,2.65,52,113,567
04/21/2017 12:09:47,73,10.9,2383.810,325.63,2.65,53,115,567
04/21/2017 12:09:57,86,10.9,2381.050,324.96,2.65,54,115,567
04/21/2017 12:10:07,82,10.9,2378.360,325.66,2.66,53,116,567
04/21/2017 12:10:17,76,10.9,2375.480,326.67,2.66,54,116,567
04/21/2017 12:10:27,65,10.9,2372.620,327.13,2.66,53,120,567
04/21/2017 12:10:37,85,10.8,2369.810,326.60,2.66,53,117,567
04/21/2017 12:10:47,86,10.8,2367.030,326.78,2.66,53,115,567
04/21/2017 12:10:57,77,10.9,2364.260,327.42,2.66,53,114,567
04/21/2017 12:11:07,65,10.9,2361.610,326.84,2.68,54,117,567
04/21/2017 12:11:17,72,10.9,2358.720,326.74,2.69,53,117,567
04/21/2017 12:11:27,74,10.9,2355.920,327.29,2.70,52,116,567
04/21/2017 12:11:37,77,10.9,2353.110,328.32,2.72,54,116,567
04/21/2017 12:11:47,87,10.9,2350.310,327.21,2.73,54,116,567
04/21/2017 12:11:57,81,10.9,2347.640,325.90,2.74,52,115,567
04/21/2017 12:12:07,70,10.9,2344.900,326.21,2.74,53,115,567
04/21/2017 12:12:17,71,10.9,2342.080,326.12,2.74,53,115,567
04/21/2017 12:12:27,77,10.9,2339.390,325.77,2.74,52,115,567
04/21/2017 12:12:37,87,10.8,2336.570,325.73,2.75,55,117,567
04/21/2017 12:12:47,77,10.9,2333.770,326.27,2.76,54,118,567
04/21/2017 12:12:57,78,10.9,2331.030,326.05,2.76,53,116,567
04/21/2017 12:13:07,78,10.9,2328.270,326.29,2.76,52,116,567
04/21/2017 12:13:17,68,10.9,2325.380,325.53,2.77,54,114,567
04/21/2017 12:13:27,77,10.9,2322.630,326.39,2.77,54,116,567
04/21/2017 12:13:37,80,10.9,2319.830,325.96,2.78,53,112,567
04/21/2017 12:13:47,73,10.9,2317.130,325.75,2.79,53,113,567
04/21/2017 12:13:57,76,10.9,2314.180,324.70,2.79,53,113,567
04/21/2017 12:14:07,80,10.8,2311.460,325.87,2.80,53,115,567
04/21/2017 12:14:17,78,10.9,2308.700,324.10,2.81,52,114,567
04/21/2017 12:14:27,71,10.9,2305.860,325.06,2.82,52,113,567
04/21/2017 12:14:37,72,10.9,2303.050,324.40,2.82,55,113,567
04/21/2017 12:14:47,75,10.9,2300.400,324.21,2.83,53,113,567
04/21/2017 12:14:57,86,10.9,2297.650,323.95,2.84,54,117,567
04/21/2017 12:15:07,73,10.9,2294.740,323.94,2.84,53,114,567
04/21/2017 12:15:17,87,10.9,2292.070,324.39,2.85,53,114,567
04/21/2017 12:15:27,77,10.9,2289.240,323.92,2.85,53,113,566
04/21/2017 12:15:37,78,10.9,2286.430,324.13,2.85,53,113,567
04/21/2017 12:15:47,85,10.8,2283.620,323.61,2.86,53,114,567
04/21/2017 12:15:57,79,10.9,2281.000,324.04,2.86,53,113,567
04/21/2017 12:16:07,78,10.8,2278.240,324.11,2.86,53,114,567
04/21/2017 12:16:17,74,10.8,2275.420,323.74,2.87,54,114,566
04/21/2017 12:16:27,74,10.9,2272.580,324.47,2.87,53,112,566
04/21/2017 12:16:37,84,10.9,2269.770,323.80,2.87,53,121,566
04/21/2017 12:16:47,79,10.9,2267.080,322.88,2.87,54,113,566
04/21/2017 12:16:57,85,10.8,2264.360,324.04,2.87,52,113,566
04/21/2017 12:17:07,85,10.9,2261.450,324.06,2.88,54,116,566
04/21/2017 12:17:17,85,10.9,2258.730,324.49,2.88,54,116,566
04/21/2017 12:17:27,89,10.9,2256.050,324.07,2.88,52,114,566
04/21/2017 12:17:37,84,10.9,2253.290,324.90,2.89,54,117,566
04/21/2017 12:17:47,84,10.9,2250.500,325.44,2.89,53,115,566
04/21/2017 12:17:57,71,10.9,2247.630,324.45,2.90,52,114,566
04/21/2017 12:18:07,72,10.9,2244.970,323.22,2.91,54,116,566
04/21/2017 12:18:17,76,10.9,2242.150,324.48,2.92,54,115,566
04/21/2017 12:18:27,91,10.8,2239.340,325.04,2.92,53,114,566
04/21/2017 12:18:37,82,10.9,2236.730,324.09,2.93,52,115,566
04/21/2017 12:18:47,88,10.9,2233.800,324.27,2.94,54,111,566
04/21/2017 12:18:57,73,10.9,2231.100,324.02,2.95,53,116,566
04/21/2017 12:19:07,83,10.9,2228.400,323.26,2.95,54,114,566
04/21/2017 12:19:17,80,10.9,2225.590,322.94,2.95,53,114,566
04/21/2017 12:19:27,90,10.9,2222.870,323.11,2.95,54,113,566
04/21/2017 12:19:37,93,10.9,2220.130,322.78,2.96,53,113,566
04/21/2017 12:19:47,91,10.9,2217.320,322.89,2.96,52,114,566
04/21/2017 12:19:57,82,10.9,2214.540,321.77,2.97,53,112,566
04/21/2017 12:20:07,81,10.9,2211.760,322.51,2.97,53,113,566
04/21/2017 12:20:17,80,10.9,2208.970,322.85,2.98,51,113,566
04/21/2017 12:20:27,86,10.9,2206.240,322.15,2.98,54,114,566
04/21/2017 12:20:37,83,10.9,2203.400,322.58,2.98,54,123,566
04/21/2017 12:20:47,74,10.9,2200.690,322.88,2.98,54,116,566
04/21/2017 12:20:57,77,10.9,2197.960,322.90,2.98,53,115,566
04/21/2017 12:21:07,70,10.9,2195.010,323.57,2.98,54,115,566
04/21/2017 12:21:17,88,10.9,2192.430,323.86,2.98,53,113,566
04/21/2017 12:21:27,89,10.9,2189.570,324.20,2.98,53,116,566
04/21/2017 12:21:37,83,10.9,2186.800,323.89,2.98,54,115,566
04/21/2017 12:21:47,71,10.9,2184.010,324.61,2.98,52,116,566
04/21/2017 12:21:57,75,10.9,2181.230,324.47,2.98,53,116,566
04/21/2017 12:22:07,82,10.9,2178.390,325.16,2.98,53,116,566
04/21/2017 12:22:17,81,10.9,2175.660,324.48,2.98,52,116,566
04/21/2017 12:22:27,86,10.9,2172.960,325.66,2.98,52,118,566
04/21/2017 12:22:37,82,10.9,2170.220,325.61,2.98,53,116,566
04/21/2017 12:22:47,89,10.9,2167.500,325.33,2.99,54,115,566
04/21/2017 12:22:57,89,10.8,2164.640,325.76,3.01,54,114,566
04/21/2017 12:23:07,95,10.9,2161.960,325.32,3.02,53,113,566
04/21/2017 12:23:17,82,10.9,2159.220,324.60,3.03,53,113,566
04/21/2017 12:23:27,93,10.9,2156.500,324.83,3.03,52,115,566
04/21/2017 12:23:37,89,10.9,2153.600,324.14,3.03,52,116,566
04/21/2017 12:23:47,86,10.9,2150.910,324.44,3.03,53,117,566
04/21/2017 12:23:57,86,10.9,2148.140,324.99,3.04,54,115,566
04/21/2017 12:24:07,79,10.9,2145.330,324.27,3.04,54,113,566
04/21/2017 12:24:17,95,10.9,2142.630,324.26,3.04,53,114,566
04/21/2017 12:24:27,83,10.8,2139.850,323.54,3.04,53,113,566
04/21/2017 12:24:37,93,10.9,2137.050,323.58,3.05,53,114,566
04/21/2017 12:24:47,85,10.9,2134.250,324.04,3.05,54,113,566
04/21/2017 12:24:57,92,10.9,2131.520,324.25,3.05,53,115,566
04/21/2017 12:25:07,97,10.9,2128.920,323.74,3.05,53,112,566
04/21/2017 12:25:17,95,10.9,2126.090,322.19,3.06,53,113,566
04/21/2017 12:25:27,91,10.9,2123.290,322.55,3.07,53,113,566
04/21/2017 12:25:37,98,10.9,2120.600,322.65,3.07,53,111,566
04/21/2017 12:25:47,87,10.8,2117.890,322.07,3.07,53,114,566
04/21/2017 12:25:57,98,10.9,2115.160,322.24,3.07,54,115,566
04/21/2017 12:26:07,86,10.9,2112.290,322.73,3.07,55,116,566
04/21/2017 12:26:17,95,10.9,2109.560,322.20,3.07,53,115,566
04/21/2017 12:26:27,89,10.9,2106.930,323.77,3.07,51,115,566
04/21/2017 12:26:37,91,10.9,2104.120,323.52,3.08,53,115,566
04/21/2017 12:26:47,93,10.9,2101.280,322.94,3.08,53,115,566
04/21/2017 12:26:57,85,10.9,2098.590,324.01,3.08,52,116,566
04/21/2017 12:27:07,84,10.9,2095.800,324.93,3.08,52,114,566
04/21/2017 12:27:17,90,10.9,2093.110,324.39,3.08,53,115,566
04/21/2017 12:27:27,89,10.9,2090.420,324.59,3.08,52,114,566
04/21/2017 12:27:37,98,10.9,2087.650,324.53,3.09,54,113,566
04/21/2017 12:27:47,85,10.9,2084.840,323.52,3.10,55,111,566
04/21/2017 12:27:57,91,10.9,2082.170,322.56,3.11,53,110,566
04/21/2017 12:28:07,90,10.9,2079.400,321.85,3.11,52,109,566
04/21/2017 12:28:17,96,10.9,2076.700,322.39,3.11,53,109,566
04/21/2017 12:28:27,93,10.9,2073.850,321.76,3.11,52,110,566
04/21/2017 12:28:37,95,10.9,2071.080,321.51,3.12,53,110,566
04/21/2017 12:28:47,106,10.9,2068.400,321.60,3.12,52,111,566
04/21/2017 12:28:57,98,10.9,2065.680,321.28,3.12,53,110,566
04/21/2017 12:29:07,107,10.9,2062.910,321.09,3.12,53,111,566
04/21/2017 12:29:17,94,10.9,2060.230,320.81,3.12,53,110,566
04/21/2017 12:29:27,93,10.9,2057.480,322.09,3.12,54,111,566
04/21/2017 12:29:37,91,10.9,2054.750,321.20,3.12,54,111,566
04/21/2017 12:29:47,109,10.9,2051.940,321.94,3.13,52,110,566
04/21/2017 12:29:57,95,10.9,2049.150,320.75,3.13,53,110,566
04/21/2017 12:30:07,95,10.9,2046.430,321.64,3.13,54,110,566
04/21/2017 12:30:17,98,10.9,2043.760,321.28,3.13,55,108,566
04/21/2017 12:30:27,99,10.9,2040.940,322.22,3.13,54,109,566
04/21/2017 12:30:37,94,10.8,2038.200,321.01,3.14,53,110,566
04/21/2017 12:30:47,91,10.9,2035.550,321.56,3.14,54,109,566
04/21/2017 12:30:57,103,10.9,2032.840,321.18,3.14,53,110,566
04/21/2017 12:31:07,87,10.9,2030.030,320.98,3.14,54,109,566
04/21/2017 12:31:17,92,10.9,2027.310,321.82,3.14,52,109,566
04/21/2017 12:31:27,94,10.9,2024.430,321.15,3.14,53,109,566
04/21/2017 12:31:37,109,10.9,2021.820,322.86,3.15,53,110,566
04/21/2017 12:31:47,77,10.9,2019.050,321.71,3.16,53,110,566
04/21/2017 12:31:57,92,10.9,2016.180,321.40,3.16,52,110,566
04/21/2017 12:32:07,99,10.9,2013.610,321.90,3.16,53,110,566
04/21/2017 12:32:17,81,10.9,2010.830,321.91,3.16,52,111,566
04/21/2017 12:32:27,87,10.9,2008.110,321.92,3.16,53,114,566
04/21/2017 12:32:37,86,10.9,2005.290,321.65,3.16,52,112,566
04/21/2017 12:32:47,86,10.9,2002.600,322.00,3.17,52,111,566
04/21/2017 12:32:57,85,10.9,1999.720,321.87,3.17,54,112,566
04/21/2017 12:33:07,84,10.9,1997.070,321.48,3.17,55,111,566
04/21/2017 12:33:17,97,10.9,1994.380,321.79,3.17,53,112,566
04/21/2017 12:33:27,85,10.9,1991.690,322.36,3.18,53,111,565
04/21/2017 12:33:37,108,10.8,1988.760,322.50,3.18,54,111,566
04/21/2017 12:33:47,96,10.9,1986.060,322.09,3.19,53,111,565
04/21/2017 12:33:57,90,10.9,1983.350,322.47,3.19,53,118,565
04/21/2017 12:34:07,97,10.9,1980.630,321.67,3.19,54,110,566
04/21/2017 12:34:17,95,10.9,1977.780,321.59,3.20,52,111,566
04/21/2017 12:34:27,96,10.9,1975.170,321.97,3.20,53,111,565
04/21/2017 12:34:37,90,10.9,1972.420,321.88,3.20,53,109,565
04/21/2017 12:34:47,90,10.9,1969.600,321.69,3.20,53,110,566
04/21/2017 12:34:57,93,10.9,1966.830,321.99,3.21,53,112,566
04/21/2017 12:35:07,94,10.9,1964.050,322.00,3.21,53,110,566
04/21/2017 12:35:17,98,10.9,1961.380,322.23,3.21,52,112,566
04/21/2017 12:35:27,93,10.9,1958.520,322.97,3.21,52,109,565
04/21/2017 12:35:37,82,10.9,1955.890,322.29,3.21,53,112,565
04/21/2017 12:35:47,86,10.9,1953.060,322.68,3.21,52,111,565
04/21/2017 12:35:57,92,10.9,1950.450,322.19,3.21,53,114,565
04/21/2017 12:36:07,85,10.9,1947.580,322.01,3.22,53,110,565
04/21/2017 12:36:17,90,10.9,1944.960,321.91,3.22,52,111,566
04/21/2017 12:36:27,84,10.9,1942.100,321.73,3.22,53,111,565
04/21/2017 12:36:37,93,10.9,1939.380,322.15,3.22,52,111,565
04/21/2017 12:36:47,98,10.9,1936.740,321.70,3.23,52,111,565
04/21/2017 12:36:57,102,10.9,1933.930,322.35,3.23,53,111,565
04/21/2017 12:37:07,107,10.9,1931.130,322.16,3.23,52,111,565
04/21/2017 12:37:17,85,10.9,1928.460,322.24,3.23,52,111,565
04/21/2017 12:37:27,91,10.9,1925.760,321.35,3.24,53,109,565
04/21/2017 12:37:37,95,10.9,1922.890,321.90,3.24,52,109,565
04/21/2017 12:37:47,96,10.9,1920.240,322.45,3.25,54,109,565
04/21/2017 12:37:57,85,10.9,1917.390,321.47,3.25,53,111,565
04/21/2017 12:38:07,102,10.9,1914.760,322.23,3.26,53,109,565
04/21/2017 12:38:17,103,10.9,1912.050,321.52,3.27,52,109,565
04/21/2017 12:38:27,91,10.9,1909.310,322.26,3.27,55,111,565
04/21/2017 12:38:37,96,10.9,1906.580,321.63,3.28,53,111,565
04/21/2017 12:38:47,101,10.9,1903.650,321.22,3.28,52,110,565
04/21/2017 12:38:57,99,10.9,1900.960,321.63,3.28,51,111,565
04/21/2017 12:39:07,100,10.9,1898.340,321.72,3.28,54,111,565
04/21/2017 12:39:17,95,10.9,1895.490,321.50,3.28,54,110,565
04/21/2017 12:39:27,97,10.9,1892.750,321.46,3.28,52,110,565
04/21/2017 12:39:37,105,10.9,1889.970,322.35,3.28,52,110,565
04/21/2017 12:39:47,103,10.9,1887.360,321.52,3.28,53,110,566
04/21/2017 12:39:57,98,10.9,1884.620,321.77,3.29,54,112,565
04/21/2017 12:40:07,89,10.9,1881.840,321.91,3.29,52,110,565
04/21/2017 12:40:17,90,10.9,1879.220,322.03,3.29,52,111,565
04/21/2017 12:40:27,96,10.9,1876.410,322.96,3.29,52,110,565
04/21/2017 12:40:37,92,10.9,1873.650,322.09,3.29,51,110,565
04/21/2017 12:40:47,91,10.9,1871.000,321.92,3.29,53,111,565
04/21/2017 12:40:57,98,10.9,1868.120,321.12,3.29,52,111,565
04/21/2017 12:41:07,91,10.9,1865.540,321.57,3.30,52,112,565
04/21/2017 12:41:17,88,10.9,1862.690,321.60,3.30,52,111,565
04/21/2017 12:41:27,108,10.9,1859.960,322.04,3.30,53,112,565
04/21/2017 12:41:37,96,10.9,1857.230,322.09,3.30,52,112,565
04/21/2017 12:41:47,98,10.9,1854.600,321.24,3.30,52,111,565
04/21/2017 12:41:57,93,10.9,1851.870,322.60,3.31,53,111,565
04/21/2017 12:42:07,93,10.9,1849.120,322.73,3.31,53,111,565
04/21/2017 12:42:17,99,10.9,1846.340,322.31,3.31,52,110,565
04/21/2017 12:42:27,103,10.9,1843.700,322.06,3.31,54,111,565
04/21/2017 12:42:37,107,10.8,1840.980,322.16,3.31,53,109,565
04/21/2017 12:42:47,92,10.9,1838.250,322.18,3.31,52,111,565
04/21/2017 12:42:57,87,10.9,1835.430,322.02,3.32,54,111,565
04/21/2017 12:43:07,106,10.9,1832.840,322.33,3.32,52,111,565
04/21/2017 12:43:17,93,10.9,1830.140,322.10,3.33,53,110,565
04/21/2017 12:43:27,93,10.9,1827.510,322.12,3.33,53,110,565
04/21/2017 12:43:37,92,10.9,1824.630,321.48,3.33,52,111,565
04/21/2017 12:43:47,101,10.9,1822.000,322.52,3.34,54,111,565
04/21/2017 12:43:57,90,10.9,1819.330,321.54,3.34,52,112,565
04/21/2017 12:44:07,108,10.9,1816.560,322.37,3.34,52,112,565
04/21/2017 12:44:17,107,10.9,1813.880,322.14,3.35,54,112,565
04/21/2017 12:44:27,106,10.9,1811.170,322.62,3.35,53,111,565
04/21/2017 12:44:37,97,10.9,1808.480,321.62,3.35,53,112,565
04/21/2017 12:44:47,110,10.9,1805.840,322.21,3.35,53,110,565
04/21/2017 12:44:57,122,10.9,1803.100,321.89,3.35,54,114,565
04/21/2017 12:45:07,100,10.9,1800.560,322.51,3.36,54,111,565
04/21/2017 12:45:17,95,10.9,1797.760,321.86,3.36,53,111,565
04/21/2017 12:45:27,108,10.8,1795.070,321.52,3.36,54,113,565
04/21/2017 12:45:37,104,10.9,1792.540,322.63,3.36,53,110,565
04/21/2017 12:45:47,86,10.9,1789.780,322.41,3.37,53,114,565
04/21/2017 12:45:57,93,10.9,1787.050,322.59,3.37,52,112,565
04/21/2017 12:46:07,86,10.9,1784.320,322.52,3.38,52,111,565
04/21/2017 12:46:17,94,10.9,1781.720,321.99,3.38,54,111,565
04/21/2017 12:46:27,98,10.9,1779.030,322.38,3.39,52,112,565
04/21/2017 12:46:37,89,10.9,1776.250,322.23,3.39,52,112,565
04/21/2017 12:46:47,96,10.9,1773.580,322.10,3.39,52,112,565
04/21/2017 12:46:57,99,10.9,1770.920,322.15,3.39,54,112,565
04/21/2017 12:47:07,107,10.9,1768.260,322.78,3.40,53,110,565
04/21/2017 12:47:17,108,10.9,1765.610,322.01,3.40,52,111,565
04/21/2017 12:47:27,115,10.9,1762.740,322.34,3.40,53,111,565
04/21/2017 12:47:37,96,10.9,1760.210,322.17,3.40,52,112,565
04/21/2017 12:47:47,102,10.8,1757.610,322.21,3.40,53,112,565
04/21/2017 12:47:57,87,10.9,1754.930,322.00,3.40,54,111,565
04/21/2017 12:48:07,86,10.9,1752.300,321.58,3.41,52,112,565
04/21/2017 12:48:17,89,10.9,1749.710,321.88,3.41,53,113,565
04/21/2017 12:48:27,97,10.9,1746.990,322.49,3.41,54,111,565
04/21/2017 12:48:37,111,10.9,1744.360,322.81,3.41,53,112,565
04/21/2017 12:48:47,91,10.9,1741.650,323.09,3.41,52,110,565
04/21/2017 12:48:57,91,10.9,1738.950,322.76,3.41,54,111,565
04/21/2017 12:49:07,121,10.8,1736.260,322.64,3.41,53,113,565
04/21/2017 12:49:17,82,10.9,1733.670,323.35,3.42,52,111,565
04/21/2017 12:49:27,79,10.9,1730.870,322.05,3.42,53,111,565
04/21/2017 12:49:37,99,10.9,1728.180,322.43,3.42,53,112,565
04/21/2017 12:49:47,87,10.9,1725.600,323.16,3.42,53,111,565
04/21/2017 12:49:57,94,10.9,1722.870,323.07,3.43,52,110,565
04/21/2017 12:50:07,111,10.9,1720.150,323.12,3.43,51,111,565
04/21/2017 12:50:17,100,10.9,1717.450,323.10,3.43,52,111,565
04/21/2017 12:50:27,90,10.9,1714.850,321.68,3.43,52,110,565
04/21/2017 12:50:37,110,10.9,1712.070,322.68,3.43,53,111,565
04/21/2017 12:50:47,83,10.9,1709.470,322.14,3.43,52,112,565
04/21/2017 12:50:57,96,10.9,1706.770,322.45,3.44,54,112,565
04/21/2017 12:51:07,76,10.9,1704.050,321.90,3.44,52,111,565
04/21/2017 12:51:17,83,10.9,1701.300,322.93,3.44,53,112,565
04/21/2017 12:51:27,87,10.9,1698.730,322.47,3.44,54,111,565
04/21/2017 12:51:37,71,10.9,1696.010,322.85,3.44,52,111,565
04/21/2017 12:51:47,102,10.9,1693.320,322.70,3.44,52,110,565
04/21/2017 12:51:57,84,10.9,1690.730,322.73,3.45,54,112,565
04/21/2017 12:52:07,84,10.9,1688.080,323.03,3.45,53,112,565
04/21/2017 12:52:17,108,10.9,1685.390,323.01,3.45,53,113,565
04/21/2017 12:52:27,88,10.9,1682.840,323.03,3.45,53,114,565
04/21/2017 12:52:37,108,10.9,1680.160,323.07,3.45,53,111,565
04/21/2017 12:52:47,92,10.9,1677.430,322.74,3.45,52,111,565
04/21/2017 12:52:57,101,10.9,1674.830,322.74,3.45,52,111,565
04/21/2017 12:53:07,130,10.8,1671.990,323.24,3.45,53,111,565
04/21/2017 12:53:17,107,10.9,1669.330,322.97,3.46,53,112,565
04/21/2017 12:53:27,117,10.9,1666.700,323.35,3.46,53,113,565
04/21/2017 12:53:37,76,10.9,1663.970,323.26,3.46,53,112,565
04/21/2017 12:53:47,89,10.9,1661.270,322.70,3.46,53,113,565
04/21/2017 12:53:57,79,10.9,1658.720,323.08,3.46,53,112,565
04/21/2017 12:54:07,111,10.9,1655.960,323.38,3.47,52,112,565
04/21/2017 12:54:17,83,10.9,1653.260,322.93,3.47,53,112,565
04/21/2017 12:54:27,83,10.9,1650.650,323.31,3.47,53,114,565
04/21/2017 12:54:37,93,10.9,1647.850,322.69,3.47,53,115,565
04/21/2017 12:54:47,98,10.9,1645.310,322.46,3.47,52,114,565
04/21/2017 12:54:57,96,10.9,1642.610,323.17,3.48,52,115,565
04/21/2017 12:55:07,128,10.9,1639.880,322.97,3.48,52,111,565
04/21/2017 12:55:17,99,10.9,1637.220,323.83,3.48,52,112,565
04/21/2017 12:55:27,90,10.9,1634.590,322.77,3.49,52,112,565
04/21/2017 12:55:37,108,10.9,1631.890,323.66,3.49,53,114,565
04/21/2017 12:55:47,123,10.9,1629.270,323.53,3.49,53,118,565
04/21/2017 12:55:57,110,10.9,1626.520,323.66,3.50,52,112,565
04/21/2017 12:56:07,103,10.9,1623.740,323.92,3.50,53,113,565
04/21/2017 12:56:17,90,10.9,1621.190,324.01,3.51,54,111,565
04/21/2017 12:56:27,101,10.9,1618.290,324.02,3.51,53,113,565
04/21/2017 12:56:37,101,10.9,1615.740,323.81,3.51,52,112,565
04/21/2017 12:56:47,119,10.9,1613.040,324.14,3.51,52,115,565
04/21/2017 12:56:57,106,10.9,1610.290,323.33,3.52,53,113,565
04/21/2017 12:57:07,108,10.9,1607.680,323.34,3.52,53,113,565
04/21/2017 12:57:17,103,10.9,1604.950,323.76,3.52,52,114,565
04/21/2017 12:57:27,136,10.9,1602.290,323.56,3.52,54,114,565
04/21/2017 12:57:37,125,10.9,1599.490,323.78,3.52,52,114,565
04/21/2017 12:57:47,129,10.9,1596.810,323.87,3.52,52,112,565
04/21/2017 12:57:57,110,10.9,1594.140,323.93,3.52,53,112,565
04/21/2017 12:58:07,103,10.9,1591.490,324.12,3.53,53,112,565
04/21/2017 12:58:17,115,10.9,1588.680,324.04,3.53,53,113,565
04/21/2017 12:58:27,128,10.9,1585.950,323.92,3.53,54,115,565
04/21/2017 12:58:37,99,10.9,1583.260,324.63,3.54,52,113,565
04/21/2017 12:58:47,80,10.9,1580.550,324.11,3.54,53,114,565
04/21/2017 12:58:57,109,10.9,1577.880,324.67,3.54,52,114,565
04/21/2017 12:59:07,112,10.9,1575.200,324.60,3.54,54,114,565
04/21/2017 12:59:17,110,10.9,1572.410,324.24,3.55,53,113,565
04/21/2017 12:59:27,109,10.9,1569.740,324.37,3.55,53,112,565
04/21/2017 12:59:37,113,10.9,1567.120,324.89,3.56,52,117,565
04/21/2017 12:59:47,94,10.9,1564.430,325.00,3.56,52,113,565
04/21/2017 12:59:57,116,10.9,1561.670,324.33,3.57,51,113,565
04/21/2017 13:00:07,111,10.9,1559.080,324.73,3.58,54,112,565
04/21/2017 13:00:17,107,10.9,1556.320,324.59,3.59,52,115,565
04/21/2017 13:00:27,97,10.9,1553.590,324.17,3.60,51,114,565
04/21/2017 13:00:37,110,10.9,1550.890,325.05,3.60,54,113,565
04/21/2017 13:00:47,97,10.9,1548.210,324.46,3.60,53,115,565
04/21/2017 13:00:57,100,10.9,1545.530,324.81,3.61,54,114,565
04/21/2017 13:01:07,117,10.9,1542.820,324.95,3.61,53,117,565
04/21/2017 13:01:17,137,10.9,1539.980,324.68,3.61,52,112,565
04/21/2017 13:01:27,116,10.9,1537.400,324.66,3.62,53,112,565
04/21/2017 13:01:37,106,10.9,1534.740,324.55,3.62,53,114,565
04/21/2017 13:01:47,116,10.9,1531.900,324.99,3.62,54,115,565
04/21/2017 13:01:57,108,10.9,1529.270,325.43,3.62,53,113,565
04/21/2017 13:02:07,113,10.9,1526.600,325.53,3.62,52,113,565
04/21/2017 13:02:17,100,10.9,1523.780,324.21,3.62,54,113,565
04/21/2017 13:02:27,116,10.9,1521.200,325.48,3.62,52,113,565
04/21/2017 13:02:37,98,10.9,1518.390,325.21,3.62,53,111,565
04/21/2017 13:02:47,112,10.9,1515.840,324.55,3.62,53,111,565
04/21/2017 13:02:57,103,10.9,1513.070,325.20,3.62,53,112,565
04/21/2017 13:03:07,119,10.9,1510.220,325.24,3.63,53,112,565
04/21/2017 13:03:17,108,10.9,1507.740,324.98,3.63,51,112,565
04/21/2017 13:03:27,115,10.9,1504.840,325.76,3.63,53,112,565
04/21/2017 13:03:37,98,10.9,1502.220,325.35,3.63,53,113,565
04/21/2017 13:03:47,108,10.9,1499.480,325.86,3.63,52,115,565
04/21/2017 13:03:57,105,10.9,1496.840,325.95,3.63,53,113,565
04/21/2017 13:04:07,108,10.9,1494.070,326.39,3.63,52,114,565
04/21/2017 13:04:17,100,10.9,1491.380,326.34,3.62,53,113,565
04/21/2017 13:04:27,109,10.9,1488.770,326.61,3.62,53,113,565
04/21/2017 13:04:37,106,10.9,1486.100,327.28,3.62,53,113,565
04/21/2017 13:04:47,99,10.9,1483.410,326.62,3.61,53,113,565
04/21/2017 13:04:57,106,10.9,1480.540,327.17,3.61,52,113,565
04/21/2017 13:05:07,107,10.9,1477.960,328.46,3.61,52,114,565
04/21/2017 13:05:17,98,10.9,1475.240,328.25,3.62,53,113,565
04/21/2017 13:05:27,96,10.9,1472.510,327.75,3.62,52,113,565
04/21/2017 13:05:37,110,10.9,1469.790,328.63,3.62,54,112,565
04/21/2017 13:05:47,92,10.9,1467.200,328.26,3.62,53,111,565
04/21/2017 13:05:57,104,10.9,1464.440,328.14,3.62,52,114,565
04/21/2017 13:06:07,93,10.9,1461.740,328.40,3.62,54,119,565
04/21/2017 13:06:17,107,10.9,1459.070,328.13,3.62,51,116,565
04/21/2017 13:06:27,120,10.9,1456.390,328.75,3.62,53,113,565
04/21/2017 13:06:37,114,10.9,1453.810,329.05,3.62,53,112,565
04/21/2017 13:06:47,96,10.9,1451.030,328.64,3.62,52,113,565
04/21/2017 13:06:57,110,10.8,1448.440,328.74,3.62,54,113,565
04/21/2017 13:07:07,102,10.9,1445.640,329.40,3.62,54,112,565
04/21/2017 13:07:17,88,10.9,1443.140,329.57,3.62,52,113,565
04/21/2017 13:07:27,101,10.9,1440.320,330.39,3.62,53,113,565
04/21/2017 13:07:37,104,10.9,1437.650,330.10,3.62,54,113,565
04/21/2017 13:07:47,121,10.9,1435.040,330.93,3.61,52,112,564
04/21/2017 13:07:57,106,10.9,1432.400,331.09,3.61,53,113,565
04/21/2017 13:08:07,87,10.9,1429.630,331.45,3.61,52,114,565
04/21/2017 13:08:17,87,10.9,1427.010,331.19,3.61,53,113,565
04/21/2017 13:08:27,116,10.9,1424.340,331.81,3.61,51,113,565
04/21/2017 13:08:37,100,10.9,1421.600,332.16,3.60,53,112,565
04/21/2017 13:08:47,123,10.9,1418.940,332.44,3.61,53,113,565
04/21/2017 13:08:57,111,10.9,1416.320,333.00,3.61,52,113,565
04/21/2017 13:09:07,122,10.9,1413.630,333.30,3.61,52,114,565
04/21/2017 13:09:17,151,10.8,1411.060,333.44,3.61,53,111,565
04/21/2017 13:09:27,118,10.9,1408.290,334.35,3.62,52,113,565
04/21/2017 13:09:37,108,10.9,1405.530,332.99,3.61,53,113,565
04/21/2017 13:09:47,122,10.9,1402.900,334.02,3.61,53,112,564
04/21/2017 13:09:57,122,10.9,1400.180,334.27,3.61,52,113,565
04/21/2017 13:10:07,114,10.9,1397.440,334.40,3.60,52,115,564
04/21/2017 13:10:17,128,10.9,1394.750,335.24,3.60,53,115,564
04/21/2017 13:10:27,123,10.9,1392.140,335.27,3.60,51,113,565
04/21/2017 13:10:37,125,10.9,1389.380,334.39,3.60,54,111,565
04/21/2017 13:10:47,118,10.9,1386.720,335.84,3.60,53,112,565
04/21/2017 13:10:57,116,10.9,1383.930,335.84,3.59,54,113,565
04/21/2017 13:11:07,115,10.9,1381.310,336.79,3.59,52,111,565
04/21/2017 13:11:17,117,10.9,1378.540,337.31,3.59,52,112,564
04/21/2017 13:11:27,133,10.9,1375.850,335.95,3.59,52,112,565
04/21/2017 13:11:37,112,10.9,1373.220,337.74,3.58,53,112,565
04/21/2017 13:11:47,113,10.9,1370.490,337.23,3.57,52,112,564
04/21/2017 13:11:57,125,10.9,1367.770,338.04,3.57,53,112,565
04/21/2017 13:12:07,113,10.9,1365.210,338.10,3.57,52,112,565
04/21/2017 13:12:17,118,10.9,1362.380,338.97,3.57,53,113,565
04/21/2017 13:12:27,119,10.9,1359.760,338.66,3.57,52,113,565
04/21/2017 13:12:37,123,10.9,1357.080,339.24,3.57,52,113,565
04/21/2017 13:12:47,119,10.9,1354.310,338.30,3.57,51,115,565
04/21/2017 13:12:57,119,10.9,1351.750,339.32,3.57,55,112,565
04/21/2017 13:13:07,123,10.9,1348.940,338.28,3.57,52,112,565
04/21/2017 13:13:17,97,10.9,1346.180,339.67,3.57,53,112,565
04/21/2017 13:13:27,118,10.9,1343.540,339.25,3.56,54,114,565
04/21/2017 13:13:37,119,10.9,1340.970,339.83,3.56,53,115,564
04/21/2017 13:13:47,121,10.9,1338.210,340.68,3.56,52,113,565
04/21/2017 13:13:57,99,10.9,1335.610,339.92,3.56,53,113,565
04/21/2017 13:14:07,118,10.9,1332.750,341.29,3.55,52,113,564
04/21/2017 13:14:17,116,10.9,1330.150,340.69,3.54,52,112,565
04/21/2017 13:14:27,112,10.9,1327.510,341.49,3.54,52,114,565
04/21/2017 13:14:37,110,10.9,1324.850,340.91,3.54,53,112,565
04/21/2017 13:14:47,113,10.9,1322.020,341.74,3.54,52,112,565
04/21/2017 13:14:57,121,10.9,1319.360,341.07,3.54,52,112,565
04/21/2017 13:15:07,104,10.9,1316.770,341.53,3.54,53,113,565
04/21/2017 13:15:17,121,10.9,1313.970,340.73,3.55,53,113,565
04/21/2017 13:15:27,101,10.9,1311.300,340.72,3.54,52,113,565
04/21/2017 13:15:37,127,10.9,1308.670,341.10,3.54,53,111,565
04/21/2017 13:15:47,114,10.9,1306.030,342.02,3.54,52,113,565
04/21/2017 13:15:57,119,10.9,1303.270,341.48,3.53,53,112,565
04/21/2017 13:16:07,109,10.9,1300.540,342.41,3.53,53,111,565
04/21/2017 13:16:17,129,10.9,1297.950,342.60,3.52,53,111,564
04/21/2017 13:16:27,119,10.9,1295.250,342.14,3.52,52,113,565
04/21/2017 13:16:37,138,10.9,1292.490,343.18,3.51,52,112,565
04/21/2017 13:16:47,117,10.9,1289.790,344.26,3.51,52,113,565
04/21/2017 13:16:57,118,10.9,1287.110,343.94,3.51,54,114,565
04/21/2017 13:17:07,132,10.9,1284.490,344.67,3.51,53,114,565
04/21/2017 13:17:17,115,10.9,1281.810,343.71,3.51,52,113,565
04/21/2017 13:17:27,115,10.9,1279.060,344.42,3.51,53,112,564
04/21/2017 13:17:37,126,10.9,1276.330,344.76,3.51,55,112,565
04/21/2017 13:17:47,118,10.9,1273.790,344.71,3.51,52,113,565
04/21/2017 13:17:57,114,10.9,1271.000,344.69,3.51,51,114,565
04/21/2017 13:18:07,124,10.9,1268.380,345.30,3.50,53,112,565
04/21/2017 13:18:17,116,10.9,1265.760,345.75,3.50,52,112,565
04/21/2017 13:18:27,120,10.9,1263.040,345.11,3.50,53,111,565
04/21/2017 13:18:37,115,10.9,1260.310,345.65,3.50,53,113,565
04/21/2017 13:18:47,121,10.9,1257.700,345.18,3.50,52,114,564
04/21/2017 13:18:57,124,10.9,1254.990,346.04,3.50,51,113,565
04/21/2017 13:19:07,122,10.9,1252.240,345.92,3.50,52,111,565
04/21/2017 13:19:17,128,10.9,1249.630,345.90,3.50,52,112,565
04/21/2017 13:19:27,128,10.9,1246.850,346.47,3.50,52,112,565
04/21/2017 13:19:37,118,10.9,1244.320,345.81,3.50,53,112,565
04/21/2017 13:19:47,115,10.9,1241.550,346.76,3.49,52,112,565
04/21/2017 13:19:57,121,10.9,1238.800,346.65,3.49,52,112,565
04/21/2017 13:20:07,123,10.9,1236.190,346.41,3.49,51,113,565
04/21/2017 13:20:17,110,10.9,1233.530,346.58,3.49,51,110,564
04/21/2017 13:20:27,118,10.9,1230.910,347.01,3.49,53,113,565
04/21/2017 13:20:37,120,10.9,1228.110,347.60,3.49,51,114,565
04/21/2017 13:20:47,120,10.9,1225.410,347.61,3.49,52,111,565
04/21/2017 13:20:57,125,10.9,1222.800,347.32,3.49,51,112,565
04/21/2017 13:21:07,138,10.8,1220.150,347.95,3.48,52,113,565
04/21/2017 13:21:17,122,10.9,1217.480,347.37,3.48,52,112,565
04/21/2017 13:21:27,129,10.8,1214.770,348.54,3.48,52,112,565
04/21/2017 13:21:37,134,10.8,1212.090,348.68,3.48,51,112,565
04/21/2017 13:21:47,122,10.9,1209.490,348.57,3.48,53,112,565
04/21/2017 13:21:57,118,10.9,1206.750,349.15,3.48,52,112,565
04/21/2017 13:22:07,117,10.9,1203.970,349.24,3.48,53,113,565
04/21/2017 13:22:17,126,10.9,1201.290,349.85,3.48,53,113,565
04/21/2017 13:22:27,108,10.9,1198.620,349.04,3.48,52,113,565
04/21/2017 13:22:37,136,10.9,1195.970,349.29,3.48,53,112,565
04/21/2017 13:22:47,120,10.9,1193.290,348.92,3.48,52,115,565
04/21/2017 13:22:57,117,10.9,1190.620,349.18,3.48,52,112,565
04/21/2017 13:23:07,117,10.9,1187.930,349.92,3.48,52,112,565
04/21/2017 13:23:17,134,10.9,1185.240,349.24,3.48,52,113,565
04/21/2017 13:23:27,125,10.9,1182.660,350.11,3.48,51,112,565
04/21/2017 13:23:37,128,10.8,1179.880,349.87,3.48,52,112,565
04/21/2017 13:23:47,127,10.9,1177.290,349.54,3.48,53,112,565
04/21/2017 13:23:57,121,10.9,1174.640,350.61,3.48,52,113,565
04/21/2017 13:24:07,131,10.9,1171.850,350.94,3.48,53,111,565
04/21/2017 13:24:17,135,10.9,1169.140,349.98,3.48,53,113,565
04/21/2017 13:24:27,130,10.9,1166.470,350.18,3.48,53,112,565
04/21/2017 13:24:37,121,10.9,1163.900,350.42,3.48,52,112,565
04/21/2017 13:24:47,136,10.8,1161.140,350.60,3.48,52,112,565
04/21/2017 13:24:57,122,10.9,1158.550,350.57,3.48,52,113,565
04/21/2017 13:25:07,131,10.9,1155.920,350.09,3.48,51,113,565
04/21/2017 13:25:17,66,10.9,1153.260,350.44,3.48,52,113,565
04/21/2017 13:25:27,130,10.9,1150.540,350.07,3.48,50,118,565
04/21/2017 13:25:37,109,10.9,1147.890,350.69,3.48,52,111,565
04/21/2017 13:25:47,129,10.9,1145.150,351.24,3.48,52,114,565
04/21/2017 13:25:57,131,10.9,1142.520,350.73,3.48,53,113,565
04/21/2017 13:26:07,118,10.9,1139.800,350.58,3.48,52,112,565
04/21/2017 13:26:17,130,10.9,1137.220,351.14,3.48,51,111,565
04/21/2017 13:26:27,121,10.9,1134.390,351.21,3.48,51,113,565
04/21/2017 13:26:37,130,10.9,1131.920,351.34,3.49,52,112,565
04/21/2017 13:26:47,126,10.9,1129.110,351.62,3.49,53,113,565
04/21/2017 13:26:57,129,10.9,1126.450,350.62,3.49,52,113,565
04/21/2017 13:27:07,134,10.9,1123.760,350.70,3.49,52,112,565
04/21/2017 13:27:17,118,10.9,1121.140,351.03,3.49,53,112,565
04/21/2017 13:27:27,128,10.9,1118.480,352.18,3.49,54,113,565
04/21/2017 13:27:37,119,10.9,1115.870,351.30,3.49,51,113,565
04/21/2017 13:27:47,132,10.9,1113.070,351.78,3.49,53,113,565
04/21/2017 13:27:57,127,10.9,1110.550,351.35,3.49,54,111,565
04/21/2017 13:28:07,120,10.9,1107.780,351.36,3.49,52,111,565
04/21/2017 13:28:17,132,10.9,1105.140,352.05,3.49,52,112,564
04/21/2017 13:28:27,123,10.9,1102.410,352.44,3.49,54,112,565
04/21/2017 13:28:37,123,10.9,1099.810,351.92,3.49,52,113,565
04/21/2017 13:28:47,126,10.9,1097.110,351.29,3.50,52,111,565
04/21/2017 13:28:57,107,10.9,1094.470,352.59,3.50,52,113,565
04/21/2017 13:29:07,139,10.8,1091.800,351.91,3.50,51,113,565
04/21/2017 13:29:17,124,10.9,1089.050,351.71,3.50,52,112,565
04/21/2017 13:29:27,122,10.9,1086.440,352.56,3.50,53,112,565
04/21/2017 13:29:37,135,10.9,1083.730,352.47,3.50,54,112,565
04/21/2017 13:29:47,127,10.9,1081.140,352.23,3.50,53,111,565
04/21/2017 13:29:57,148,10.9,1078.360,352.87,3.50,53,112,565
04/21/2017 13:30:07,123,10.8,1075.740,352.68,3.50,51,113,565
04/21/2017 13:30:17,128,10.9,1073.080,353.69,3.50,52,111,565
04/21/2017 13:30:27,144,10.9,1070.520,353.10,3.50,51,114,565
04/21/2017 13:30:37,130,10.9,1067.820,353.88,3.50,52,115,565
04/21/2017 13:30:47,131,10.9,1065.110,353.76,3.49,52,114,565
04/21/2017 13:30:57,139,10.8,1062.430,353.69,3.49,51,118,565
04/21/2017 13:31:07,136,10.9,1059.850,354.62,3.48,52,111,565
04/21/2017 13:31:17,140,10.9,1057.130,353.72,3.48,51,111,565
04/21/2017 13:31:27,129,10.9,1054.370,354.54,3.48,52,113,565
04/21/2017 13:31:37,129,10.9,1051.860,355.00,3.48,53,113,565
04/21/2017 13:31:47,113,10.9,1049.190,354.67,3.48,53,112,565
04/21/2017 13:31:57,120,10.9,1046.560,354.75,3.48,52,115,565
04/21/2017 13:32:07,123,10.9,1043.700,354.78,3.48,52,113,565
04/21/2017 13:32:17,139,10.8,1041.110,355.20,3.48,52,112,565
04/21/2017 13:32:27,120,10.9,1038.470,355.13,3.48,52,113,565
04/21/2017 13:32:37,135,10.9,1035.880,355.63,3.48,52,112,565
04/21/2017 13:32:47,127,10.9,1033.210,356.12,3.48,52,114,565
04/21/2017 13:32:57,149,10.8,1030.520,355.53,3.47,53,114,565
04/21/2017 13:33:07,140,10.9,1027.850,356.33,3.47,52,113,565
04/21/2017 13:33:17,131,10.9,1025.240,356.38,3.47,51,115,565
04/21/2017 13:33:27,133,10.9,1022.510,355.92,3.47,52,113,565
04/21/2017 13:33:37,133,10.9,1019.850,355.51,3.47,52,114,565
04/21/2017 13:33:47,126,10.9,1017.120,356.70,3.47,53,113,565
04/21/2017 13:33:57,141,10.9,1014.440,356.00,3.48,53,113,565
04/21/2017 13:34:07,123,10.9,1011.790,356.28,3.48,52,113,565
04/21/2017 13:34:17,138,10.9,1009.110,356.70,3.48,51,113,565
04/21/2017 13:34:27,119,10.9,1006.480,355.37,3.48,52,113,565
04/21/2017 13:34:37,136,10.9,1003.820,356.84,3.48,53,112,565
04/21/2017 13:34:47,129,10.9,1001.220,355.95,3.48,52,114,565
04/21/2017 13:34:57,134,10.9,998.470,356.38,3.48,53,111,565
04/21/2017 13:35:07,146,10.8,995.880,356.56,3.48,51,115,565
04/21/2017 13:35:17,136,10.9,993.240,357.49,3.48,52,113,565
04/21/2017 13:35:27,127,10.9,990.540,357.13,3.48,52,115,565
04/21/2017 13:35:37,141,10.9,987.970,356.79,3.48,50,112,565
04/21/2017 13:35:47,144,10.8,985.270,357.97,3.48,52,113,565
04/21/2017 13:35:57,134,10.9,982.600,357.57,3.48,51,117,565
04/21/2017 13:36:07,115,10.9,979.880,357.11,3.48,52,112,565
04/21/2017 13:36:17,124,10.9,977.290,357.25,3.48,53,113,565
04/21/2017 13:36:27,138,10.9,974.580,357.29,3.48,52,116,565
04/21/2017 13:36:37,138,10.9,971.950,357.30,3.48,51,113,565
04/21/2017 13:36:47,136,10.9,969.390,357.73,3.47,51,114,565
04/21/2017 13:36:57,135,10.9,966.670,358.12,3.47,52,113,565
04/21/2017 13:37:07,128,10.9,964.090,358.14,3.47,53,113,565
04/21/2017 13:37:17,134,10.8,961.420,357.95,3.47,52,113,565
04/21/2017 13:37:27,148,10.9,958.680,357.02,3.47,52,112,565
04/21/2017 13:37:37,117,10.9,956.010,357.89,3.47,52,113,565
04/21/2017 13:37:47,132,10.8,953.320,357.43,3.47,53,113,565
04/21/2017 13:37:57,127,10.9,950.740,357.88,3.47,52,114,565
04/21/2017 13:38:07,147,10.8,948.120,357.45,3.47,53,114,565
04/21/2017 13:38:17,127,10.8,945.490,357.53,3.47,52,115,565
04/21/2017 13:38:27,142,10.9,942.710,358.51,3.48,52,116,565
04/21/2017 13:38:37,135,10.9,939.980,358.22,3.48,52,115,565
04/21/2017 13:38:47,150,10.9,937.470,358.15,3.48,52,113,565
04/21/2017 13:38:57,139,10.8,934.790,358.60,3.49,53,114,565
04/21/2017 13:39:07,147,10.8,932.060,357.92,3.49,52,115,565
04/21/2017 13:39:17,134,10.9,929.350,358.33,3.49,51,114,565
04/21/2017 13:39:27,143,10.9,926.860,358.79,3.49,53,114,565
04/21/2017 13:39:37,150,10.9,924.040,358.37,3.49,54,115,565
04/21/2017 13:39:47,140,10.9,921.520,358.82,3.49,54,114,565
04/21/2017 13:39:57,126,10.9,918.740,358.93,3.50,52,113,565
04/21/2017 13:40:07,128,10.9,916.250,359.39,3.50,53,115,565
04/21/2017 13:40:17,132,10.9,913.420,358.30,3.50,53,115,565
04/21/2017 13:40:27,168,10.8,910.800,360.24,3.50,53,114,565
04/21/2017 13:40:37,132,10.9,908.240,360.15,3.51,53,114,565
04/21/2017 13:40:47,148,10.9,905.550,359.88,3.51,53,121,565
04/21/2017 13:40:57,165,10.8,902.810,359.82,3.51,53,114,565
04/21/2017 13:41:07,151,10.8,900.270,360.17,3.51,54,114,565
04/21/2017 13:41:17,149,10.9,897.610,360.22,3.51,55,114,565
04/21/2017 13:41:27,128,10.9,894.910,360.76,3.52,54,115,565
04/21/2017 13:41:37,120,10.9,892.240,360.63,3.52,54,114,565
04/21/2017 13:41:47,118,10.9,889.630,360.12,3.52,52,115,565
04/21/2017 13:41:57,142,10.9,886.970,360.86,3.52,53,117,565
04/21/2017 13:42:07,133,10.9,884.340,362.47,3.53,56,115,565
04/21/2017 13:42:17,134,10.9,881.590,362.03,3.54,54,116,565
04/21/2017 13:42:27,130,10.9,879.020,362.56,3.54,56,116,565
04/21/2017 13:42:37,150,10.9,876.270,363.32,3.54,55,116,565
04/21/2017 13:42:47,123,10.9,873.710,363.54,3.54,56,115,565
04/21/2017 13:42:57,131,10.9,871.090,363.11,3.54,55,117,565
04/21/2017 13:43:07,143,10.8,868.480,363.94,3.54,56,116,565
04/21/2017 13:43:17,134,10.8,865.820,363.89,3.54,55,116,565
04/21/2017 13:43:27,138,10.9,863.120,363.02,3.54,54,117,565
04/21/2017 13:43:37,123,10.8,860.440,363.41,3.54,55,117,565
04/21/2017 13:43:47,145,10.8,857.820,363.88,3.55,56,118,565
04/21/2017 13:43:57,143,10.8,855.170,364.92,3.55,55,118,565
04/21/2017 13:44:07,150,10.9,852.420,363.62,3.55,54,117,565
04/21/2017 13:44:17,137,10.9,849.780,365.09,3.55,55,115,565
04/21/2017 13:44:27,133,10.8,847.110,364.31,3.55,56,117,565
04/21/2017 13:44:37,135,10.9,844.530,364.65,3.55,54,117,565
04/21/2017 13:44:47,148,10.8,841.930,363.83,3.56,55,117,565
04/21/2017 13:44:57,122,10.9,839.200,363.56,3.56,54,115,565
04/21/2017 13:45:07,127,10.9,836.590,364.16,3.56,55,118,565
04/21/2017 13:45:17,161,10.9,833.890,363.45,3.56,55,116,565
04/21/2017 13:45:27,127,10.9,831.220,364.45,3.56,54,116,565
04/21/2017 13:45:37,160,10.8,828.510,364.42,3.56,56,116,565
04/21/2017 13:45:47,117,10.9,825.910,364.72,3.56,56,117,565
04/21/2017 13:45:57,137,10.9,823.290,364.75,3.56,55,117,565
04/21/2017 13:46:07,138,10.9,820.570,365.07,3.56,55,117,565
04/21/2017 13:46:17,149,10.8,817.930,365.00,3.57,56,118,565
04/21/2017 13:46:27,151,10.9,815.290,366.25,3.57,55,117,565
04/21/2017 13:46:37,140,10.9,812.730,365.58,3.57,57,116,565
04/21/2017 13:46:47,137,10.9,809.960,365.23,3.57,57,117,565
04/21/2017 13:46:57,110,10.9,807.460,366.08,3.57,57,119,565
04/21/2017 13:47:07,152,10.9,804.720,365.25,3.57,56,117,565
04/21/2017 13:47:17,119,10.9,802.050,365.78,3.57,56,117,565
04/21/2017 13:47:27,156,10.8,799.370,365.99,3.57,56,118,565
04/21/2017 13:47:37,128,10.9,796.760,366.76,3.58,55,118,565
04/21/2017 13:47:47,134,10.9,794.060,366.65,3.58,56,118,565
04/21/2017 13:47:57,149,10.9,791.470,366.35,3.58,56,117,565
04/21/2017 13:48:07,148,10.9,788.780,366.30,3.58,56,133,565
04/21/2017 13:48:17,147,10.8,786.130,366.80,3.58,57,117,565
04/21/2017 13:48:27,139,10.9,783.480,366.79,3.58,55,118,565
04/21/2017 13:48:37,141,10.8,780.850,365.57,3.58,57,117,565
04/21/2017 13:48:47,139,10.9,778.260,366.88,3.58,58,121,565
04/21/2017 13:48:57,155,10.8,775.500,366.94,3.58,57,116,565
04/21/2017 13:49:07,162,10.9,772.870,366.56,3.59,57,117,565
04/21/2017 13:49:17,137,10.8,770.320,365.68,3.59,57,121,564
04/21/2017 13:49:27,136,10.9,767.640,366.62,3.59,57,119,565
04/21/2017 13:49:37,139,10.9,764.940,367.49,3.59,57,118,565
04/21/2017 13:49:47,141,10.9,762.290,366.57,3.59,56,119,565
04/21/2017 13:49:57,148,10.8,759.580,367.17,3.59,57,118,565
04/21/2017 13:50:07,136,10.9,757.030,366.20,3.59,57,118,565
04/21/2017 13:50:17,164,10.9,754.340,367.25,3.59,57,117,565
04/21/2017 13:50:27,139,10.9,751.650,366.53,3.59,57,117,565
04/21/2017 13:50:37,129,10.8,748.960,366.81,3.59,58,119,565
04/21/2017 13:50:47,144,10.9,746.380,367.07,3.59,58,119,565
04/21/2017 13:50:57,142,10.8,743.630,366.49,3.59,57,117,565
04/21/2017 13:51:07,129,10.9,741.080,366.65,3.59,59,117,565
04/21/2017 13:51:17,147,10.9,738.410,367.23,3.59,57,116,565
04/21/2017 13:51:27,151,10.9,735.790,366.85,3.59,56,117,565
04/21/2017 13:51:37,141,10.8,733.090,367.51,3.60,57,116,565
04/21/2017 13:51:47,154,10.8,730.440,366.43,3.60,58,118,564
04/21/2017 13:51:57,135,10.9,727.770,367.48,3.60,57,119,564
04/21/2017 13:52:07,154,10.9,725.170,367.60,3.60,56,118,565
04/21/2017 13:52:17,132,10.9,722.490,367.51,3.60,58,117,565
04/21/2017 13:52:27,151,10.8,719.840,367.08,3.60,57,118,565
04/21/2017 13:52:37,147,10.9,717.300,368.38,3.60,59,118,565
04/21/2017 13:52:47,153,10.8,714.660,367.88,3.60,58,120,565
04/21/2017 13:52:57,134,10.8,711.930,367.89,3.61,57,118,565
04/21/2017 13:53:07,140,10.9,709.240,368.49,3.61,58,123,565
04/21/2017 13:53:17,153,10.9,706.730,369.15,3.60,59,119,564
04/21/2017 13:53:27,151,10.9,704.030,368.80,3.61,58,120,565
04/21/2017 13:53:37,146,10.9,701.300,369.76,3.60,59,119,565
04/21/2017 13:53:47,148,10.8,698.680,370.39,3.60,57,118,565
04/21/2017 13:53:57,142,10.8,696.190,370.19,3.60,59,123,565
04/21/2017 13:54:07,141,10.8,693.490,370.15,3.60,58,120,565
04/21/2017 13:54:17,143,10.8,690.740,370.32,3.60,58,120,564
04/21/2017 13:54:27,125,10.9,688.090,369.86,3.61,57,119,565
04/21/2017 13:54:37,154,10.8,685.550,369.64,3.61,60,120,565
04/21/2017 13:54:47,117,10.9,682.840,369.91,3.60,58,121,565
04/21/2017 13:54:57,134,10.9,680.260,369.54,3.60,58,120,565
04/21/2017 13:55:07,142,10.9,677.560,369.89,3.60,58,118,565
04/21/2017 13:55:17,136,10.9,674.880,370.76,3.60,58,120,565
04/21/2017 13:55:27,132,10.9,672.200,370.52,3.60,59,120,565
04/21/2017 13:55:37,143,10.8,669.620,369.94,3.60,59,119,565
04/21/2017 13:55:47,133,10.9,666.940,370.82,3.60,57,120,564
04/21/2017 13:55:57,159,10.8,664.260,370.46,3.60,60,120,565
04/21/2017 13:56:07,139,10.9,661.680,370.28,3.60,60,119,565
04/21/2017 13:56:17,143,10.8,659.050,371.19,3.60,60,122,565
04/21/2017 13:56:27,153,10.8,656.340,370.51,3.60,58,120,565
04/21/2017 13:56:37,135,10.8,653.700,369.83,3.60,58,122,564
04/21/2017 13:56:47,140,10.8,651.140,371.32,3.60,60,118,565
04/21/2017 13:56:57,146,10.9,648.550,369.91,3.61,59,121,565
04/21/2017 13:57:07,159,10.8,645.810,371.29,3.61,58,120,565
04/21/2017 13:57:17,138,10.9,643.190,370.48,3.61,58,119,565
04/21/2017 13:57:27,143,10.9,640.520,369.89,3.62,59,119,565
04/21/2017 13:57:37,163,10.8,637.930,369.33,3.62,59,119,565
04/21/2017 13:57:47,164,10.8,635.390,369.18,3.62,60,121,565
04/21/2017 13:57:57,140,10.9,632.460,369.15,3.62,59,121,565
04/21/2017 13:58:07,135,10.8,630.100,369.12,3.62,57,122,565
04/21/2017 13:58:17,135,10.9,627.510,369.11,3.62,58,119,565
04/21/2017 13:58:27,129,10.9,624.800,369.59,3.62,58,121,565
04/21/2017 13:58:37,160,10.9,621.770,368.66,3.63,59,120,565
04/21/2017 13:58:47,155,10.8,619.290,368.79,3.63,58,122,564
04/21/2017 13:58:57,150,10.8,616.880,368.91,3.63,59,122,564
04/21/2017 13:59:07,138,10.8,614.170,368.75,3.63,57,118,565
04/21/2017 13:59:17,155,10.8,611.220,368.47,3.63,57,126,565
04/21/2017 13:59:27,152,10.8,608.850,368.12,3.63,58,117,564
04/21/2017 13:59:37,153,10.8,606.320,367.97,3.64,58,120,564
04/21/2017 13:59:47,138,10.8,603.650,367.70,3.64,58,119,565
04/21/2017 13:59:57,155,10.9,601.000,368.07,3.64,56,117,565
04/21/2017 14:00:07,135,10.9,598.120,368.03,3.64,59,120,565
04/21/2017 14:00:17,146,10.8,595.690,368.27,3.64,58,121,565
04/21/2017 14:00:27,133,10.8,592.800,367.63,3.64,57,119,565
04/21/2017 14:00:37,155,10.8,590.120,368.57,3.64,58,118,565
04/21/2017 14:00:47,141,10.9,587.650,368.18,3.65,58,118,565
04/21/2017 14:00:57,145,10.8,585.110,368.12,3.65,57,119,565
04/21/2017 14:01:07,143,10.9,582.310,367.54,3.65,58,118,564
04/21/2017 14:01:17,150,10.8,579.640,367.61,3.65,55,119,565
04/21/2017 14:01:27,174,10.8,576.980,365.94,3.66,57,118,565
04/21/2017 14:01:37,147,10.8,574.430,366.58,3.66,57,117,565
04/21/2017 14:01:47,141,10.8,572.110,366.05,3.66,56,119,565
04/21/2017 14:01:57,149,10.8,569.330,366.07,3.66,57,117,564
04/21/2017 14:02:07,144,10.9,566.430,364.83,3.66,57,118,564
04/21/2017 14:02:17,165,10.8,563.830,365.42,3.67,56,117,564
04/21/2017 14:02:27,142,10.9,561.100,365.91,3.67,53,116,565
04/21/2017 14:02:37,142,10.9,558.520,365.20,3.67,55,116,565
04/21/2017 14:02:47,143,10.8,556.000,364.77,3.67,55,117,564
04/21/2017 14:02:57,154,10.8,553.200,364.40,3.67,56,118,564
04/21/2017 14:03:07,140,10.8,550.640,365.05,3.67,56,116,565
04/21/2017 14:03:17,171,10.8,547.980,366.28,3.67,54,116,565
04/21/2017 14:03:27,136,10.9,545.350,365.53,3.67,56,118,565
04/21/2017 14:03:37,162,10.9,542.940,365.10,3.67,56,118,564
04/21/2017 14:03:47,164,10.8,540.120,365.68,3.67,56,116,564
04/21/2017 14:03:57,167,10.9,537.400,365.42,3.68,55,116,565
04/21/2017 14:04:07,156,10.9,534.740,365.16,3.67,55,118,564
04/21/2017 14:04:17,166,10.8,532.080,365.69,3.68,55,119,564
04/21/2017 14:04:27,167,10.8,529.540,365.15,3.68,55,118,565
04/21/2017 14:04:37,140,10.9,526.870,365.71,3.68,57,118,565
04/21/2017 14:04:47,149,10.9,524.170,365.03,3.68,55,117,565
04/21/2017 14:04:57,158,10.8,521.620,366.36,3.68,55,118,564
04/21/2017 14:05:07,156,10.9,518.990,365.37,3.68,55,119,565
04/21/2017 14:05:17,148,10.8,516.260,365.81,3.68,56,117,564
04/21/2017 14:05:27,154,10.9,513.760,365.62,3.68,56,118,564
04/21/2017 14:05:37,150,10.9,510.980,365.35,3.68,55,117,565
04/21/2017 14:05:47,153,10.8,508.540,365.90,3.68,56,119,564
04/21/2017 14:05:57,156,10.8,505.800,366.68,3.68,56,117,564
04/21/2017 14:06:07,161,10.9,503.270,366.27,3.68,58,119,565
04/21/2017 14:06:17,157,10.8,500.590,367.05,3.68,57,118,564
04/21/2017 14:06:27,171,10.8,497.840,367.80,3.68,57,119,565
04/21/2017 14:06:37,161,10.8,495.330,366.27,3.69,57,119,565
04/21/2017 14:06:47,161,10.8,492.680,367.16,3.68,59,120,565
04/21/2017 14:06:57,149,10.8,489.990,368.83,3.68,56,119,564
04/21/2017 14:07:07,150,10.8,487.460,367.56,3.69,60,118,565
04/21/2017 14:07:17,145,10.8,484.710,369.13,3.69,57,119,565
04/21/2017 14:07:27,164,10.9,482.140,368.31,3.69,57,122,564
04/21/2017 14:07:37,144,10.8,479.770,368.32,3.69,58,117,565
04/21/2017 14:07:47,159,10.8,476.880,367.95,3.69,57,119,565
04/21/2017 14:07:57,151,10.8,474.240,368.06,3.69,57,119,564
04/21/2017 14:08:07,150,10.8,471.630,368.12,3.69,57,121,565
04/21/2017 14:08:17,158,10.8,468.930,368.19,3.70,57,119,564
04/21/2017 14:08:27,155,10.9,466.400,368.73,3.69,58,119,564
04/21/2017 14:08:37,155,10.8,463.700,369.27,3.70,59,119,565
04/21/2017 14:08:47,147,10.8,461.090,369.57,3.69,59,120,564
04/21/2017 14:08:57,168,10.8,458.400,368.98,3.69,58,121,565
04/21/2017 14:09:07,147,10.8,456.040,369.54,3.69,60,120,565
04/21/2017 14:09:17,174,10.8,453.190,369.87,3.69,60,122,564
04/21/2017 14:09:27,155,10.8,450.490,370.21,3.69,60,122,564
04/21/2017 14:09:37,159,10.8,447.940,371.57,3.69,60,120,564
04/21/2017 14:09:47,154,10.8,445.180,371.98,3.69,60,121,564
04/21/2017 14:09:57,166,10.8,442.590,372.28,3.69,60,126,565
04/21/2017 14:10:07,153,10.8,440.010,371.77,3.69,60,123,564
04/21/2017 14:10:17,158,10.8,437.400,371.85,3.69,61,122,565
04/21/2017 14:10:27,150,10.8,435.060,371.67,3.69,61,121,564
04/21/2017 14:10:37,159,10.8,432.480,370.12,3.70,60,120,564
04/21/2017 14:10:47,160,10.8,429.560,370.20,3.70,59,122,564
04/21/2017 14:10:57,165,10.8,426.810,370.48,3.70,61,120,564
04/21/2017 14:11:07,144,10.8,424.280,369.89,3.70,61,120,564
04/21/2017 14:11:17,158,10.8,421.600,370.43,3.70,61,120,564
04/21/2017 14:11:27,147,10.8,418.920,370.85,3.71,60,122,564
04/21/2017 14:11:37,150,10.8,416.360,370.72,3.71,59,120,565
04/21/2017 14:11:47,169,10.8,413.770,369.78,3.71,58,121,564
04/21/2017 14:11:57,173,10.8,411.030,369.97,3.72,60,121,564
04/21/2017 14:12:07,153,10.8,408.380,370.05,3.72,59,121,565
04/21/2017 14:12:17,153,10.8,405.760,369.15,3.73,60,119,565
04/21/2017 14:12:27,153,10.8,403.230,369.70,3.73,60,121,564
04/21/2017 14:12:37,151,10.8,400.580,368.65,3.73,60,121,564
04/21/2017 14:12:47,142,10.8,397.910,368.60,3.73,60,121,565
04/21/2017 14:12:57,164,10.8,395.270,369.40,3.73,62,120,564
04/21/2017 14:13:07,153,10.8,392.680,369.25,3.73,60,121,565
04/21/2017 14:13:17,159,10.8,389.970,369.91,3.73,61,121,564
04/21/2017 14:13:27,145,10.9,387.450,370.01,3.73,60,123,564
04/21/2017 14:13:37,168,10.8,384.730,369.80,3.73,62,120,565
04/21/2017 14:13:47,157,10.8,382.170,369.65,3.73,61,121,564
04/21/2017 14:13:57,150,10.8,379.460,369.63,3.74,62,124,564
04/21/2017 14:14:07,144,10.8,376.840,369.89,3.74,60,123,564
04/21/2017 14:14:17,170,10.8,374.160,370.61,3.74,61,121,564
04/21/2017 14:14:27,147,10.8,371.660,370.71,3.74,62,121,564
04/21/2017 14:14:37,138,10.9,369.040,370.02,3.74,61,122,564
04/21/2017 14:14:47,159,10.9,366.360,370.07,3.74,61,127,564
04/21/2017 14:14:57,154,10.8,363.620,369.48,3.74,63,122,564
04/21/2017 14:15:07,150,10.9,361.110,369.97,3.74,62,121,565
04/21/2017 14:15:17,159,10.8,358.470,369.55,3.74,63,123,565
04/21/2017 14:15:27,160,10.8,355.720,371.25,3.75,63,123,564
04/21/2017 14:15:37,160,10.8,353.220,370.21,3.75,66,124,565
04/21/2017 14:15:47,146,10.8,350.560,371.39,3.75,66,122,564
04/21/2017 14:15:57,154,10.8,347.830,371.06,3.76,66,123,564
04/21/2017 14:16:07,156,10.8,345.240,370.79,3.77,65,123,564
04/21/2017 14:16:17,158,10.8,342.710,371.19,3.77,64,122,564
04/21/2017 14:16:27,142,10.8,340.060,371.65,3.78,64,123,564
04/21/2017 14:16:37,147,10.8,337.350,370.41,3.79,68,124,564
04/21/2017 14:16:47,152,10.9,334.730,371.04,3.82,69,125,564
04/21/2017 14:16:57,151,10.8,332.080,371.54,3.83,68,137,564
04/21/2017 14:17:07,147,10.8,329.440,371.34,3.83,69,131,564
04/21/2017 14:17:17,152,10.8,326.850,371.38,3.83,70,126,564
04/21/2017 14:17:27,143,10.8,324.130,371.72,3.84,72,123,564
04/21/2017 14:17:37,160,10.8,321.580,371.65,3.85,74,125,564
04/21/2017 14:17:47,152,10.8,319.070,372.10,3.85,74,125,564
04/21/2017 14:17:57,156,10.8,316.260,370.66,3.86,78,125,564
04/21/2017 14:18:07,161,10.8,313.710,372.51,3.87,79,127,564
04/21/2017 14:18:17,148,10.8,311.040,372.74,3.88,80,129,564
04/21/2017 14:18:27,157,10.8,308.370,372.81,3.89,83,131,564
04/21/2017 14:18:37,167,10.8,305.790,373.73,3.89,83,129,564
04/21/2017 14:18:47,160,10.8,303.270,373.86,3.89,84,141,564
04/21/2017 14:18:57,151,10.8,300.570,374.43,3.89,84,128,564
04/21/2017 14:19:07,163,10.8,298.020,374.21,3.90,87,129,564
04/21/2017 14:19:17,165,10.8,295.360,374.08,3.90,88,127,564
04/21/2017 14:19:27,149,10.9,292.660,374.01,3.90,88,131,564
04/21/2017 14:19:37,107,10.9,290.080,374.26,3.91,91,129,564
04/21/2017 14:19:47,157,10.8,287.410,376.57,3.91,93,130,564
04/21/2017 14:19:57,165,10.8,284.860,376.31,3.92,94,132,564
04/21/2017 14:20:07,161,10.8,282.200,375.85,3.92,93,131,564
04/21/2017 14:20:17,166,10.8,279.630,377.17,3.92,96,132,564
04/21/2017 14:20:27,155,10.8,276.910,376.34,3.92,98,131,564
04/21/2017 14:20:37,167,10.8,274.360,376.95,3.92,98,133,564
04/21/2017 14:20:47,167,10.8,271.780,377.50,3.93,100,134,564
04/21/2017 14:20:57,150,10.8,269.150,377.55,3.93,100,132,564
04/21/2017 14:21:07,157,10.8,266.490,376.70,3.93,100,133,564
04/21/2017 14:21:17,177,10.8,263.810,377.82,3.93,103,134,564
04/21/2017 14:21:27,157,10.8,261.240,378.25,3.94,104,135,564
04/21/2017 14:21:37,152,10.8,258.580,378.28,3.94,103,134,564
04/21/2017 14:21:47,163,10.8,256.000,378.18,3.94,106,153,564
04/21/2017 14:21:57,154,10.8,253.290,378.90,3.94,105,142,564
04/21/2017 14:22:07,160,10.8,250.800,379.07,3.94,107,135,564
04/21/2017 14:22:17,155,10.8,248.030,378.68,3.94,106,135,564
04/21/2017 14:22:27,153,10.8,245.460,379.53,3.95,107,136,564
04/21/2017 14:22:37,156,10.8,242.880,379.23,3.95,108,136,564
04/21/2017 14:22:47,162,10.8,240.260,379.34,3.95,108,135,564
04/21/2017 14:22:57,157,10.8,237.560,379.02,3.96,109,135,564
04/21/2017 14:23:07,154,10.8,235.000,379.58,3.96,110,136,564
04/21/2017 14:23:17,159,10.8,232.310,379.81,3.96,111,138,564
04/21/2017 14:23:27,148,10.8,229.750,379.19,3.96,111,136,564
04/21/2017 14:23:37,145,10.8,227.150,379.53,3.97,112,137,564
04/21/2017 14:23:47,153,10.8,224.450,380.96,3.97,110,138,564
04/21/2017 14:23:57,152,10.8,221.820,379.01,3.97,109,138,564
04/21/2017 14:24:07,153,10.9,219.170,380.47,3.97,109,137,564
04/21/2017 14:24:17,158,10.8,216.570,380.52,3.96,111,136,564
04/21/2017 14:24:27,157,10.8,213.970,380.85,3.96,110,138,564
04/21/2017 14:24:37,148,10.8,211.430,380.17,3.96,110,144,564
04/21/2017 14:24:47,156,10.8,208.770,379.22,3.96,110,136,564
04/21/2017 14:24:57,153,10.8,205.990,380.41,3.96,110,136,564
04/21/2017 14:25:07,155,10.8,203.410,379.37,3.96,110,137,564
04/21/2017 14:25:17,152,10.8,200.860,380.81,3.97,112,138,564
04/21/2017 14:25:27,150,10.8,198.230,380.32,3.97,113,139,564
04/21/2017 14:25:37,165,10.8,195.590,381.04,3.97,112,137,564
04/21/2017 14:25:47,166,10.8,192.880,381.19,3.97,112,138,564
04/21/2017 14:25:57,154,10.8,190.210,380.63,3.98,114,140,564
04/21/2017 14:26:07,154,10.8,187.690,381.63,3.98,113,139,564
04/21/2017 14:26:17,160,10.8,185.080,382.29,3.98,115,144,564
04/21/2017 14:26:27,160,10.8,182.360,381.39,3.99,114,141,564
04/21/2017 14:26:37,150,10.8,179.820,381.87,3.99,113,141,564
04/21/2017 14:26:47,430,10.6,178.670,381.24,4.00,129,139,564
04/21/2017 14:26:57,414,10.6,178.670,381.25,4.00,136,143,564
04/21/2017 14:27:07,418,10.6,178.640,381.29,4.00,125,154,564
04/21/2017 14:27:17,442,10.6,178.720,381.55,4.00,132,143,564
04/21/2017 14:27:27,448,10.5,178.730,380.85,4.00,130,142,564
04/21/2017 14:27:37,408,10.6,178.700,381.32,4.00,129,143,564
04/21/2017 14:27:47,388,10.5,178.700,381.62,4.01,136,213,564

 Ramp exit:    SMOOTH RUNNING
 Profile exit: TOP PRESSURE

 Vehicle motion stopped at 04/21/2017 14:27:52
 Sensor logging stopped at 04/21/2017 14:30:01
