
 Profile 347

 Sensors were turned on at  04/26/2017 12:00:02
 Vehicle began profiling at 04/26/2017 12:02:04

Date,[mA],[V],[dbar],Oxygen[uM],Optode Temp[C],Chl,NTU,Therm
04/26/2017 12:02:04,0,11.0,0.000,0.00,0.00,55,138,570
04/26/2017 12:02:14,198,10.7,0.000,0.00,0.00,53,131,569
04/26/2017 12:02:24,174,10.8,0.000,0.00,0.00,52,132,569
04/26/2017 12:02:37,238,10.8,2519.410,340.08,2.17,53,129,569
04/26/2017 12:02:47,166,10.9,2516.680,340.22,2.19,53,133,569
04/26/2017 12:02:57,163,10.9,2514.080,339.90,2.20,52,130,569
04/26/2017 12:03:07,169,10.9,2511.590,339.55,2.22,54,129,569
04/26/2017 12:03:17,168,10.9,2508.890,340.36,2.24,53,130,569
04/26/2017 12:03:27,180,10.9,2506.230,338.90,2.26,52,125,569
04/26/2017 12:03:37,170,10.9,2503.610,337.65,2.29,52,128,569
04/26/2017 12:03:47,174,10.9,2501.020,337.60,2.31,55,126,569
04/26/2017 12:03:57,154,10.9,2498.400,336.97,2.33,54,123,569
04/26/2017 12:04:07,164,10.9,2495.720,336.12,2.35,53,122,569
04/26/2017 12:04:17,161,10.9,2493.180,335.31,2.36,54,124,569
04/26/2017 12:04:27,171,10.9,2490.670,334.81,2.37,53,122,568
04/26/2017 12:04:37,157,10.9,2487.930,334.35,2.38,54,122,568
04/26/2017 12:04:47,165,10.8,2485.290,333.99,2.39,54,123,569
04/26/2017 12:04:57,161,10.8,2482.740,333.73,2.40,53,126,568
04/26/2017 12:05:07,167,10.8,2480.230,333.04,2.41,54,134,568
04/26/2017 12:05:17,170,10.9,2477.640,334.16,2.42,52,128,568
04/26/2017 12:05:27,163,10.8,2475.000,334.06,2.43,53,125,568
04/26/2017 12:05:37,167,10.8,2472.390,333.96,2.46,54,124,568
04/26/2017 12:05:47,155,10.8,2469.730,333.11,2.46,53,126,568
04/26/2017 12:05:57,166,10.8,2467.030,333.79,2.46,53,123,568
04/26/2017 12:06:07,150,10.8,2464.430,332.87,2.47,53,123,568
04/26/2017 12:06:17,154,10.8,2461.910,333.47,2.47,53,122,568
04/26/2017 12:06:27,149,10.8,2459.110,332.92,2.47,55,123,568
04/26/2017 12:06:37,150,10.8,2456.610,332.14,2.47,53,122,568
04/26/2017 12:06:47,144,10.8,2453.930,331.87,2.48,53,120,568
04/26/2017 12:06:57,141,10.8,2451.260,331.94,2.51,54,120,568
04/26/2017 12:07:07,168,10.8,2448.680,330.45,2.53,53,118,568
04/26/2017 12:07:17,148,10.8,2446.060,329.63,2.55,54,116,568
04/26/2017 12:07:27,160,10.8,2443.320,327.69,2.56,53,118,568
04/26/2017 12:07:37,151,10.8,2440.720,326.49,2.58,54,113,568
04/26/2017 12:07:47,147,10.8,2438.080,325.77,2.61,52,114,568
04/26/2017 12:07:57,161,10.8,2435.480,323.83,2.61,53,113,567
04/26/2017 12:08:07,166,10.8,2432.870,323.78,2.61,53,112,568
04/26/2017 12:08:17,145,10.8,2430.330,323.68,2.62,53,112,568
04/26/2017 12:08:27,153,10.8,2427.660,323.11,2.62,54,113,568
04/26/2017 12:08:37,155,10.8,2425.110,323.49,2.62,53,111,568
04/26/2017 12:08:47,155,10.8,2422.420,323.24,2.63,53,112,567
04/26/2017 12:08:57,150,10.8,2419.790,323.46,2.64,54,115,567
04/26/2017 12:09:07,158,10.8,2417.220,322.08,2.64,53,122,567
04/26/2017 12:09:17,161,10.8,2414.580,322.58,2.65,54,114,567
04/26/2017 12:09:27,138,10.8,2411.900,322.97,2.66,52,112,567
04/26/2017 12:09:37,148,10.8,2409.330,322.95,2.67,53,112,567
04/26/2017 12:09:47,158,10.8,2406.740,322.03,2.68,52,113,567
04/26/2017 12:09:57,159,10.8,2404.020,322.43,2.68,54,112,567
04/26/2017 12:10:07,160,10.8,2401.560,322.44,2.68,53,114,567
04/26/2017 12:10:17,162,10.8,2398.850,321.63,2.68,53,113,567
04/26/2017 12:10:27,149,10.7,2396.260,321.96,2.68,53,113,567
04/26/2017 12:10:37,127,10.8,2393.620,322.15,2.68,53,113,567
04/26/2017 12:10:47,162,10.8,2391.090,321.92,2.68,53,113,567
04/26/2017 12:10:57,150,10.8,2388.440,322.05,2.68,55,111,567
04/26/2017 12:11:07,135,10.8,2385.810,321.82,2.69,52,111,567
04/26/2017 12:11:17,141,10.8,2383.040,321.04,2.70,53,114,567
04/26/2017 12:11:27,143,10.8,2380.470,321.15,2.71,54,112,567
04/26/2017 12:11:37,138,10.8,2377.780,321.66,2.71,53,112,567
04/26/2017 12:11:47,141,10.8,2375.220,320.66,2.72,54,111,567
04/26/2017 12:11:57,133,10.8,2372.560,321.77,2.73,52,111,567
04/26/2017 12:12:07,144,10.8,2369.840,320.93,2.73,52,113,567
04/26/2017 12:12:17,129,10.8,2367.400,321.41,2.73,52,113,567
04/26/2017 12:12:27,152,10.8,2364.650,322.31,2.73,54,113,567
04/26/2017 12:12:37,138,10.8,2362.030,320.91,2.74,53,113,567
04/26/2017 12:12:47,149,10.7,2359.440,321.34,2.74,52,111,567
04/26/2017 12:12:57,132,10.8,2356.730,321.11,2.75,55,115,567
04/26/2017 12:13:07,154,10.8,2354.130,321.71,2.75,53,112,567
04/26/2017 12:13:17,130,10.8,2351.490,320.63,2.76,52,111,567
04/26/2017 12:13:27,138,10.8,2348.900,321.65,2.76,51,112,567
04/26/2017 12:13:37,115,10.8,2346.120,320.80,2.76,55,114,567
04/26/2017 12:13:47,138,10.8,2343.460,320.96,2.77,53,111,567
04/26/2017 12:13:57,137,10.8,2340.840,321.44,2.77,54,113,567
04/26/2017 12:14:07,121,10.8,2338.240,320.65,2.77,53,112,567
04/26/2017 12:14:17,123,10.8,2335.630,320.78,2.78,54,119,567
04/26/2017 12:14:27,119,10.8,2332.970,321.42,2.78,52,111,567
04/26/2017 12:14:37,138,10.8,2330.240,320.35,2.78,52,112,567
04/26/2017 12:14:47,121,10.8,2327.650,320.92,2.78,53,111,567
04/26/2017 12:14:57,156,10.7,2325.030,320.57,2.79,53,113,567
04/26/2017 12:15:07,132,10.8,2322.360,320.92,2.79,54,111,567
04/26/2017 12:15:17,121,10.8,2319.640,320.66,2.79,53,112,566
04/26/2017 12:15:27,140,10.8,2316.980,320.55,2.80,53,111,567
04/26/2017 12:15:37,131,10.8,2314.370,320.81,2.80,52,113,567
04/26/2017 12:15:47,129,10.8,2311.730,319.98,2.80,53,114,567
04/26/2017 12:15:57,122,10.8,2309.090,320.21,2.80,53,112,567
04/26/2017 12:16:07,134,10.8,2306.470,320.74,2.81,54,111,566
04/26/2017 12:16:17,129,10.8,2303.730,319.93,2.81,55,110,567
04/26/2017 12:16:27,130,10.8,2301.130,320.56,2.82,52,111,566
04/26/2017 12:16:37,118,10.8,2298.470,320.10,2.82,54,111,566
04/26/2017 12:16:47,118,10.8,2295.790,320.41,2.82,53,111,566
04/26/2017 12:16:57,124,10.8,2293.180,320.10,2.82,53,111,566
04/26/2017 12:17:07,125,10.8,2290.560,320.42,2.82,53,111,566
04/26/2017 12:17:17,123,10.8,2287.800,320.40,2.82,53,109,566
04/26/2017 12:17:27,128,10.8,2285.080,320.64,2.82,54,111,566
04/26/2017 12:17:37,143,10.8,2282.560,320.67,2.83,53,111,566
04/26/2017 12:17:47,124,10.8,2279.980,319.98,2.83,53,110,566
04/26/2017 12:17:57,139,10.8,2277.220,320.38,2.83,53,111,566
04/26/2017 12:18:07,130,10.8,2274.600,320.09,2.83,51,113,566
04/26/2017 12:18:17,120,10.8,2271.990,320.16,2.83,55,111,566
04/26/2017 12:18:27,126,10.8,2269.260,320.74,2.83,54,111,566
04/26/2017 12:18:37,138,10.8,2266.510,319.69,2.83,53,111,566
04/26/2017 12:18:47,126,10.8,2263.910,320.37,2.84,54,111,566
04/26/2017 12:18:57,136,10.8,2261.310,320.83,2.83,54,111,566
04/26/2017 12:19:07,118,10.8,2258.580,320.82,2.83,53,110,566
04/26/2017 12:19:17,139,10.8,2255.890,321.17,2.84,53,112,566
04/26/2017 12:19:27,127,10.8,2253.220,321.55,2.84,53,121,566
04/26/2017 12:19:37,128,10.8,2250.620,320.42,2.84,53,110,566
04/26/2017 12:19:47,114,10.8,2247.930,320.70,2.84,53,118,566
04/26/2017 12:19:57,123,10.8,2245.300,320.61,2.84,53,113,566
04/26/2017 12:20:07,128,10.8,2242.540,320.28,2.84,53,113,566
04/26/2017 12:20:17,115,10.8,2239.950,320.78,2.85,52,111,566
04/26/2017 12:20:27,133,10.8,2237.180,320.77,2.86,52,111,566
04/26/2017 12:20:37,120,10.8,2234.640,319.63,2.86,53,111,566
04/26/2017 12:20:47,132,10.8,2231.990,320.11,2.87,53,111,566
04/26/2017 12:20:57,137,10.8,2229.360,320.54,2.87,53,111,566
04/26/2017 12:21:07,123,10.8,2226.690,320.93,2.86,53,112,566
04/26/2017 12:21:17,119,10.8,2224.000,320.32,2.87,54,111,566
04/26/2017 12:21:27,108,10.8,2221.390,321.21,2.87,53,111,566
04/26/2017 12:21:37,114,10.8,2218.640,321.10,2.87,53,111,566
04/26/2017 12:21:47,124,10.8,2215.920,321.12,2.87,54,118,566
04/26/2017 12:21:57,119,10.8,2213.370,321.23,2.87,52,111,566
04/26/2017 12:22:07,117,10.8,2210.640,321.36,2.87,54,110,566
04/26/2017 12:22:17,132,10.8,2208.060,321.15,2.87,53,112,566
04/26/2017 12:22:27,141,10.8,2205.300,321.50,2.88,53,112,566
04/26/2017 12:22:37,140,10.8,2202.660,321.13,2.89,53,112,566
04/26/2017 12:22:47,135,10.8,2200.050,320.85,2.89,52,109,566
04/26/2017 12:22:57,147,10.8,2197.360,320.05,2.89,53,110,566
04/26/2017 12:23:07,137,10.8,2194.840,320.96,2.90,54,110,566
04/26/2017 12:23:17,141,10.8,2192.170,320.24,2.90,52,109,566
04/26/2017 12:23:27,139,10.8,2189.510,320.54,2.90,52,110,566
04/26/2017 12:23:37,115,10.8,2186.860,320.92,2.90,53,112,566
04/26/2017 12:23:47,140,10.8,2184.150,320.38,2.91,52,112,566
04/26/2017 12:23:57,141,10.8,2181.570,320.14,2.91,54,111,566
04/26/2017 12:24:07,137,10.8,2178.810,320.16,2.91,54,113,566
04/26/2017 12:24:17,137,10.8,2176.300,320.36,2.91,52,111,566
04/26/2017 12:24:27,136,10.8,2173.580,319.67,2.92,53,109,566
04/26/2017 12:24:37,131,10.8,2170.910,321.17,2.92,52,112,566
04/26/2017 12:24:47,124,10.8,2168.330,320.74,2.92,53,113,566
04/26/2017 12:24:57,128,10.8,2165.700,319.86,2.93,53,111,566
04/26/2017 12:25:07,130,10.8,2163.000,320.09,2.93,53,110,566
04/26/2017 12:25:17,134,10.8,2160.380,320.40,2.93,53,112,566
04/26/2017 12:25:27,147,10.8,2157.570,320.46,2.93,54,110,566
04/26/2017 12:25:37,148,10.8,2154.930,320.15,2.93,53,110,566
04/26/2017 12:25:47,131,10.8,2152.430,320.10,2.94,53,110,566
04/26/2017 12:25:57,152,10.7,2149.670,320.57,2.94,52,110,566
04/26/2017 12:26:07,128,10.8,2147.070,320.38,2.94,52,112,566
04/26/2017 12:26:17,134,10.8,2144.440,320.88,2.94,53,110,566
04/26/2017 12:26:27,123,10.8,2141.690,321.41,2.94,53,108,566
04/26/2017 12:26:37,138,10.8,2139.110,320.84,2.95,52,111,566
04/26/2017 12:26:47,145,10.8,2136.420,322.10,2.95,53,109,566
04/26/2017 12:26:57,132,10.8,2133.810,321.29,2.96,54,109,566
04/26/2017 12:27:07,123,10.8,2131.060,321.43,2.96,54,111,566
04/26/2017 12:27:17,140,10.8,2128.490,321.32,2.96,52,111,566
04/26/2017 12:27:27,127,10.8,2125.790,320.88,2.96,54,110,566
04/26/2017 12:27:37,121,10.8,2123.090,320.82,2.97,53,111,566
04/26/2017 12:27:47,122,10.8,2120.450,321.24,2.97,52,117,566
04/26/2017 12:27:57,135,10.8,2117.760,321.17,2.97,52,110,566
04/26/2017 12:28:07,136,10.8,2115.280,320.97,2.98,56,112,566
04/26/2017 12:28:17,133,10.8,2112.400,321.20,2.99,53,110,566
04/26/2017 12:28:27,119,10.8,2109.720,321.01,3.00,53,111,566
04/26/2017 12:28:37,130,10.8,2107.160,320.96,3.00,53,111,566
04/26/2017 12:28:47,142,10.8,2104.510,320.72,3.00,53,110,566
04/26/2017 12:28:57,157,10.7,2101.760,320.65,3.00,54,110,566
04/26/2017 12:29:07,151,10.8,2099.180,320.71,3.00,54,112,566
04/26/2017 12:29:17,134,10.8,2096.510,320.75,3.01,53,110,566
04/26/2017 12:29:27,143,10.8,2093.820,320.77,3.01,52,112,566
04/26/2017 12:29:37,134,10.8,2091.290,320.97,3.01,52,110,566
04/26/2017 12:29:47,157,10.8,2088.650,320.69,3.00,53,110,566
04/26/2017 12:29:57,139,10.8,2085.980,320.47,3.00,53,110,566
04/26/2017 12:30:07,125,10.8,2083.230,320.54,3.01,53,113,566
04/26/2017 12:30:17,141,10.8,2080.550,320.82,3.01,52,111,566
04/26/2017 12:30:27,129,10.8,2077.990,320.76,3.01,54,113,566
04/26/2017 12:30:37,137,10.8,2075.250,321.16,3.01,53,111,566
04/26/2017 12:30:47,135,10.8,2072.600,320.77,3.00,53,110,566
04/26/2017 12:30:57,137,10.8,2069.940,321.83,3.00,53,109,566
04/26/2017 12:31:07,133,10.8,2067.270,322.38,3.00,52,111,566
04/26/2017 12:31:17,148,10.8,2064.640,323.27,3.00,52,112,566
04/26/2017 12:31:27,125,10.8,2062.030,323.16,3.01,52,111,566
04/26/2017 12:31:37,146,10.8,2059.350,322.28,3.01,53,109,566
04/26/2017 12:31:47,151,10.8,2056.700,322.43,3.01,53,111,566
04/26/2017 12:31:57,151,10.8,2054.090,322.36,3.01,54,112,566
04/26/2017 12:32:07,140,10.8,2051.420,322.23,3.02,53,110,566
04/26/2017 12:32:17,122,10.8,2048.900,322.27,3.02,53,114,566
04/26/2017 12:32:27,132,10.8,2046.240,322.66,3.04,53,110,566
04/26/2017 12:32:37,134,10.8,2043.540,322.50,3.04,52,111,566
04/26/2017 12:32:47,138,10.8,2040.850,323.32,3.04,52,110,566
04/26/2017 12:32:57,142,10.8,2038.260,322.06,3.04,53,108,566
04/26/2017 12:33:07,138,10.8,2035.690,322.22,3.05,53,110,566
04/26/2017 12:33:17,151,10.8,2032.940,322.60,3.06,53,110,566
04/26/2017 12:33:27,128,10.8,2030.320,321.62,3.07,54,110,566
04/26/2017 12:33:37,131,10.8,2027.570,321.40,3.07,54,110,566
04/26/2017 12:33:47,134,10.8,2024.980,322.27,3.07,53,109,566
04/26/2017 12:33:57,138,10.8,2022.440,322.17,3.07,53,118,566
04/26/2017 12:34:07,141,10.8,2019.730,321.69,3.08,53,113,566
04/26/2017 12:34:17,136,10.8,2017.030,321.64,3.09,53,113,566
04/26/2017 12:34:27,160,10.7,2014.490,321.33,3.09,53,112,566
04/26/2017 12:34:37,136,10.8,2011.850,322.26,3.08,53,112,565
04/26/2017 12:34:47,122,10.8,2009.160,321.62,3.09,54,112,566
04/26/2017 12:34:57,127,10.8,2006.420,322.14,3.08,52,113,566
04/26/2017 12:35:07,112,10.8,2003.730,322.94,3.08,52,114,566
04/26/2017 12:35:17,127,10.8,2001.180,323.00,3.08,53,113,566
04/26/2017 12:35:27,124,10.8,1998.510,324.54,3.08,53,114,566
04/26/2017 12:35:37,134,10.8,1995.790,323.46,3.09,52,112,566
04/26/2017 12:35:47,144,10.8,1993.110,323.48,3.09,53,110,566
04/26/2017 12:35:57,144,10.8,1990.560,322.46,3.10,52,110,566
04/26/2017 12:36:07,123,10.8,1987.860,323.37,3.11,53,113,566
04/26/2017 12:36:17,130,10.8,1985.190,322.67,3.11,53,111,566
04/26/2017 12:36:27,134,10.8,1982.550,322.37,3.11,52,111,566
04/26/2017 12:36:37,137,10.8,1979.930,322.68,3.11,52,110,566
04/26/2017 12:36:47,148,10.8,1977.230,323.05,3.11,52,111,566
04/26/2017 12:36:57,151,10.8,1974.650,322.69,3.11,51,111,566
04/26/2017 12:37:07,130,10.8,1971.930,322.13,3.12,53,111,566
04/26/2017 12:37:17,123,10.8,1969.280,322.20,3.12,53,113,566
04/26/2017 12:37:27,134,10.8,1966.590,322.83,3.13,53,111,566
04/26/2017 12:37:37,124,10.8,1963.990,323.04,3.14,54,112,566
04/26/2017 12:37:47,129,10.8,1961.310,323.15,3.14,53,111,565
04/26/2017 12:37:57,135,10.8,1958.580,323.25,3.14,52,112,566
04/26/2017 12:38:07,147,10.8,1956.010,323.50,3.14,52,113,566
04/26/2017 12:38:17,135,10.8,1953.290,323.01,3.15,53,114,566
04/26/2017 12:38:27,130,10.8,1950.740,323.28,3.15,53,112,566
04/26/2017 12:38:37,124,10.8,1947.980,322.98,3.15,53,111,566
04/26/2017 12:38:47,141,10.8,1945.380,322.18,3.15,53,112,566
04/26/2017 12:38:57,148,10.8,1942.820,323.16,3.15,54,112,565
04/26/2017 12:39:07,133,10.8,1940.140,322.88,3.16,54,115,565
04/26/2017 12:39:17,134,10.8,1937.470,323.62,3.16,53,111,566
04/26/2017 12:39:27,144,10.8,1934.800,323.67,3.16,52,113,566
04/26/2017 12:39:37,135,10.8,1932.160,322.97,3.16,52,110,565
04/26/2017 12:39:47,124,10.8,1929.550,323.41,3.17,52,113,566
04/26/2017 12:39:57,148,10.8,1926.800,323.28,3.17,53,114,566
04/26/2017 12:40:07,127,10.8,1924.090,323.88,3.17,53,113,565
04/26/2017 12:40:17,141,10.8,1921.560,323.62,3.17,54,113,565
04/26/2017 12:40:27,143,10.8,1918.850,323.85,3.18,53,114,566
04/26/2017 12:40:37,130,10.8,1916.190,323.64,3.18,54,117,566
04/26/2017 12:40:47,131,10.8,1913.520,324.50,3.19,53,113,566
04/26/2017 12:40:57,140,10.8,1910.990,323.30,3.19,53,111,566
04/26/2017 12:41:07,146,10.8,1908.270,323.96,3.19,53,116,566
04/26/2017 12:41:17,129,10.8,1905.610,323.39,3.20,54,113,566
04/26/2017 12:41:27,140,10.8,1902.870,324.25,3.20,53,115,565
04/26/2017 12:41:37,134,10.8,1900.180,324.52,3.20,53,112,565
04/26/2017 12:41:47,130,10.8,1897.620,324.39,3.20,50,113,565
04/26/2017 12:41:57,141,10.8,1895.040,323.54,3.21,55,113,565
04/26/2017 12:42:07,125,10.8,1892.380,324.35,3.21,53,115,565
04/26/2017 12:42:17,140,10.8,1889.650,323.81,3.21,53,113,566
04/26/2017 12:42:27,137,10.8,1886.960,324.05,3.21,54,112,565
04/26/2017 12:42:37,126,10.8,1884.420,323.42,3.22,53,118,565
04/26/2017 12:42:47,134,10.8,1881.730,323.81,3.22,53,115,565
04/26/2017 12:42:57,133,10.8,1879.000,323.20,3.22,54,114,565
04/26/2017 12:43:07,135,10.8,1876.480,323.87,3.23,53,115,565
04/26/2017 12:43:17,134,10.8,1873.880,323.99,3.23,53,115,565
04/26/2017 12:43:27,127,10.8,1871.050,324.83,3.23,51,117,565
04/26/2017 12:43:37,135,10.8,1868.470,323.58,3.24,52,112,565
04/26/2017 12:43:47,125,10.8,1865.790,324.73,3.24,53,112,565
04/26/2017 12:43:57,117,10.8,1863.100,323.51,3.25,53,117,565
04/26/2017 12:44:07,138,10.8,1860.550,324.26,3.25,53,114,566
04/26/2017 12:44:17,127,10.8,1857.910,324.52,3.26,53,114,565
04/26/2017 12:44:27,129,10.8,1855.120,324.65,3.26,52,115,565
04/26/2017 12:44:37,124,10.8,1852.460,324.52,3.26,54,114,565
04/26/2017 12:44:47,138,10.8,1849.860,324.18,3.27,53,117,565
04/26/2017 12:44:57,141,10.8,1847.310,324.40,3.27,53,112,566
04/26/2017 12:45:07,129,10.8,1844.520,323.74,3.27,53,115,565
04/26/2017 12:45:17,133,10.8,1841.990,324.96,3.27,53,116,565
04/26/2017 12:45:27,141,10.8,1839.280,323.95,3.28,53,113,565
04/26/2017 12:45:37,134,10.8,1836.520,323.61,3.28,52,113,565
04/26/2017 12:45:47,143,10.8,1833.930,323.70,3.28,53,110,565
04/26/2017 12:45:57,162,10.8,1831.330,323.11,3.28,53,111,565
04/26/2017 12:46:07,116,10.8,1828.760,323.85,3.28,53,112,565
04/26/2017 12:46:17,141,10.8,1826.050,322.41,3.29,54,113,565
04/26/2017 12:46:27,128,10.8,1823.450,322.65,3.29,51,110,565
04/26/2017 12:46:37,137,10.8,1820.820,322.74,3.29,52,126,565
04/26/2017 12:46:47,129,10.8,1818.150,322.85,3.29,52,111,565
04/26/2017 12:46:57,139,10.8,1815.570,323.98,3.29,53,113,565
04/26/2017 12:47:07,126,10.8,1812.920,322.49,3.29,54,113,565
04/26/2017 12:47:17,135,10.8,1810.280,323.11,3.30,52,113,565
04/26/2017 12:47:27,142,10.8,1807.530,323.48,3.30,53,112,565
04/26/2017 12:47:37,134,10.8,1804.870,322.77,3.30,52,115,565
04/26/2017 12:47:47,126,10.8,1802.310,322.65,3.30,54,115,565
04/26/2017 12:47:57,130,10.8,1799.310,322.85,3.31,52,113,565
04/26/2017 12:48:07,128,10.8,1796.900,322.48,3.31,53,111,565
04/26/2017 12:48:17,120,10.8,1794.350,323.44,3.32,53,112,565
04/26/2017 12:48:27,124,10.8,1791.630,322.47,3.32,53,113,565
04/26/2017 12:48:37,132,10.8,1788.940,323.06,3.32,53,114,565
04/26/2017 12:48:47,111,10.8,1786.430,323.68,3.33,53,111,565
04/26/2017 12:48:57,142,10.8,1783.660,322.53,3.33,52,111,565
04/26/2017 12:49:07,118,10.8,1780.990,323.18,3.33,52,111,565
04/26/2017 12:49:17,127,10.8,1778.390,322.45,3.33,53,113,565
04/26/2017 12:49:27,108,10.8,1775.860,323.80,3.33,52,113,565
04/26/2017 12:49:37,143,10.8,1773.060,323.74,3.34,52,112,565
04/26/2017 12:49:47,142,10.8,1770.460,322.79,3.34,53,116,565
04/26/2017 12:49:57,148,10.8,1767.890,322.51,3.34,55,112,565
04/26/2017 12:50:07,138,10.8,1765.220,323.28,3.35,54,112,565
04/26/2017 12:50:17,134,10.8,1762.620,323.31,3.35,53,114,565
04/26/2017 12:50:27,143,10.8,1759.900,323.08,3.36,52,120,565
04/26/2017 12:50:37,120,10.8,1757.230,323.59,3.36,55,114,565
04/26/2017 12:50:47,126,10.8,1754.630,323.36,3.36,54,113,565
04/26/2017 12:50:57,124,10.8,1752.020,324.06,3.36,53,113,565
04/26/2017 12:51:07,125,10.8,1749.140,323.38,3.36,52,113,565
04/26/2017 12:51:17,112,10.8,1746.690,323.65,3.36,53,113,565
04/26/2017 12:51:27,138,10.8,1744.010,322.80,3.37,54,111,565
04/26/2017 12:51:37,120,10.8,1741.450,323.59,3.37,52,114,565
04/26/2017 12:51:47,139,10.8,1738.400,323.34,3.37,52,114,565
04/26/2017 12:51:57,131,10.8,1735.970,322.44,3.37,54,112,565
04/26/2017 12:52:07,135,10.8,1733.490,323.03,3.38,52,112,565
04/26/2017 12:52:17,127,10.8,1730.940,323.13,3.38,53,113,565
04/26/2017 12:52:27,101,10.8,1728.240,323.62,3.38,52,112,565
04/26/2017 12:52:37,167,10.7,1725.800,323.19,3.38,54,113,565
04/26/2017 12:52:47,120,10.8,1723.240,323.16,3.38,53,113,565
04/26/2017 12:52:57,158,10.8,1720.620,322.93,3.39,53,114,565
04/26/2017 12:53:07,132,10.8,1718.150,323.88,3.39,53,115,565
04/26/2017 12:53:17,133,10.8,1715.130,324.09,3.39,53,113,565
04/26/2017 12:53:27,138,10.8,1712.790,323.84,3.40,51,113,565
04/26/2017 12:53:37,133,10.8,1710.260,323.64,3.40,53,118,565
04/26/2017 12:53:47,118,10.8,1707.580,323.60,3.40,53,114,565
04/26/2017 12:53:57,155,10.8,1704.750,323.72,3.41,54,114,565
04/26/2017 12:54:07,139,10.8,1702.090,324.08,3.41,53,113,565
04/26/2017 12:54:17,121,10.8,1699.750,324.94,3.41,53,115,565
04/26/2017 12:54:27,150,10.8,1697.160,324.13,3.41,52,190,565
04/26/2017 12:54:37,132,10.8,1694.580,323.23,3.41,53,115,565
04/26/2017 12:54:47,132,10.8,1691.910,323.50,3.41,52,113,565
04/26/2017 12:54:57,124,10.8,1689.260,323.52,3.41,52,112,565
04/26/2017 12:55:07,144,10.8,1686.340,323.82,3.41,53,112,565
04/26/2017 12:55:17,139,10.8,1683.760,323.32,3.42,54,113,565
04/26/2017 12:55:27,115,10.8,1681.110,323.13,3.42,51,112,565
04/26/2017 12:55:37,140,10.8,1678.700,323.03,3.42,53,114,565
04/26/2017 12:55:47,136,10.8,1675.950,323.38,3.42,53,112,565
04/26/2017 12:55:57,121,10.8,1673.150,323.61,3.43,53,113,565
04/26/2017 12:56:07,139,10.8,1670.570,323.47,3.43,54,114,565
04/26/2017 12:56:17,145,10.8,1668.250,324.05,3.43,52,112,565
04/26/2017 12:56:27,140,10.8,1665.320,323.98,3.44,53,115,565
04/26/2017 12:56:37,151,10.8,1663.010,323.32,3.44,54,113,565
04/26/2017 12:56:47,120,10.8,1660.090,323.49,3.44,54,112,565
04/26/2017 12:56:57,119,10.8,1657.410,322.73,3.44,53,114,565
04/26/2017 12:57:07,109,10.8,1654.860,324.04,3.45,54,114,565
04/26/2017 12:57:17,127,10.8,1652.270,322.96,3.45,54,113,565
04/26/2017 12:57:27,108,10.8,1649.660,322.67,3.45,53,114,565
04/26/2017 12:57:37,131,10.8,1646.920,323.17,3.46,52,112,565
04/26/2017 12:57:47,129,10.8,1644.390,323.44,3.46,54,115,565
04/26/2017 12:57:57,113,10.8,1641.780,322.86,3.46,53,113,565
04/26/2017 12:58:07,124,10.8,1638.990,324.40,3.47,52,113,565
04/26/2017 12:58:17,144,10.8,1636.410,323.05,3.47,52,112,565
04/26/2017 12:58:27,113,10.8,1633.820,323.41,3.47,54,113,565
04/26/2017 12:58:37,137,10.8,1631.170,323.87,3.48,52,113,565
04/26/2017 12:58:47,136,10.8,1628.530,323.52,3.48,53,113,565
04/26/2017 12:58:57,122,10.8,1625.870,323.09,3.48,53,113,565
04/26/2017 12:59:07,149,10.8,1623.210,323.63,3.49,53,114,565
04/26/2017 12:59:17,136,10.8,1620.650,323.72,3.49,53,115,565
04/26/2017 12:59:27,143,10.8,1617.950,323.28,3.49,52,115,565
04/26/2017 12:59:37,133,10.8,1615.420,323.48,3.49,53,114,565
04/26/2017 12:59:47,138,10.8,1612.780,324.08,3.49,53,112,565
04/26/2017 12:59:57,147,10.8,1610.030,324.12,3.50,52,114,565
04/26/2017 13:00:07,127,10.8,1607.530,323.58,3.51,53,114,565
04/26/2017 13:00:17,126,10.8,1604.830,323.41,3.51,54,114,565
04/26/2017 13:00:27,125,10.8,1602.430,324.32,3.51,53,114,565
04/26/2017 13:00:37,139,10.8,1599.570,323.30,3.51,53,116,565
04/26/2017 13:00:47,132,10.8,1597.000,324.05,3.51,53,112,565
04/26/2017 13:00:57,122,10.8,1594.400,324.02,3.51,54,114,565
04/26/2017 13:01:07,145,10.8,1591.660,323.62,3.51,52,112,565
04/26/2017 13:01:17,156,10.8,1589.200,323.40,3.52,54,113,565
04/26/2017 13:01:27,144,10.8,1586.520,324.58,3.52,54,113,565
04/26/2017 13:01:37,116,10.8,1583.950,324.35,3.52,52,113,565
04/26/2017 13:01:47,139,10.8,1581.250,323.59,3.53,52,112,565
04/26/2017 13:01:57,140,10.8,1578.750,324.22,3.53,53,114,565
04/26/2017 13:02:07,134,10.8,1576.020,324.51,3.53,53,114,565
04/26/2017 13:02:17,138,10.8,1573.400,323.79,3.53,54,115,565
04/26/2017 13:02:27,120,10.8,1570.750,324.01,3.54,53,113,565
04/26/2017 13:02:37,134,10.8,1568.180,323.53,3.55,54,114,565
04/26/2017 13:02:47,123,10.8,1565.620,324.48,3.55,53,115,565
04/26/2017 13:02:57,162,10.8,1563.280,323.97,3.55,53,114,565
04/26/2017 13:03:07,149,10.8,1560.320,324.57,3.55,53,113,565
04/26/2017 13:03:17,147,10.8,1557.870,324.57,3.56,53,115,565
04/26/2017 13:03:27,145,10.8,1555.160,324.67,3.56,52,115,565
04/26/2017 13:03:37,162,10.8,1552.670,323.98,3.56,54,112,565
04/26/2017 13:03:47,132,10.8,1549.960,324.76,3.56,54,111,565
04/26/2017 13:03:57,140,10.8,1547.290,324.34,3.56,53,118,565
04/26/2017 13:04:07,148,10.8,1544.680,324.08,3.56,54,113,565
04/26/2017 13:04:17,132,10.8,1542.080,324.93,3.56,53,113,565
04/26/2017 13:04:27,146,10.8,1539.500,324.00,3.57,51,116,565
04/26/2017 13:04:37,116,10.8,1536.910,324.86,3.57,53,113,565
04/26/2017 13:04:47,124,10.8,1534.260,324.53,3.57,51,114,565
04/26/2017 13:04:57,119,10.8,1531.590,325.01,3.57,52,112,565
04/26/2017 13:05:07,148,10.8,1528.980,324.41,3.57,53,114,565
04/26/2017 13:05:17,150,10.8,1526.320,325.51,3.58,52,113,565
04/26/2017 13:05:27,125,10.8,1523.720,325.22,3.58,52,115,565
04/26/2017 13:05:37,123,10.8,1521.110,325.19,3.58,54,111,565
04/26/2017 13:05:47,123,10.8,1518.520,324.83,3.59,51,114,565
04/26/2017 13:05:57,142,10.8,1515.870,325.52,3.59,53,119,565
04/26/2017 13:06:07,134,10.8,1513.320,325.87,3.59,54,114,565
04/26/2017 13:06:17,137,10.8,1510.610,325.42,3.59,54,115,565
04/26/2017 13:06:27,117,10.8,1507.950,325.18,3.59,54,114,565
04/26/2017 13:06:37,146,10.8,1505.380,325.11,3.58,54,112,565
04/26/2017 13:06:47,115,10.8,1502.840,325.94,3.58,54,113,565
04/26/2017 13:06:57,152,10.8,1500.190,325.24,3.58,52,112,565
04/26/2017 13:07:07,142,10.8,1497.510,324.99,3.59,52,113,565
04/26/2017 13:07:17,134,10.8,1495.060,325.77,3.59,54,114,565
04/26/2017 13:07:27,128,10.8,1492.390,326.13,3.59,52,115,565
04/26/2017 13:07:37,130,10.8,1489.830,326.03,3.59,53,113,565
04/26/2017 13:07:47,136,10.8,1487.270,326.78,3.59,52,113,565
04/26/2017 13:07:57,142,10.8,1484.490,326.44,3.59,53,113,565
04/26/2017 13:08:07,136,10.8,1481.960,326.08,3.60,52,113,565
04/26/2017 13:08:17,123,10.8,1479.280,326.35,3.60,53,113,565
04/26/2017 13:08:27,120,10.8,1476.660,327.26,3.59,52,113,565
04/26/2017 13:08:37,150,10.8,1474.180,326.62,3.59,51,113,565
04/26/2017 13:08:47,136,10.8,1471.440,326.36,3.59,54,113,565
04/26/2017 13:08:57,145,10.8,1468.820,327.49,3.59,53,113,565
04/26/2017 13:09:07,142,10.8,1466.280,327.70,3.59,52,113,565
04/26/2017 13:09:17,121,10.8,1463.560,327.36,3.59,52,113,565
04/26/2017 13:09:27,146,10.8,1460.910,327.50,3.59,54,114,565
04/26/2017 13:09:37,133,10.8,1458.300,327.97,3.59,53,115,565
04/26/2017 13:09:47,128,10.8,1455.780,328.34,3.59,53,113,565
04/26/2017 13:09:57,170,10.8,1453.120,328.51,3.59,54,114,565
04/26/2017 13:10:07,135,10.8,1450.390,328.67,3.59,53,114,565
04/26/2017 13:10:17,132,10.8,1447.900,328.74,3.59,53,113,565
04/26/2017 13:10:27,128,10.8,1445.310,328.68,3.59,53,113,565
04/26/2017 13:10:37,136,10.8,1442.560,329.34,3.59,53,113,565
04/26/2017 13:10:47,141,10.8,1440.030,330.00,3.59,52,113,565
04/26/2017 13:10:57,146,10.8,1437.540,330.33,3.59,53,113,565
04/26/2017 13:11:07,137,10.8,1434.910,329.76,3.59,53,113,565
04/26/2017 13:11:17,129,10.8,1432.280,330.20,3.59,54,113,565
04/26/2017 13:11:27,154,10.8,1429.640,331.01,3.59,53,112,565
04/26/2017 13:11:37,152,10.8,1427.060,331.28,3.59,52,113,565
04/26/2017 13:11:47,134,10.8,1424.480,331.37,3.59,53,113,565
04/26/2017 13:11:57,112,10.8,1421.970,332.18,3.59,52,112,565
04/26/2017 13:12:07,124,10.8,1419.240,331.38,3.59,53,114,565
04/26/2017 13:12:17,142,10.8,1416.750,332.09,3.58,51,113,565
04/26/2017 13:12:27,140,10.8,1414.050,332.36,3.58,53,113,565
04/26/2017 13:12:37,150,10.8,1411.480,332.46,3.58,52,113,565
04/26/2017 13:12:47,106,10.8,1408.890,332.89,3.58,52,114,565
04/26/2017 13:12:57,155,10.8,1406.270,333.32,3.58,54,113,565
04/26/2017 13:13:07,126,10.8,1403.660,333.62,3.57,54,114,565
04/26/2017 13:13:17,153,10.8,1401.020,334.34,3.57,53,113,565
04/26/2017 13:13:27,138,10.8,1398.400,334.65,3.57,53,114,565
04/26/2017 13:13:37,162,10.8,1395.760,334.56,3.56,52,113,565
04/26/2017 13:13:47,123,10.8,1393.160,335.42,3.56,52,116,565
04/26/2017 13:13:57,145,10.8,1390.440,335.70,3.56,53,114,564
04/26/2017 13:14:07,137,10.8,1387.720,335.68,3.56,53,115,565
04/26/2017 13:14:17,152,10.8,1385.150,336.80,3.56,52,114,565
04/26/2017 13:14:27,152,10.8,1382.600,335.20,3.55,54,115,564
04/26/2017 13:14:37,148,10.8,1379.980,336.66,3.54,54,114,565
04/26/2017 13:14:47,172,10.8,1377.230,338.36,3.52,53,115,565
04/26/2017 13:14:57,153,10.8,1374.850,338.84,3.52,52,114,565
04/26/2017 13:15:07,131,10.8,1372.200,339.46,3.51,52,115,565
04/26/2017 13:15:17,151,10.8,1369.500,340.24,3.51,52,115,565
04/26/2017 13:15:27,139,10.8,1366.930,339.51,3.52,53,115,565
04/26/2017 13:15:37,123,10.8,1364.370,340.95,3.52,52,112,565
04/26/2017 13:15:47,162,10.7,1361.720,340.14,3.52,53,114,565
04/26/2017 13:15:57,92,10.8,1359.220,340.75,3.51,52,117,565
04/26/2017 13:16:07,136,10.8,1356.540,340.59,3.51,52,116,565
04/26/2017 13:16:17,153,10.8,1353.900,341.22,3.51,50,114,565
04/26/2017 13:16:27,131,10.8,1351.320,342.13,3.50,51,113,565
04/26/2017 13:16:37,123,10.8,1348.800,341.69,3.50,53,113,565
04/26/2017 13:16:47,144,10.8,1346.240,342.31,3.49,54,115,565
04/26/2017 13:16:57,153,10.8,1343.510,343.03,3.49,53,115,565
04/26/2017 13:17:07,148,10.8,1340.970,343.29,3.48,52,113,565
04/26/2017 13:17:17,140,10.8,1338.360,343.89,3.47,52,124,565
04/26/2017 13:17:27,138,10.8,1335.610,343.79,3.47,53,116,565
04/26/2017 13:17:37,140,10.8,1333.040,344.99,3.46,52,113,565
04/26/2017 13:17:47,144,10.8,1330.410,345.45,3.46,52,113,565
04/26/2017 13:17:57,145,10.8,1327.880,346.77,3.45,52,113,565
04/26/2017 13:18:07,126,10.8,1325.250,347.46,3.45,52,112,565
04/26/2017 13:18:17,137,10.8,1322.660,346.77,3.45,52,115,565
04/26/2017 13:18:27,139,10.8,1319.970,347.29,3.45,52,112,565
04/26/2017 13:18:37,155,10.8,1317.350,346.52,3.45,54,113,565
04/26/2017 13:18:47,135,10.8,1314.610,346.30,3.45,51,113,565
04/26/2017 13:18:57,129,10.8,1312.000,346.66,3.44,53,113,565
04/26/2017 13:19:07,139,10.8,1309.470,347.76,3.44,52,113,565
04/26/2017 13:19:17,148,10.8,1306.890,348.34,3.44,53,113,565
04/26/2017 13:19:27,155,10.8,1304.150,347.77,3.44,52,113,565
04/26/2017 13:19:37,143,10.8,1301.580,348.06,3.44,52,113,565
04/26/2017 13:19:47,149,10.8,1298.880,348.10,3.43,52,114,565
04/26/2017 13:19:57,153,10.8,1296.370,348.75,3.44,52,114,565
04/26/2017 13:20:07,140,10.8,1293.630,349.06,3.43,52,116,565
04/26/2017 13:20:17,133,10.8,1291.100,348.50,3.43,53,113,565
04/26/2017 13:20:27,143,10.8,1288.330,350.16,3.43,54,114,565
04/26/2017 13:20:37,176,10.7,1285.810,349.92,3.42,53,113,565
04/26/2017 13:20:47,142,10.8,1283.140,350.04,3.42,52,114,565
04/26/2017 13:20:57,143,10.8,1280.490,348.71,3.42,52,116,565
04/26/2017 13:21:07,150,10.8,1277.840,349.30,3.42,51,113,565
04/26/2017 13:21:17,150,10.8,1275.340,349.45,3.42,51,114,565
04/26/2017 13:21:27,149,10.8,1272.730,349.88,3.42,53,115,565
04/26/2017 13:21:37,145,10.8,1270.160,350.91,3.42,53,116,565
04/26/2017 13:21:47,151,10.8,1267.450,349.85,3.42,52,114,565
04/26/2017 13:21:57,133,10.8,1264.820,350.46,3.41,51,119,565
04/26/2017 13:22:07,143,10.8,1262.120,350.58,3.41,53,114,565
04/26/2017 13:22:17,152,10.8,1259.470,350.38,3.41,54,112,565
04/26/2017 13:22:27,140,10.8,1256.870,351.35,3.40,53,113,565
04/26/2017 13:22:37,150,10.8,1254.380,350.46,3.40,53,113,565
04/26/2017 13:22:47,148,10.8,1251.600,350.82,3.40,52,114,565
04/26/2017 13:22:57,143,10.8,1249.060,351.18,3.40,53,114,565
04/26/2017 13:23:07,164,10.8,1246.400,352.02,3.40,53,116,565
04/26/2017 13:23:17,144,10.8,1243.860,351.98,3.39,52,112,565
04/26/2017 13:23:27,143,10.8,1241.130,351.92,3.39,52,114,565
04/26/2017 13:23:37,152,10.8,1238.550,351.47,3.41,53,114,565
04/26/2017 13:23:47,158,10.8,1235.990,350.80,3.41,50,112,565
04/26/2017 13:23:57,137,10.8,1233.370,351.57,3.40,52,112,565
04/26/2017 13:24:07,140,10.8,1230.880,351.77,3.40,51,114,565
04/26/2017 13:24:17,154,10.8,1228.260,352.12,3.40,53,113,565
04/26/2017 13:24:27,118,10.8,1225.660,351.78,3.40,52,113,565
04/26/2017 13:24:37,135,10.8,1223.070,351.80,3.40,53,113,565
04/26/2017 13:24:47,146,10.8,1220.440,351.67,3.40,54,114,565
04/26/2017 13:24:57,152,10.8,1217.790,351.91,3.39,52,115,565
04/26/2017 13:25:07,145,10.7,1215.280,352.84,3.39,52,113,565
04/26/2017 13:25:17,148,10.8,1212.690,352.64,3.39,52,114,565
04/26/2017 13:25:27,111,10.8,1210.050,352.61,3.39,52,115,565
04/26/2017 13:25:37,129,10.8,1207.450,353.44,3.39,51,114,565
04/26/2017 13:25:47,154,10.8,1204.810,353.26,3.39,52,113,565
04/26/2017 13:25:57,139,10.8,1202.180,353.21,3.39,51,114,565
04/26/2017 13:26:07,155,10.8,1199.690,352.82,3.39,51,116,565
04/26/2017 13:26:17,137,10.8,1197.010,353.20,3.39,52,120,565
04/26/2017 13:26:27,161,10.8,1194.300,353.68,3.39,52,114,565
04/26/2017 13:26:37,137,10.8,1191.840,353.13,3.39,53,114,565
04/26/2017 13:26:47,141,10.8,1189.200,353.67,3.39,51,114,565
04/26/2017 13:26:57,140,10.8,1186.600,353.10,3.38,53,115,565
04/26/2017 13:27:07,171,10.8,1184.050,354.21,3.36,52,116,565
04/26/2017 13:27:17,149,10.8,1181.290,354.86,3.36,52,114,565
04/26/2017 13:27:27,136,10.8,1178.840,354.28,3.37,52,117,565
04/26/2017 13:27:37,157,10.8,1176.130,354.93,3.35,52,116,565
04/26/2017 13:27:47,136,10.8,1173.610,355.02,3.35,52,115,565
04/26/2017 13:27:57,131,10.8,1170.990,355.26,3.35,51,117,565
04/26/2017 13:28:07,162,10.7,1168.380,354.56,3.36,53,115,565
04/26/2017 13:28:17,153,10.8,1165.890,354.89,3.36,52,113,565
04/26/2017 13:28:27,148,10.8,1163.150,355.50,3.36,51,113,565
04/26/2017 13:28:37,159,10.8,1160.560,355.67,3.36,52,113,565
04/26/2017 13:28:47,163,10.8,1157.980,355.08,3.37,53,114,565
04/26/2017 13:28:57,141,10.8,1155.390,354.58,3.37,52,114,565
04/26/2017 13:29:07,136,10.8,1152.820,355.06,3.37,52,115,565
04/26/2017 13:29:17,119,10.8,1150.260,355.05,3.37,52,115,565
04/26/2017 13:29:27,143,10.8,1147.530,355.08,3.37,52,114,565
04/26/2017 13:29:37,124,10.8,1144.930,354.81,3.37,52,117,565
04/26/2017 13:29:47,126,10.8,1142.470,355.34,3.37,52,114,565
04/26/2017 13:29:57,146,10.8,1139.730,354.77,3.37,52,116,565
04/26/2017 13:30:07,134,10.8,1137.220,355.21,3.36,53,114,565
04/26/2017 13:30:17,140,10.8,1134.500,356.23,3.36,52,116,565
04/26/2017 13:30:27,134,10.8,1131.870,355.73,3.36,50,115,565
04/26/2017 13:30:37,156,10.8,1129.320,356.65,3.36,52,125,565
04/26/2017 13:30:47,138,10.8,1126.730,356.22,3.36,52,115,565
04/26/2017 13:30:57,156,10.8,1124.020,355.80,3.36,53,115,565
04/26/2017 13:31:07,123,10.8,1121.520,356.72,3.36,52,115,565
04/26/2017 13:31:17,148,10.8,1118.800,356.02,3.36,52,117,565
04/26/2017 13:31:27,135,10.8,1116.220,356.46,3.35,52,114,565
04/26/2017 13:31:37,162,10.8,1113.580,356.47,3.35,52,114,565
04/26/2017 13:31:47,154,10.8,1110.940,356.78,3.35,53,116,565
04/26/2017 13:31:57,149,10.8,1108.470,356.63,3.36,52,120,565
04/26/2017 13:32:07,151,10.8,1105.750,356.23,3.36,52,115,565
04/26/2017 13:32:17,142,10.8,1103.200,356.67,3.36,52,116,565
04/26/2017 13:32:27,160,10.8,1100.420,357.10,3.36,52,115,565
04/26/2017 13:32:37,146,10.8,1097.990,357.49,3.36,51,115,565
04/26/2017 13:32:47,131,10.8,1095.200,357.56,3.36,52,117,565
04/26/2017 13:32:57,156,10.8,1092.720,356.72,3.36,52,116,565
04/26/2017 13:33:07,143,10.8,1089.970,356.95,3.36,51,114,565
04/26/2017 13:33:17,139,10.8,1087.310,357.37,3.36,52,117,565
04/26/2017 13:33:27,144,10.8,1084.790,357.15,3.36,52,116,565
04/26/2017 13:33:37,143,10.8,1082.230,358.41,3.36,53,116,565
04/26/2017 13:33:47,151,10.8,1079.490,357.62,3.36,52,117,565
04/26/2017 13:33:57,130,10.8,1076.920,357.92,3.36,53,115,565
04/26/2017 13:34:07,150,10.8,1074.220,358.71,3.36,51,116,565
04/26/2017 13:34:17,136,10.8,1071.750,358.06,3.37,52,115,565
04/26/2017 13:34:27,141,10.8,1069.020,358.42,3.37,52,117,565
04/26/2017 13:34:37,144,10.8,1066.450,358.63,3.37,54,116,565
04/26/2017 13:34:47,172,10.8,1063.850,359.05,3.37,52,117,565
04/26/2017 13:34:57,144,10.8,1061.100,358.57,3.37,52,116,565
04/26/2017 13:35:07,144,10.8,1058.480,358.10,3.37,51,117,565
04/26/2017 13:35:17,152,10.8,1055.950,358.80,3.37,52,116,565
04/26/2017 13:35:27,166,10.8,1053.260,358.37,3.37,53,115,565
04/26/2017 13:35:37,140,10.8,1050.730,357.97,3.37,53,116,565
04/26/2017 13:35:47,146,10.8,1048.110,358.70,3.38,53,118,565
04/26/2017 13:35:57,154,10.8,1045.500,358.34,3.38,52,116,565
04/26/2017 13:36:07,160,10.8,1042.780,357.84,3.38,52,113,565
04/26/2017 13:36:17,121,10.8,1040.200,357.99,3.38,51,116,565
04/26/2017 13:36:27,141,10.8,1037.650,358.58,3.38,52,115,565
04/26/2017 13:36:37,150,10.8,1034.960,358.41,3.37,52,116,565
04/26/2017 13:36:47,152,10.8,1032.390,358.25,3.37,53,118,565
04/26/2017 13:36:57,146,10.8,1029.690,359.55,3.38,52,116,565
04/26/2017 13:37:07,158,10.8,1027.090,359.37,3.37,52,116,565
04/26/2017 13:37:17,155,10.8,1024.490,360.75,3.37,52,116,565
04/26/2017 13:37:27,150,10.8,1021.870,359.61,3.38,51,116,565
04/26/2017 13:37:37,150,10.8,1019.240,359.12,3.38,53,117,565
04/26/2017 13:37:47,140,10.8,1016.680,359.35,3.38,53,133,565
04/26/2017 13:37:57,148,10.8,1013.970,359.21,3.38,53,115,565
04/26/2017 13:38:07,127,10.8,1011.420,358.99,3.38,51,116,565
04/26/2017 13:38:17,155,10.8,1008.760,359.83,3.38,52,116,565
04/26/2017 13:38:27,145,10.8,1006.220,358.70,3.39,52,114,565
04/26/2017 13:38:37,164,10.7,1003.710,358.92,3.40,51,114,565
04/26/2017 13:38:47,168,10.8,1001.000,358.55,3.40,52,114,565
04/26/2017 13:38:57,151,10.8,998.320,358.29,3.40,52,114,565
04/26/2017 13:39:07,146,10.8,995.760,359.16,3.40,52,114,565
04/26/2017 13:39:17,143,10.7,993.270,359.00,3.40,52,114,565
04/26/2017 13:39:27,145,10.8,990.590,358.46,3.41,53,119,565
04/26/2017 13:39:37,154,10.8,987.940,358.17,3.41,52,115,565
04/26/2017 13:39:47,145,10.8,985.420,358.91,3.41,50,116,565
04/26/2017 13:39:57,184,10.7,982.720,358.89,3.41,52,115,565
04/26/2017 13:40:07,163,10.8,980.250,357.53,3.41,52,114,565
04/26/2017 13:40:17,139,10.8,977.480,358.02,3.41,52,115,565
04/26/2017 13:40:27,143,10.8,974.920,358.54,3.41,53,114,565
04/26/2017 13:40:37,151,10.8,972.350,358.56,3.42,51,117,565
04/26/2017 13:40:47,150,10.8,969.620,358.02,3.42,51,116,565
04/26/2017 13:40:57,150,10.7,967.020,357.77,3.42,51,114,565
04/26/2017 13:41:07,150,10.8,964.520,357.63,3.42,53,113,565
04/26/2017 13:41:17,160,10.7,961.790,358.37,3.42,52,114,565
04/26/2017 13:41:27,145,10.8,959.160,358.29,3.42,51,114,565
04/26/2017 13:41:37,141,10.8,956.470,359.31,3.42,51,115,565
04/26/2017 13:41:47,154,10.8,954.050,358.93,3.42,53,116,565
04/26/2017 13:41:57,154,10.8,951.420,359.20,3.42,54,117,565
04/26/2017 13:42:07,155,10.8,948.750,359.13,3.42,53,116,565
04/26/2017 13:42:17,149,10.8,946.210,358.33,3.42,53,115,565
04/26/2017 13:42:27,143,10.8,943.580,358.73,3.42,52,117,565
04/26/2017 13:42:37,148,10.7,940.940,359.59,3.42,54,116,565
04/26/2017 13:42:47,173,10.8,938.320,359.52,3.43,53,116,565
04/26/2017 13:42:57,140,10.8,935.610,359.71,3.43,52,116,565
04/26/2017 13:43:07,142,10.8,933.040,359.81,3.43,53,116,565
04/26/2017 13:43:17,157,10.8,930.370,360.17,3.43,52,117,565
04/26/2017 13:43:27,160,10.8,927.890,361.78,3.43,52,118,565
04/26/2017 13:43:37,146,10.8,925.170,361.36,3.43,52,118,565
04/26/2017 13:43:47,152,10.8,922.550,363.13,3.43,54,118,565
04/26/2017 13:43:57,140,10.8,920.010,362.29,3.43,54,118,565
04/26/2017 13:44:07,159,10.8,917.390,363.88,3.43,55,118,565
04/26/2017 13:44:17,140,10.8,914.790,363.49,3.43,55,120,565
04/26/2017 13:44:27,141,10.7,912.190,364.53,3.43,54,121,565
04/26/2017 13:44:37,162,10.7,909.560,364.02,3.43,54,119,565
04/26/2017 13:44:47,140,10.8,906.860,365.17,3.43,55,119,565
04/26/2017 13:44:57,149,10.8,904.260,364.53,3.43,52,118,565
04/26/2017 13:45:07,142,10.8,901.620,365.38,3.44,53,119,565
04/26/2017 13:45:17,173,10.8,899.050,364.86,3.44,54,119,565
04/26/2017 13:45:27,156,10.8,896.470,365.74,3.44,54,119,565
04/26/2017 13:45:37,156,10.8,893.770,363.82,3.45,54,117,565
04/26/2017 13:45:47,160,10.8,891.200,364.20,3.45,55,122,565
04/26/2017 13:45:57,148,10.8,888.490,363.65,3.46,54,118,565
04/26/2017 13:46:07,159,10.8,885.890,363.41,3.46,54,118,565
04/26/2017 13:46:17,140,10.8,883.300,363.47,3.47,55,120,565
04/26/2017 13:46:27,150,10.7,880.650,362.76,3.47,55,119,565
04/26/2017 13:46:37,137,10.8,877.990,363.66,3.47,54,119,565
04/26/2017 13:46:47,151,10.8,875.470,363.88,3.47,55,121,565
04/26/2017 13:46:57,147,10.8,872.750,364.02,3.48,54,118,565
04/26/2017 13:47:07,151,10.8,870.250,364.62,3.48,54,117,565
04/26/2017 13:47:17,149,10.7,867.640,364.51,3.48,56,117,565
04/26/2017 13:47:27,134,10.8,864.950,364.25,3.48,54,118,565
04/26/2017 13:47:37,147,10.8,862.410,364.31,3.49,54,117,565
04/26/2017 13:47:47,148,10.8,859.730,363.77,3.49,54,117,565
04/26/2017 13:47:57,149,10.8,857.180,362.74,3.49,53,117,565
04/26/2017 13:48:07,155,10.7,854.450,362.27,3.49,53,117,565
04/26/2017 13:48:17,153,10.8,851.980,362.76,3.50,54,117,565
04/26/2017 13:48:27,160,10.8,849.190,362.49,3.50,53,116,565
04/26/2017 13:48:37,146,10.8,846.670,362.27,3.50,54,117,565
04/26/2017 13:48:47,145,10.7,844.110,362.61,3.51,54,117,565
04/26/2017 13:48:57,153,10.8,841.370,363.67,3.51,53,121,565
04/26/2017 13:49:07,145,10.8,838.930,363.65,3.51,53,117,565
04/26/2017 13:49:17,155,10.8,836.250,363.32,3.51,53,122,565
04/26/2017 13:49:27,161,10.8,833.680,363.41,3.51,54,116,565
04/26/2017 13:49:37,185,10.8,831.010,363.61,3.51,53,116,565
04/26/2017 13:49:47,157,10.8,828.500,363.24,3.51,53,117,565
04/26/2017 13:49:57,150,10.8,825.770,363.20,3.51,53,116,565
04/26/2017 13:50:07,163,10.8,823.190,362.99,3.51,53,117,565
04/26/2017 13:50:17,167,10.7,820.680,363.20,3.51,54,118,565
04/26/2017 13:50:27,193,10.7,818.090,363.99,3.51,53,117,565
04/26/2017 13:50:37,161,10.8,815.410,364.04,3.51,53,120,565
04/26/2017 13:50:47,177,10.7,812.680,364.47,3.51,53,116,565
04/26/2017 13:50:57,163,10.7,810.140,364.85,3.51,54,116,565
04/26/2017 13:51:07,138,10.8,807.610,364.33,3.51,54,116,565
04/26/2017 13:51:17,177,10.7,804.860,363.86,3.52,54,117,565
04/26/2017 13:51:27,135,10.8,802.400,364.99,3.52,54,129,565
04/26/2017 13:51:37,156,10.8,799.740,364.99,3.52,55,134,565
04/26/2017 13:51:47,129,10.8,797.020,365.36,3.53,55,120,565
04/26/2017 13:51:57,162,10.7,794.460,366.03,3.53,54,124,565
04/26/2017 13:52:07,156,10.8,791.950,365.95,3.53,54,117,565
04/26/2017 13:52:17,163,10.7,789.370,364.87,3.53,55,118,565
04/26/2017 13:52:27,168,10.7,786.600,366.25,3.53,55,118,565
04/26/2017 13:52:37,155,10.7,784.030,366.09,3.53,56,116,565
04/26/2017 13:52:47,150,10.8,781.460,366.28,3.53,54,118,565
04/26/2017 13:52:57,151,10.7,778.900,366.81,3.53,56,124,565
04/26/2017 13:53:07,171,10.8,776.160,366.55,3.53,54,117,565
04/26/2017 13:53:17,137,10.8,773.590,366.01,3.53,54,141,565
04/26/2017 13:53:27,194,10.7,770.990,366.33,3.53,55,119,565
04/26/2017 13:53:37,181,10.7,768.440,366.99,3.54,55,119,565
04/26/2017 13:53:47,147,10.7,765.720,366.18,3.54,56,116,565
04/26/2017 13:53:57,168,10.7,763.190,366.52,3.54,55,118,565
04/26/2017 13:54:07,160,10.8,760.500,366.29,3.54,54,117,565
04/26/2017 13:54:17,174,10.7,757.980,366.27,3.54,54,119,565
04/26/2017 13:54:27,157,10.7,755.300,366.52,3.54,55,119,565
04/26/2017 13:54:37,172,10.7,752.740,366.81,3.54,54,119,565
04/26/2017 13:54:47,180,10.8,750.130,367.39,3.54,55,119,565
04/26/2017 13:54:57,153,10.7,747.480,367.16,3.54,55,119,565
04/26/2017 13:55:07,174,10.7,744.980,366.66,3.54,55,120,565
04/26/2017 13:55:17,149,10.7,742.210,367.63,3.55,56,121,565
04/26/2017 13:55:27,156,10.7,739.720,368.35,3.55,56,118,565
04/26/2017 13:55:37,156,10.7,737.130,368.47,3.55,54,126,565
04/26/2017 13:55:47,162,10.7,734.520,368.75,3.55,55,119,565
04/26/2017 13:55:57,156,10.8,731.980,368.61,3.55,55,123,565
04/26/2017 13:56:07,159,10.8,729.290,368.20,3.55,56,119,565
04/26/2017 13:56:17,162,10.8,726.650,369.17,3.55,55,119,565
04/26/2017 13:56:27,166,10.7,724.010,369.11,3.55,54,119,565
04/26/2017 13:56:37,177,10.7,721.480,369.06,3.55,57,120,565
04/26/2017 13:56:47,167,10.7,718.850,368.94,3.55,57,119,565
04/26/2017 13:56:57,176,10.7,716.250,369.82,3.55,56,120,565
04/26/2017 13:57:07,165,10.7,713.640,369.85,3.55,57,120,565
04/26/2017 13:57:17,152,10.7,710.930,369.78,3.55,56,121,565
04/26/2017 13:57:27,174,10.7,708.370,370.14,3.55,57,119,565
04/26/2017 13:57:37,163,10.7,705.710,369.74,3.55,55,119,565
04/26/2017 13:57:47,153,10.7,703.160,369.77,3.55,56,120,565
04/26/2017 13:57:57,155,10.8,700.620,369.54,3.55,55,120,565
04/26/2017 13:58:07,143,10.7,697.860,369.61,3.55,56,122,565
04/26/2017 13:58:17,152,10.7,695.440,370.15,3.55,56,123,565
04/26/2017 13:58:27,166,10.7,692.710,369.53,3.55,57,121,565
04/26/2017 13:58:37,145,10.8,690.110,370.43,3.55,55,121,565
04/26/2017 13:58:47,167,10.8,687.650,370.20,3.55,57,119,565
04/26/2017 13:58:57,170,10.7,684.910,369.75,3.55,55,124,565
04/26/2017 13:59:07,149,10.7,682.440,369.65,3.55,57,119,565
04/26/2017 13:59:17,154,10.7,679.750,370.07,3.55,56,119,565
04/26/2017 13:59:27,176,10.7,677.280,369.47,3.55,55,119,565
04/26/2017 13:59:37,151,10.7,674.620,369.31,3.55,56,118,565
04/26/2017 13:59:47,167,10.7,671.990,369.23,3.55,56,119,565
04/26/2017 13:59:57,152,10.7,669.290,369.78,3.55,56,123,565
04/26/2017 14:00:07,163,10.7,666.710,370.54,3.55,57,148,565
04/26/2017 14:00:17,157,10.7,664.120,370.21,3.55,56,121,565
04/26/2017 14:00:27,153,10.7,661.640,369.67,3.55,56,120,565
04/26/2017 14:00:37,150,10.7,658.950,370.07,3.55,57,120,565
04/26/2017 14:00:47,173,10.7,656.330,369.89,3.56,56,121,565
04/26/2017 14:00:57,148,10.7,653.730,369.71,3.56,57,119,565
04/26/2017 14:01:07,167,10.7,651.190,371.31,3.56,57,121,565
04/26/2017 14:01:17,159,10.7,648.590,370.01,3.56,56,120,565
04/26/2017 14:01:27,158,10.7,646.040,370.41,3.56,57,121,565
04/26/2017 14:01:37,163,10.7,643.310,370.40,3.56,56,119,565
04/26/2017 14:01:47,156,10.7,640.830,371.18,3.56,58,121,565
04/26/2017 14:01:57,183,10.7,638.150,370.82,3.56,56,122,565
04/26/2017 14:02:07,164,10.7,635.590,370.87,3.57,57,121,565
04/26/2017 14:02:17,152,10.7,632.930,371.41,3.57,59,121,565
04/26/2017 14:02:27,172,10.7,630.420,371.17,3.57,59,121,565
04/26/2017 14:02:37,160,10.7,627.810,371.99,3.57,59,123,565
04/26/2017 14:02:47,150,10.7,625.060,372.38,3.57,58,126,565
04/26/2017 14:02:57,161,10.7,622.470,373.14,3.57,59,121,565
04/26/2017 14:03:07,159,10.8,619.930,372.68,3.57,58,121,565
04/26/2017 14:03:17,179,10.7,617.290,372.36,3.57,60,121,565
04/26/2017 14:03:27,179,10.7,614.650,373.27,3.57,58,123,565
04/26/2017 14:03:37,156,10.7,612.070,371.68,3.57,57,121,565
04/26/2017 14:03:47,195,10.7,609.580,372.54,3.57,57,121,565
04/26/2017 14:03:57,171,10.7,606.990,372.72,3.58,59,122,565
04/26/2017 14:04:07,155,10.8,604.340,372.07,3.58,58,122,565
04/26/2017 14:04:17,179,10.7,601.740,373.05,3.58,59,121,565
04/26/2017 14:04:27,152,10.7,599.150,372.86,3.58,57,122,565
04/26/2017 14:04:37,172,10.7,596.500,373.44,3.58,57,121,564
04/26/2017 14:04:47,174,10.7,593.910,372.94,3.58,59,120,565
04/26/2017 14:04:57,167,10.7,591.260,373.49,3.58,59,122,565
04/26/2017 14:05:07,169,10.7,588.700,373.83,3.58,58,121,565
04/26/2017 14:05:17,174,10.7,586.050,372.27,3.57,58,123,565
04/26/2017 14:05:27,163,10.7,583.500,372.95,3.58,59,122,565
04/26/2017 14:05:37,139,10.7,580.860,373.02,3.58,59,124,565
04/26/2017 14:05:47,172,10.7,578.320,373.54,3.58,58,121,565
04/26/2017 14:05:57,179,10.7,575.750,374.19,3.58,58,124,565
04/26/2017 14:06:07,157,10.7,573.070,373.13,3.58,57,121,565
04/26/2017 14:06:17,173,10.7,570.480,374.11,3.58,58,124,565
04/26/2017 14:06:27,155,10.7,567.890,373.39,3.58,58,121,565
04/26/2017 14:06:37,154,10.7,565.290,373.56,3.58,60,122,565
04/26/2017 14:06:47,148,10.7,562.750,373.49,3.58,58,121,565
04/26/2017 14:06:57,179,10.7,560.150,374.35,3.58,58,122,565
04/26/2017 14:07:07,145,10.7,557.560,373.31,3.58,58,122,565
04/26/2017 14:07:17,156,10.7,554.930,374.15,3.58,59,122,565
04/26/2017 14:07:27,160,10.7,552.370,373.74,3.58,59,121,565
04/26/2017 14:07:37,180,10.7,549.830,374.17,3.58,59,120,565
04/26/2017 14:07:47,171,10.7,547.180,373.21,3.58,59,120,565
04/26/2017 14:07:57,140,10.7,544.570,373.22,3.58,57,153,565
04/26/2017 14:08:07,180,10.7,541.880,373.82,3.58,60,121,565
04/26/2017 14:08:17,174,10.7,539.320,372.96,3.58,59,120,565
04/26/2017 14:08:27,181,10.7,536.790,373.88,3.58,58,120,565
04/26/2017 14:08:37,172,10.7,534.180,373.24,3.59,57,120,565
04/26/2017 14:08:47,159,10.7,531.660,373.20,3.59,58,122,565
04/26/2017 14:08:57,160,10.7,529.030,374.22,3.59,59,121,565
04/26/2017 14:09:07,155,10.7,526.400,373.51,3.59,57,122,565
04/26/2017 14:09:17,162,10.7,523.900,373.30,3.59,58,119,565
04/26/2017 14:09:27,158,10.7,521.120,373.69,3.59,58,122,565
04/26/2017 14:09:37,142,10.7,518.560,374.28,3.59,59,122,565
04/26/2017 14:09:47,182,10.7,515.950,374.26,3.59,58,120,565
04/26/2017 14:09:57,161,10.7,513.380,373.75,3.59,58,123,565
04/26/2017 14:10:07,163,10.7,510.850,373.49,3.60,60,119,565
04/26/2017 14:10:17,161,10.7,508.270,374.01,3.60,59,122,565
04/26/2017 14:10:27,155,10.7,505.540,373.06,3.61,58,121,565
04/26/2017 14:10:37,166,10.7,503.120,372.88,3.61,58,120,565
04/26/2017 14:10:47,175,10.7,500.390,373.21,3.61,58,122,565
04/26/2017 14:10:57,162,10.7,497.870,372.49,3.62,56,123,565
04/26/2017 14:11:07,177,10.7,495.270,373.02,3.62,60,118,565
04/26/2017 14:11:17,170,10.7,492.630,371.89,3.62,57,121,565
04/26/2017 14:11:27,165,10.7,490.070,372.26,3.62,57,121,564
04/26/2017 14:11:37,168,10.7,487.570,373.09,3.63,58,123,565
04/26/2017 14:11:47,162,10.7,484.970,373.74,3.63,58,121,565
04/26/2017 14:11:57,156,10.7,482.230,373.20,3.62,60,119,565
04/26/2017 14:12:07,166,10.7,479.720,373.26,3.63,58,122,565
04/26/2017 14:12:17,155,10.7,477.230,374.02,3.63,58,121,565
04/26/2017 14:12:27,168,10.7,474.640,374.66,3.63,57,122,564
04/26/2017 14:12:37,174,10.7,471.970,373.64,3.63,59,122,565
04/26/2017 14:12:47,159,10.7,469.280,372.64,3.63,59,123,565
04/26/2017 14:12:57,170,10.7,466.720,373.55,3.63,57,121,565
04/26/2017 14:13:07,164,10.7,464.290,372.56,3.63,59,120,565
04/26/2017 14:13:17,167,10.7,461.590,372.25,3.63,58,121,565
04/26/2017 14:13:27,165,10.7,458.990,371.80,3.63,58,120,565
04/26/2017 14:13:37,178,10.7,456.350,372.23,3.63,57,119,564
04/26/2017 14:13:47,178,10.7,453.890,372.76,3.63,59,121,565
04/26/2017 14:13:57,153,10.7,451.320,372.57,3.63,57,121,565
04/26/2017 14:14:07,152,10.7,448.720,372.53,3.63,59,119,564
04/26/2017 14:14:17,157,10.7,446.170,371.72,3.63,58,125,565
04/26/2017 14:14:27,159,10.7,443.540,372.62,3.63,58,122,565
04/26/2017 14:14:37,164,10.7,440.820,372.13,3.63,56,119,565
04/26/2017 14:14:47,169,10.7,438.250,371.81,3.63,58,121,565
04/26/2017 14:14:57,160,10.7,435.750,371.79,3.63,59,121,565
04/26/2017 14:15:07,168,10.7,433.210,372.13,3.63,59,120,565
04/26/2017 14:15:17,184,10.7,430.600,371.97,3.63,58,120,565
04/26/2017 14:15:27,170,10.7,427.950,372.07,3.63,58,121,565
04/26/2017 14:15:37,166,10.7,425.470,372.18,3.63,58,120,565
04/26/2017 14:15:47,174,10.7,422.860,372.23,3.63,59,122,565
04/26/2017 14:15:57,164,10.7,420.250,371.37,3.63,59,119,565
04/26/2017 14:16:07,188,10.7,417.690,370.75,3.63,57,120,565
04/26/2017 14:16:17,169,10.7,415.120,369.79,3.63,55,119,565
04/26/2017 14:16:27,172,10.7,412.580,368.95,3.63,56,120,564
04/26/2017 14:16:37,171,10.7,410.090,367.91,3.63,56,118,565
04/26/2017 14:16:47,186,10.7,407.440,367.84,3.63,55,135,564
04/26/2017 14:16:57,167,10.7,404.760,367.51,3.63,56,121,565
04/26/2017 14:17:07,188,10.7,402.370,367.86,3.64,56,119,564
04/26/2017 14:17:17,178,10.7,399.630,368.47,3.64,56,121,565
04/26/2017 14:17:27,183,10.7,397.070,368.19,3.64,55,120,564
04/26/2017 14:17:37,166,10.7,394.510,369.30,3.64,57,118,565
04/26/2017 14:17:47,155,10.7,391.980,367.98,3.65,55,118,565
04/26/2017 14:17:57,157,10.7,389.270,368.70,3.65,56,123,565
04/26/2017 14:18:07,154,10.7,386.820,368.53,3.65,59,120,565
04/26/2017 14:18:17,167,10.7,384.120,369.50,3.64,57,121,565
04/26/2017 14:18:27,171,10.7,381.590,369.45,3.64,57,118,565
04/26/2017 14:18:37,184,10.7,378.980,369.84,3.64,59,122,565
04/26/2017 14:18:47,180,10.7,376.450,370.39,3.65,59,121,565
04/26/2017 14:18:57,192,10.7,373.920,371.86,3.65,61,121,565
04/26/2017 14:19:07,175,10.7,371.350,370.60,3.65,58,120,565
04/26/2017 14:19:17,186,10.7,368.690,370.71,3.65,58,119,565
04/26/2017 14:19:27,173,10.7,366.140,370.12,3.66,59,120,564
04/26/2017 14:19:37,171,10.7,363.630,369.79,3.66,59,120,565
04/26/2017 14:19:47,165,10.7,361.110,370.00,3.66,57,121,565
04/26/2017 14:19:57,179,10.7,358.530,370.35,3.66,58,121,564
04/26/2017 14:20:07,178,10.7,355.890,370.37,3.66,59,120,565
04/26/2017 14:20:17,172,10.7,353.350,370.68,3.66,59,123,565
04/26/2017 14:20:27,179,10.7,350.670,371.92,3.66,58,119,565
04/26/2017 14:20:37,179,10.7,348.140,370.47,3.66,56,119,565
04/26/2017 14:20:47,165,10.7,345.530,370.25,3.67,58,120,565
04/26/2017 14:20:57,164,10.7,343.000,369.64,3.67,57,120,565
04/26/2017 14:21:07,173,10.7,340.520,369.40,3.67,58,118,565
04/26/2017 14:21:17,170,10.7,337.850,369.46,3.67,58,120,565
04/26/2017 14:21:27,169,10.7,335.240,368.90,3.67,57,120,565
04/26/2017 14:21:37,164,10.7,332.700,368.47,3.68,57,117,565
04/26/2017 14:21:47,168,10.7,330.180,369.47,3.68,57,119,565
04/26/2017 14:21:57,163,10.7,327.600,369.93,3.68,57,121,565
04/26/2017 14:22:07,158,10.7,325.080,370.21,3.68,57,120,565
04/26/2017 14:22:17,166,10.7,322.490,370.09,3.68,58,120,565
04/26/2017 14:22:27,162,10.7,319.960,370.21,3.69,58,120,565
04/26/2017 14:22:37,184,10.7,317.390,370.98,3.69,57,119,564
04/26/2017 14:22:47,168,10.7,314.780,370.13,3.69,57,119,564
04/26/2017 14:22:57,180,10.7,312.200,369.46,3.69,58,121,565
04/26/2017 14:23:07,182,10.7,309.700,369.61,3.69,56,118,564
04/26/2017 14:23:17,180,10.7,307.100,369.25,3.69,55,119,564
04/26/2017 14:23:27,170,10.7,304.520,368.78,3.69,58,119,565
04/26/2017 14:23:37,176,10.7,301.950,369.29,3.69,57,121,565
04/26/2017 14:23:47,181,10.7,299.500,369.46,3.69,58,121,564
04/26/2017 14:23:57,163,10.7,296.860,370.54,3.69,59,121,565
04/26/2017 14:24:07,170,10.7,294.320,371.27,3.70,57,122,565
04/26/2017 14:24:17,167,10.7,291.730,370.91,3.70,59,121,564
04/26/2017 14:24:27,157,10.7,289.080,372.14,3.70,61,123,565
04/26/2017 14:24:37,182,10.6,286.570,371.89,3.68,61,123,565
04/26/2017 14:24:47,187,10.6,283.980,373.40,3.68,65,125,564
04/26/2017 14:24:57,177,10.6,281.480,373.80,3.67,63,125,565
04/26/2017 14:25:07,174,10.7,278.930,374.85,3.67,63,124,565
04/26/2017 14:25:17,161,10.7,276.240,374.80,3.67,62,122,565
04/26/2017 14:25:27,181,10.6,273.810,375.49,3.66,63,123,564
04/26/2017 14:25:37,167,10.7,271.110,376.28,3.66,66,127,565
04/26/2017 14:25:47,193,10.6,268.560,376.24,3.66,64,126,565
04/26/2017 14:25:57,179,10.7,266.020,375.39,3.66,66,124,564
04/26/2017 14:26:07,191,10.6,263.560,375.51,3.66,65,154,565
04/26/2017 14:26:17,183,10.7,260.960,376.53,3.66,65,126,564
04/26/2017 14:26:27,179,10.7,258.350,376.11,3.67,65,126,564
04/26/2017 14:26:37,157,10.7,255.740,376.57,3.66,66,128,565
04/26/2017 14:26:47,160,10.7,253.160,376.14,3.67,64,128,564
04/26/2017 14:26:57,190,10.6,250.680,376.29,3.67,65,125,565
04/26/2017 14:27:07,165,10.6,248.070,376.45,3.67,65,126,564
04/26/2017 14:27:17,172,10.7,245.630,376.22,3.67,67,130,564
04/26/2017 14:27:27,173,10.6,243.000,376.41,3.69,68,128,565
04/26/2017 14:27:37,181,10.6,240.400,375.50,3.71,70,125,565
04/26/2017 14:27:47,177,10.6,237.860,376.14,3.71,66,128,565
04/26/2017 14:27:57,172,10.7,235.320,376.34,3.72,67,127,565
04/26/2017 14:28:07,182,10.6,232.810,376.19,3.72,66,126,565
04/26/2017 14:28:17,180,10.7,230.180,375.73,3.73,68,126,564
04/26/2017 14:28:27,169,10.6,227.750,376.66,3.74,67,127,565
04/26/2017 14:28:37,170,10.7,225.020,375.58,3.75,68,129,564
04/26/2017 14:28:47,158,10.7,222.480,375.71,3.75,67,126,565
04/26/2017 14:28:57,179,10.6,219.990,374.87,3.76,68,128,565
04/26/2017 14:29:07,175,10.7,217.370,375.15,3.76,67,129,564
04/26/2017 14:29:17,193,10.6,214.890,376.05,3.76,69,130,565
04/26/2017 14:29:27,187,10.6,212.240,374.93,3.77,66,129,564
04/26/2017 14:29:37,176,10.6,209.750,374.75,3.76,68,126,564
04/26/2017 14:29:47,189,10.6,207.200,374.73,3.76,67,127,565
04/26/2017 14:29:57,172,10.7,204.690,375.53,3.76,68,128,565
04/26/2017 14:30:07,177,10.7,202.000,376.74,3.77,69,132,564
04/26/2017 14:30:17,175,10.6,199.590,375.61,3.78,67,127,565
04/26/2017 14:30:27,190,10.6,196.930,374.45,3.83,71,128,565
04/26/2017 14:30:37,183,10.6,194.430,373.95,3.84,68,129,565
04/26/2017 14:30:47,181,10.6,191.850,374.23,3.86,69,129,564
04/26/2017 14:30:57,174,10.6,189.260,373.82,3.88,69,128,565
04/26/2017 14:31:07,168,10.7,186.750,374.41,3.88,69,129,565
04/26/2017 14:31:17,179,10.6,185.120,373.37,3.88,73,131,565
04/26/2017 14:31:27,396,10.4,185.140,374.07,3.88,73,129,565
04/26/2017 14:31:37,386,10.4,185.010,373.81,3.88,74,130,565
04/26/2017 14:31:47,372,10.4,185.040,373.15,3.88,76,132,564
04/26/2017 14:31:57,394,10.4,185.060,374.51,3.88,72,133,564
04/26/2017 14:32:07,372,10.4,185.190,373.43,3.88,75,130,565
04/26/2017 14:32:17,382,10.5,185.130,373.72,3.88,71,133,565

 Ramp exit:    SMOOTH RUNNING
 Profile exit: TOP PRESSURE

 Vehicle motion stopped at 04/26/2017 14:32:22
 Sensor logging stopped at 04/26/2017 14:34:31
