
 Profile 326

 Sensors were turned on at  04/09/2017 00:00:02
 Vehicle began profiling at 04/09/2017 00:02:03

Date,[mA],[V],[dbar],Oxygen[uM],Optode Temp[C],Chl,NTU,Therm
04/09/2017 00:02:03,0,11.0,0.000,0.00,0.00,93,127,567
04/09/2017 00:02:13,209,10.8,0.000,0.00,0.00,81,127,567
04/09/2017 00:02:23,206,10.8,0.000,0.00,0.00,81,127,567
04/09/2017 00:02:36,261,10.7,202.750,382.43,3.64,80,126,567
04/09/2017 00:02:46,167,10.9,205.410,382.33,3.64,80,126,567
04/09/2017 00:02:56,165,10.9,208.150,382.44,3.64,79,127,567
04/09/2017 00:03:06,156,10.9,210.830,382.68,3.64,79,126,566
04/09/2017 00:03:16,162,10.9,213.470,382.09,3.64,79,127,566
04/09/2017 00:03:26,172,10.9,216.160,381.98,3.64,80,131,567
04/09/2017 00:03:36,170,10.9,218.810,382.21,3.64,80,127,566
04/09/2017 00:03:46,154,10.9,221.530,382.14,3.64,80,127,567
04/09/2017 00:03:56,172,10.9,224.170,381.88,3.64,79,125,566
04/09/2017 00:04:06,113,10.9,226.830,382.58,3.64,79,126,566
04/09/2017 00:04:16,182,10.9,229.700,382.01,3.64,80,127,566
04/09/2017 00:04:26,165,10.9,232.220,381.93,3.64,81,126,566
04/09/2017 00:04:36,103,11.0,234.840,381.19,3.64,80,126,566
04/09/2017 00:04:46,183,10.8,237.550,382.26,3.64,79,126,566
04/09/2017 00:04:56,150,10.9,240.140,381.39,3.64,79,125,566
04/09/2017 00:05:06,158,10.9,242.930,381.33,3.64,80,126,566
04/09/2017 00:05:16,163,10.9,245.560,381.86,3.65,79,126,566
04/09/2017 00:05:26,137,10.9,248.260,381.82,3.65,80,126,566
04/09/2017 00:05:36,219,10.8,250.940,380.89,3.65,79,127,566
04/09/2017 00:05:46,132,10.9,253.490,382.13,3.65,79,124,566
04/09/2017 00:05:56,165,10.8,256.180,381.14,3.65,79,125,566
04/09/2017 00:06:06,184,10.8,258.780,381.85,3.65,79,127,566
04/09/2017 00:06:16,144,10.9,261.440,381.04,3.65,80,124,565
04/09/2017 00:06:26,186,10.8,264.210,380.87,3.65,78,126,566
04/09/2017 00:06:36,188,10.8,266.720,380.96,3.65,80,126,566
04/09/2017 00:06:46,113,10.9,269.490,380.27,3.65,80,125,565
04/09/2017 00:06:56,149,10.9,272.050,380.68,3.65,81,128,565
04/09/2017 00:07:06,195,10.8,274.860,380.67,3.65,79,126,566
04/09/2017 00:07:16,169,10.8,277.290,380.48,3.65,81,126,565
04/09/2017 00:07:26,122,10.9,280.110,380.88,3.65,78,123,565
04/09/2017 00:07:36,181,10.8,282.730,380.70,3.65,79,128,565
04/09/2017 00:07:46,168,10.8,285.430,381.50,3.65,78,127,565
04/09/2017 00:07:56,152,10.9,288.060,380.85,3.65,78,126,565
04/09/2017 00:08:06,152,10.8,290.680,381.37,3.65,78,126,565
04/09/2017 00:08:16,126,10.9,293.370,380.31,3.65,77,126,565
04/09/2017 00:08:26,178,10.8,296.070,381.64,3.65,79,126,565
04/09/2017 00:08:36,165,10.8,298.550,380.84,3.65,79,124,565
04/09/2017 00:08:46,168,10.8,301.250,380.75,3.65,78,126,565
04/09/2017 00:08:56,185,10.8,303.930,379.96,3.64,78,126,565
04/09/2017 00:09:06,158,10.8,306.610,381.13,3.64,78,125,565
04/09/2017 00:09:16,180,10.8,309.200,380.94,3.65,78,127,565
04/09/2017 00:09:26,152,10.8,311.900,380.73,3.65,76,128,565
04/09/2017 00:09:36,166,10.8,314.510,380.27,3.65,78,126,565
04/09/2017 00:09:46,174,10.8,317.110,379.90,3.65,78,126,565
04/09/2017 00:09:56,133,10.9,319.680,380.85,3.65,78,126,565
04/09/2017 00:10:06,166,10.8,322.380,379.75,3.65,80,126,565
04/09/2017 00:10:16,163,10.8,324.990,381.00,3.65,78,127,565
04/09/2017 00:10:26,166,10.8,327.620,380.50,3.65,79,127,565
04/09/2017 00:10:36,189,10.8,330.290,381.23,3.65,80,127,565
04/09/2017 00:10:46,154,10.8,333.000,380.33,3.64,78,127,565
04/09/2017 00:10:56,133,10.9,335.620,380.25,3.64,77,127,565
04/09/2017 00:11:06,190,10.8,338.280,379.90,3.64,76,126,565
04/09/2017 00:11:16,165,10.8,340.870,379.53,3.64,79,125,565
04/09/2017 00:11:26,152,10.9,343.560,380.70,3.64,76,124,565
04/09/2017 00:11:36,165,10.8,346.160,380.37,3.64,76,125,565
04/09/2017 00:11:46,174,10.8,348.940,380.22,3.64,76,125,565
04/09/2017 00:11:56,167,10.8,351.470,380.09,3.64,77,124,565
04/09/2017 00:12:06,145,10.8,354.120,379.19,3.64,77,125,565
04/09/2017 00:12:16,192,10.8,356.880,378.86,3.64,74,126,565
04/09/2017 00:12:26,154,10.8,359.470,379.16,3.64,73,124,565
04/09/2017 00:12:36,176,10.8,362.100,379.24,3.64,75,125,565
04/09/2017 00:12:46,177,10.8,364.640,378.71,3.64,73,124,565
04/09/2017 00:12:56,159,10.8,367.340,378.47,3.64,76,126,565
04/09/2017 00:13:06,181,10.8,370.110,378.99,3.64,73,125,565
04/09/2017 00:13:16,186,10.8,372.690,379.17,3.64,76,124,565
04/09/2017 00:13:26,166,10.8,375.340,378.45,3.64,74,123,565
04/09/2017 00:13:36,168,10.8,378.080,378.89,3.64,74,125,565
04/09/2017 00:13:46,182,10.8,380.540,378.29,3.64,74,124,565
04/09/2017 00:13:56,146,10.9,383.330,378.87,3.64,72,124,565
04/09/2017 00:14:06,170,10.8,385.990,377.78,3.64,72,124,565
04/09/2017 00:14:16,167,10.8,388.520,378.25,3.63,69,124,565
04/09/2017 00:14:26,146,10.8,391.260,377.33,3.63,69,126,565
04/09/2017 00:14:36,181,10.8,393.840,377.03,3.62,69,124,565
04/09/2017 00:14:46,154,10.8,396.570,377.23,3.62,68,123,565
04/09/2017 00:14:56,161,10.8,399.080,377.43,3.62,68,123,565
04/09/2017 00:15:06,174,10.8,401.820,375.91,3.61,65,123,565
04/09/2017 00:15:16,181,10.8,404.470,377.13,3.61,64,122,565
04/09/2017 00:15:26,170,10.8,407.120,377.27,3.61,64,123,565
04/09/2017 00:15:36,165,10.8,409.670,377.11,3.61,64,122,565
04/09/2017 00:15:46,152,10.9,412.300,375.98,3.61,65,127,565
04/09/2017 00:15:56,174,10.8,415.000,377.08,3.61,64,122,565
04/09/2017 00:16:06,178,10.8,417.610,376.55,3.60,63,122,565
04/09/2017 00:16:16,149,10.8,420.360,376.64,3.60,64,121,565
04/09/2017 00:16:26,181,10.8,423.000,377.22,3.60,63,122,565
04/09/2017 00:16:36,186,10.8,425.520,376.40,3.60,63,123,565
04/09/2017 00:16:46,178,10.8,428.270,376.34,3.60,63,121,565
04/09/2017 00:16:56,178,10.8,430.860,376.27,3.60,63,123,565
04/09/2017 00:17:06,180,10.8,433.490,376.34,3.60,68,124,565
04/09/2017 00:17:16,174,10.8,436.080,377.13,3.60,69,123,565
04/09/2017 00:17:26,162,10.8,438.770,376.89,3.59,71,124,565
04/09/2017 00:17:36,167,10.8,441.530,377.42,3.60,69,123,565
04/09/2017 00:17:46,162,10.8,444.050,376.39,3.59,69,123,565
04/09/2017 00:17:56,179,10.8,446.700,377.77,3.59,69,126,565
04/09/2017 00:18:06,198,10.8,449.360,377.11,3.59,69,123,565
04/09/2017 00:18:16,158,10.9,452.030,377.02,3.58,70,123,565
04/09/2017 00:18:26,172,10.8,454.590,376.45,3.58,71,125,565
04/09/2017 00:18:36,185,10.8,457.120,377.32,3.58,69,124,565
04/09/2017 00:18:46,171,10.8,459.870,377.03,3.58,68,124,565
04/09/2017 00:18:56,170,10.8,462.490,376.84,3.58,68,127,565
04/09/2017 00:19:06,174,10.8,465.050,376.57,3.58,69,122,565
04/09/2017 00:19:16,202,10.8,467.660,377.33,3.58,69,124,565
04/09/2017 00:19:26,153,10.9,470.430,377.61,3.58,69,130,565
04/09/2017 00:19:36,180,10.8,473.060,377.69,3.58,68,123,565
04/09/2017 00:19:46,194,10.8,475.570,377.06,3.58,67,124,565
04/09/2017 00:19:56,158,10.9,478.330,376.56,3.58,68,125,565
04/09/2017 00:20:06,185,10.8,480.830,376.72,3.58,67,124,565
04/09/2017 00:20:16,166,10.8,483.460,376.57,3.58,67,123,565
04/09/2017 00:20:26,179,10.8,486.140,376.59,3.58,68,124,565
04/09/2017 00:20:36,189,10.8,488.790,377.00,3.58,68,126,565
04/09/2017 00:20:46,159,10.8,491.370,376.13,3.58,67,124,565
04/09/2017 00:20:56,172,10.8,493.950,376.96,3.58,68,123,565
04/09/2017 00:21:06,181,10.8,496.600,377.89,3.58,69,124,565
04/09/2017 00:21:16,178,10.8,499.320,376.80,3.58,68,124,565
04/09/2017 00:21:26,177,10.8,501.910,376.59,3.58,68,124,565
04/09/2017 00:21:36,156,10.8,504.550,375.56,3.58,68,125,565
04/09/2017 00:21:46,207,10.8,507.210,376.58,3.58,69,129,565
04/09/2017 00:21:56,163,10.8,509.770,375.97,3.58,68,124,565
04/09/2017 00:22:06,158,10.8,512.360,376.12,3.58,68,125,565
04/09/2017 00:22:16,220,10.8,515.050,375.75,3.58,68,124,565
04/09/2017 00:22:26,173,10.8,517.650,376.92,3.58,69,124,565
04/09/2017 00:22:36,139,10.9,520.230,376.36,3.58,70,126,565
04/09/2017 00:22:46,199,10.8,522.820,376.99,3.58,69,123,565
04/09/2017 00:22:56,182,10.8,525.530,375.63,3.58,68,124,565
04/09/2017 00:23:06,179,10.8,528.210,375.68,3.58,67,124,565
04/09/2017 00:23:16,171,10.8,530.740,376.02,3.58,69,123,565
04/09/2017 00:23:26,198,10.8,533.310,375.88,3.58,69,124,565
04/09/2017 00:23:36,191,10.8,535.950,376.62,3.58,69,124,565
04/09/2017 00:23:46,153,10.8,538.590,377.30,3.58,68,124,565
04/09/2017 00:23:56,160,10.8,541.210,376.19,3.58,68,125,565
04/09/2017 00:24:06,219,10.8,543.740,375.45,3.58,69,124,565
04/09/2017 00:24:16,163,10.9,546.380,376.19,3.58,70,124,565
04/09/2017 00:24:26,195,10.8,549.070,376.03,3.58,68,124,565
04/09/2017 00:24:36,189,10.8,551.710,375.83,3.58,68,124,565
04/09/2017 00:24:46,133,10.8,554.320,375.50,3.58,69,124,565
04/09/2017 00:24:56,164,10.8,556.970,375.09,3.58,69,124,565
04/09/2017 00:25:06,201,10.8,559.580,375.09,3.58,68,124,565
04/09/2017 00:25:16,165,10.8,562.050,376.07,3.58,69,126,565
04/09/2017 00:25:26,179,10.8,564.680,375.81,3.58,69,123,564
04/09/2017 00:25:36,163,10.8,567.370,376.17,3.58,70,124,565
04/09/2017 00:25:46,196,10.8,569.960,375.47,3.58,70,122,565
04/09/2017 00:25:56,157,10.8,572.530,375.93,3.58,69,124,565
04/09/2017 00:26:06,192,10.8,575.160,374.89,3.58,68,123,565
04/09/2017 00:26:16,185,10.8,577.830,375.79,3.58,68,123,564
04/09/2017 00:26:26,186,10.9,580.440,375.87,3.58,69,125,565
04/09/2017 00:26:36,229,10.8,582.950,375.71,3.58,69,124,565
04/09/2017 00:26:46,153,10.9,585.580,374.88,3.58,69,128,564
04/09/2017 00:26:56,166,10.8,588.150,375.86,3.58,69,126,565
04/09/2017 00:27:06,237,10.8,590.870,375.45,3.58,68,122,565
04/09/2017 00:27:16,167,10.9,593.440,375.71,3.58,70,124,564
04/09/2017 00:27:26,176,10.9,596.120,374.92,3.58,68,124,565
04/09/2017 00:27:36,203,10.8,598.620,374.65,3.58,67,124,564
04/09/2017 00:27:46,188,10.8,601.170,374.44,3.58,68,124,565
04/09/2017 00:27:56,178,10.8,603.760,374.87,3.58,69,123,565
04/09/2017 00:28:06,189,10.8,606.480,374.84,3.58,68,125,565
04/09/2017 00:28:16,209,10.8,609.070,375.15,3.58,69,122,565
04/09/2017 00:28:26,176,10.9,611.580,375.03,3.58,69,125,565
04/09/2017 00:28:36,184,10.8,614.370,375.56,3.58,68,124,564
04/09/2017 00:28:46,198,10.8,616.980,374.68,3.58,69,124,565
04/09/2017 00:28:56,173,10.9,619.520,374.78,3.58,68,124,565
04/09/2017 00:29:06,175,10.8,622.140,374.55,3.58,69,123,565
04/09/2017 00:29:16,191,10.8,624.650,375.80,3.58,69,124,565
04/09/2017 00:29:26,219,10.8,627.340,374.61,3.58,68,123,565
04/09/2017 00:29:36,195,10.8,630.000,373.79,3.58,68,124,565
04/09/2017 00:29:46,183,10.8,632.590,375.00,3.58,66,122,565
04/09/2017 00:29:56,218,10.8,635.210,374.18,3.58,68,122,565
04/09/2017 00:30:06,144,10.8,637.670,373.77,3.58,68,128,564
04/09/2017 00:30:16,183,10.9,640.340,373.86,3.58,69,122,565
04/09/2017 00:30:26,199,10.8,642.960,373.99,3.58,68,122,565
04/09/2017 00:30:36,179,10.8,645.530,374.32,3.58,68,120,564
04/09/2017 00:30:46,183,10.8,648.100,374.47,3.58,68,122,565
04/09/2017 00:30:56,192,10.8,650.850,373.49,3.58,67,122,565
04/09/2017 00:31:06,158,10.8,653.440,373.66,3.58,68,126,565
04/09/2017 00:31:16,177,10.8,656.020,374.72,3.58,67,121,565
04/09/2017 00:31:26,198,10.8,658.610,373.70,3.58,67,124,565
04/09/2017 00:31:36,177,10.8,661.320,373.33,3.58,68,122,565
04/09/2017 00:31:46,188,10.8,663.760,372.91,3.58,69,123,565
04/09/2017 00:31:56,164,10.8,666.380,373.82,3.58,66,123,565
04/09/2017 00:32:06,195,10.8,669.000,374.51,3.58,66,123,565
04/09/2017 00:32:16,183,10.8,671.560,372.87,3.57,66,124,565
04/09/2017 00:32:26,171,10.8,674.280,373.37,3.57,68,122,564
04/09/2017 00:32:36,202,10.8,676.870,373.84,3.57,67,125,565
04/09/2017 00:32:46,196,10.8,679.500,373.11,3.57,68,124,564
04/09/2017 00:32:56,173,10.8,682.000,374.35,3.57,67,127,565
04/09/2017 00:33:06,168,10.8,684.680,373.60,3.58,66,124,565
04/09/2017 00:33:16,184,10.8,687.250,373.44,3.57,68,125,565
04/09/2017 00:33:26,186,10.8,689.840,373.81,3.57,68,123,564
04/09/2017 00:33:36,188,10.8,692.380,373.52,3.58,69,123,565
04/09/2017 00:33:46,207,10.8,695.090,373.68,3.58,69,125,565
04/09/2017 00:33:56,187,10.8,697.640,373.60,3.58,69,124,565
04/09/2017 00:34:06,151,10.8,700.270,373.18,3.58,69,124,564
04/09/2017 00:34:16,199,10.8,702.820,372.88,3.58,71,123,565
04/09/2017 00:34:26,204,10.8,705.400,372.71,3.58,69,122,565
04/09/2017 00:34:36,197,10.8,707.980,374.20,3.58,68,124,565
04/09/2017 00:34:46,195,10.8,710.580,373.13,3.58,68,121,564
04/09/2017 00:34:56,223,10.8,713.210,373.68,3.58,68,124,565
04/09/2017 00:35:06,151,10.8,715.860,373.91,3.58,69,124,565
04/09/2017 00:35:16,196,10.9,718.360,373.57,3.58,69,124,565
04/09/2017 00:35:26,202,10.8,721.010,374.16,3.58,71,124,565
04/09/2017 00:35:36,191,10.8,723.540,373.47,3.58,69,123,564
04/09/2017 00:35:46,192,10.8,726.270,374.16,3.58,69,127,565
04/09/2017 00:35:56,195,10.8,728.780,373.67,3.58,70,122,565
04/09/2017 00:36:06,186,10.8,731.440,373.20,3.57,68,123,564
04/09/2017 00:36:16,203,10.8,733.980,372.93,3.58,69,123,565
04/09/2017 00:36:26,195,10.8,736.520,373.08,3.57,68,122,565
04/09/2017 00:36:36,191,10.8,739.160,372.65,3.57,66,124,565
04/09/2017 00:36:46,199,10.8,741.700,372.96,3.57,68,123,565
04/09/2017 00:36:56,196,10.8,744.340,372.46,3.57,67,123,564
04/09/2017 00:37:06,200,10.8,746.910,372.40,3.57,68,125,565
04/09/2017 00:37:16,186,10.8,749.470,371.85,3.57,69,123,564
04/09/2017 00:37:26,179,10.9,752.090,372.31,3.57,68,123,565
04/09/2017 00:37:36,199,10.8,754.810,371.68,3.57,68,122,565
04/09/2017 00:37:46,194,10.8,757.380,372.31,3.57,68,122,565
04/09/2017 00:37:56,165,10.9,759.950,371.81,3.57,67,124,565
04/09/2017 00:38:06,201,10.8,762.450,371.12,3.57,67,122,565
04/09/2017 00:38:16,193,10.8,765.110,371.95,3.57,67,122,565
04/09/2017 00:38:26,171,10.8,767.750,371.78,3.57,67,123,565
04/09/2017 00:38:36,225,10.8,770.280,371.80,3.57,67,123,565
04/09/2017 00:38:46,178,10.9,772.930,370.95,3.56,65,122,565
04/09/2017 00:38:56,158,10.9,775.550,372.47,3.57,68,124,565
04/09/2017 00:39:06,169,10.9,778.130,372.20,3.57,70,123,564
04/09/2017 00:39:16,194,10.8,780.720,371.80,3.57,69,125,565
04/09/2017 00:39:26,225,10.8,783.290,372.50,3.57,69,123,565
04/09/2017 00:39:36,170,10.9,785.830,371.48,3.58,68,121,565
04/09/2017 00:39:46,202,10.9,788.570,372.83,3.57,70,125,565
04/09/2017 00:39:56,207,10.8,791.020,372.82,3.58,69,124,564
04/09/2017 00:40:06,152,10.8,793.710,371.90,3.58,70,122,565
04/09/2017 00:40:16,165,10.9,796.310,372.09,3.58,69,126,564
04/09/2017 00:40:26,221,10.8,798.850,372.39,3.58,69,123,565
04/09/2017 00:40:36,158,10.9,801.420,372.65,3.58,67,124,565
04/09/2017 00:40:46,142,10.9,804.090,372.07,3.58,69,123,565
04/09/2017 00:40:56,198,10.8,806.790,372.51,3.58,68,123,564
04/09/2017 00:41:06,185,10.8,809.310,372.46,3.58,69,123,565
04/09/2017 00:41:16,211,10.8,811.950,371.90,3.58,70,124,565
04/09/2017 00:41:26,171,10.9,814.510,371.83,3.58,70,124,565
04/09/2017 00:41:36,167,10.9,817.140,372.10,3.58,71,125,565
04/09/2017 00:41:46,182,10.8,819.760,371.46,3.58,68,124,564
04/09/2017 00:41:56,196,10.8,822.360,371.84,3.58,69,123,564
04/09/2017 00:42:06,182,10.8,824.950,371.41,3.58,68,121,565
04/09/2017 00:42:16,194,10.8,827.420,371.32,3.58,69,124,565
04/09/2017 00:42:26,176,10.8,830.030,371.47,3.58,68,122,565
04/09/2017 00:42:36,199,10.8,832.630,371.45,3.58,69,124,564
04/09/2017 00:42:46,182,10.8,835.180,370.55,3.58,68,124,565
04/09/2017 00:42:56,179,10.8,837.790,371.79,3.58,69,123,565
04/09/2017 00:43:06,192,10.8,840.440,371.81,3.58,67,123,564
04/09/2017 00:43:16,154,10.9,843.060,370.78,3.58,68,123,565
04/09/2017 00:43:26,190,10.8,845.670,372.06,3.58,68,122,565
04/09/2017 00:43:36,207,10.8,848.160,371.01,3.58,67,122,564
04/09/2017 00:43:46,178,10.8,850.860,369.82,3.58,68,125,565
04/09/2017 00:43:56,163,10.9,853.420,371.69,3.58,69,121,565
04/09/2017 00:44:06,178,10.8,856.040,371.48,3.58,67,124,564
04/09/2017 00:44:16,183,10.8,858.650,370.83,3.58,68,121,565
04/09/2017 00:44:26,190,10.8,861.240,370.52,3.58,68,123,565
04/09/2017 00:44:36,168,10.8,863.750,371.32,3.58,67,123,565
04/09/2017 00:44:46,176,10.8,866.450,370.69,3.58,69,123,565
04/09/2017 00:44:56,204,10.8,868.890,371.04,3.58,68,122,565
04/09/2017 00:45:06,181,10.8,871.490,370.52,3.57,66,121,564
04/09/2017 00:45:16,178,10.8,874.060,370.73,3.57,66,123,565
04/09/2017 00:45:26,175,10.9,876.680,370.26,3.58,67,123,565
04/09/2017 00:45:36,181,10.9,879.280,370.22,3.58,68,123,565
04/09/2017 00:45:46,179,10.8,881.980,370.21,3.57,67,123,565
04/09/2017 00:45:56,172,10.8,884.570,370.23,3.57,67,124,565
04/09/2017 00:46:06,192,10.8,887.180,370.10,3.57,68,122,565
04/09/2017 00:46:16,208,10.8,889.790,369.98,3.56,65,121,564
04/09/2017 00:46:26,163,10.8,892.190,369.47,3.55,66,121,564
04/09/2017 00:46:36,179,10.8,894.780,369.01,3.55,66,123,564
04/09/2017 00:46:46,161,10.8,897.520,368.91,3.55,65,123,564
04/09/2017 00:46:56,221,10.8,900.030,368.68,3.55,63,121,565
04/09/2017 00:47:06,179,10.8,902.550,368.22,3.52,60,118,564
04/09/2017 00:47:16,175,10.8,905.140,366.42,3.51,61,119,565
04/09/2017 00:47:26,191,10.8,907.730,365.79,3.50,59,119,564
04/09/2017 00:47:36,178,10.8,910.370,364.63,3.49,57,121,565
04/09/2017 00:47:46,206,10.8,912.890,364.20,3.45,54,117,565
04/09/2017 00:47:56,196,10.8,915.450,362.19,3.45,54,117,565
04/09/2017 00:48:06,168,10.8,917.980,362.04,3.45,54,117,565
04/09/2017 00:48:16,181,10.8,920.580,361.11,3.44,53,115,565
04/09/2017 00:48:26,197,10.8,923.100,360.93,3.44,53,116,564
04/09/2017 00:48:36,192,10.9,925.820,360.53,3.43,52,115,565
04/09/2017 00:48:46,175,10.8,928.390,360.96,3.43,52,121,565
04/09/2017 00:48:56,188,10.9,930.890,359.66,3.43,52,116,565
04/09/2017 00:49:06,202,10.8,933.430,359.69,3.43,52,121,565
04/09/2017 00:49:16,184,10.8,936.130,359.85,3.43,52,116,564
04/09/2017 00:49:26,194,10.8,938.680,360.07,3.43,52,117,565
04/09/2017 00:49:36,175,10.8,941.220,359.77,3.42,52,115,564
04/09/2017 00:49:46,184,10.8,943.840,358.93,3.43,53,115,565
04/09/2017 00:49:56,198,10.9,946.480,359.60,3.43,52,115,565
04/09/2017 00:50:06,179,10.8,949.010,359.74,3.42,52,118,565
04/09/2017 00:50:16,160,10.9,951.620,359.54,3.42,51,116,565
04/09/2017 00:50:26,206,10.8,954.200,359.58,3.42,51,117,565
04/09/2017 00:50:36,200,10.8,956.700,360.45,3.42,51,115,565
04/09/2017 00:50:46,196,10.8,959.270,360.16,3.42,51,113,565
04/09/2017 00:50:56,182,10.8,961.970,359.31,3.42,52,114,565
04/09/2017 00:51:06,182,10.8,964.470,360.08,3.43,51,114,565
04/09/2017 00:51:16,175,10.8,966.980,359.39,3.43,51,112,565
04/09/2017 00:51:26,184,10.9,969.640,358.74,3.43,53,114,564
04/09/2017 00:51:36,185,10.8,972.320,359.60,3.43,53,113,565
04/09/2017 00:51:46,161,10.9,974.780,359.63,3.43,51,115,565
04/09/2017 00:51:56,191,10.8,977.320,358.94,3.43,53,114,565
04/09/2017 00:52:06,183,10.8,979.920,359.56,3.43,53,116,565
04/09/2017 00:52:16,183,10.8,982.590,358.99,3.43,51,115,565
04/09/2017 00:52:26,186,10.9,985.190,359.46,3.43,53,116,565
04/09/2017 00:52:36,176,10.8,987.770,358.94,3.42,52,114,565
04/09/2017 00:52:46,169,10.9,990.280,360.14,3.42,51,114,565
04/09/2017 00:52:56,194,10.8,992.820,359.34,3.42,53,114,565
04/09/2017 00:53:06,183,10.9,995.410,358.88,3.42,53,115,565
04/09/2017 00:53:16,203,10.8,998.040,358.22,3.42,53,114,565
04/09/2017 00:53:26,188,10.8,1000.580,358.70,3.42,53,115,565
04/09/2017 00:53:36,191,10.8,1003.110,358.43,3.41,53,115,565
04/09/2017 00:53:46,189,10.8,1005.820,359.24,3.41,53,114,565
04/09/2017 00:53:56,196,10.9,1008.330,359.42,3.41,52,114,565
04/09/2017 00:54:06,175,10.9,1010.850,359.58,3.41,52,116,565
04/09/2017 00:54:16,178,10.8,1013.420,359.21,3.41,52,115,565
04/09/2017 00:54:26,208,10.8,1016.180,358.78,3.41,52,115,565
04/09/2017 00:54:36,181,10.8,1018.700,359.62,3.41,54,116,565
04/09/2017 00:54:46,179,10.9,1021.270,358.76,3.41,53,114,565
04/09/2017 00:54:56,195,10.8,1023.910,358.65,3.41,52,115,565
04/09/2017 00:55:06,193,10.8,1026.380,358.89,3.41,52,114,565
04/09/2017 00:55:16,191,10.8,1029.050,357.59,3.41,53,113,565
04/09/2017 00:55:26,184,10.8,1031.550,358.76,3.41,53,114,565
04/09/2017 00:55:36,177,10.8,1034.240,358.47,3.40,51,114,565
04/09/2017 00:55:46,204,10.8,1036.670,358.33,3.39,51,115,565
04/09/2017 00:55:56,172,10.9,1039.340,358.30,3.40,53,114,565
04/09/2017 00:56:06,193,10.8,1041.910,358.35,3.40,51,113,565
04/09/2017 00:56:16,207,10.8,1044.480,358.67,3.40,52,113,565
04/09/2017 00:56:26,181,10.8,1047.060,358.25,3.40,53,114,565
04/09/2017 00:56:36,189,10.8,1049.760,358.62,3.40,52,114,565
04/09/2017 00:56:46,176,10.8,1052.210,358.87,3.40,52,114,565
04/09/2017 00:56:56,178,10.9,1054.790,358.49,3.39,50,113,565
04/09/2017 00:57:06,177,10.8,1057.390,358.01,3.39,53,121,565
04/09/2017 00:57:16,196,10.8,1060.060,359.07,3.39,52,115,565
04/09/2017 00:57:26,194,10.8,1062.630,358.97,3.39,52,114,565
04/09/2017 00:57:36,184,10.8,1065.050,358.71,3.39,52,115,565
04/09/2017 00:57:46,162,10.9,1067.640,358.58,3.39,53,114,565
04/09/2017 00:57:56,191,10.8,1070.240,358.72,3.39,52,114,565
04/09/2017 00:58:06,206,10.8,1072.760,358.18,3.38,52,114,565
04/09/2017 00:58:16,172,10.9,1075.410,357.86,3.38,53,115,565
04/09/2017 00:58:26,173,10.8,1078.020,358.19,3.38,53,116,565
04/09/2017 00:58:36,206,10.8,1080.490,358.24,3.38,54,114,565
04/09/2017 00:58:46,187,10.9,1083.070,357.32,3.38,53,115,565
04/09/2017 00:58:56,159,10.8,1085.730,357.60,3.38,52,116,565
04/09/2017 00:59:06,229,10.8,1088.250,357.66,3.38,52,114,565
04/09/2017 00:59:16,169,10.8,1090.850,357.14,3.38,53,118,565
04/09/2017 00:59:26,164,10.9,1093.430,357.32,3.38,52,116,565
04/09/2017 00:59:36,184,10.8,1096.000,357.72,3.38,53,113,565
04/09/2017 00:59:46,202,10.8,1098.540,357.07,3.38,51,114,565
04/09/2017 00:59:56,194,10.8,1101.130,357.68,3.37,51,116,565
04/09/2017 01:00:06,187,10.8,1103.700,357.25,3.37,52,114,565
04/09/2017 01:00:16,197,10.8,1106.150,357.29,3.37,52,114,565
04/09/2017 01:00:26,182,10.8,1108.710,356.89,3.37,53,118,565
04/09/2017 01:00:36,194,10.8,1111.200,357.37,3.37,53,114,565
04/09/2017 01:00:46,191,10.8,1113.850,356.56,3.37,52,114,565
04/09/2017 01:00:56,182,10.9,1116.420,357.24,3.37,52,114,565
04/09/2017 01:01:06,199,10.8,1118.960,356.74,3.37,51,114,565
04/09/2017 01:01:16,210,10.8,1121.510,357.26,3.37,53,114,565
04/09/2017 01:01:26,181,10.8,1124.050,357.30,3.37,53,114,565
04/09/2017 01:01:36,167,10.8,1126.670,356.85,3.37,51,115,565
04/09/2017 01:01:46,211,10.8,1129.270,356.57,3.37,53,114,565
04/09/2017 01:01:56,196,10.9,1131.670,356.79,3.37,53,114,565
04/09/2017 01:02:06,181,10.9,1134.350,356.14,3.37,52,113,565
04/09/2017 01:02:16,196,10.8,1136.900,356.35,3.37,51,113,565
04/09/2017 01:02:26,197,10.8,1139.430,357.32,3.37,52,114,565
04/09/2017 01:02:36,186,10.8,1142.030,357.31,3.37,52,114,565
04/09/2017 01:02:46,176,10.8,1144.470,356.84,3.36,53,113,565
04/09/2017 01:02:56,178,10.9,1147.190,356.44,3.37,50,114,565
04/09/2017 01:03:06,195,10.8,1149.650,356.67,3.38,52,112,565
04/09/2017 01:03:16,186,10.9,1152.300,355.78,3.38,53,113,565
04/09/2017 01:03:26,192,10.8,1154.760,356.02,3.38,52,121,565
04/09/2017 01:03:36,191,10.8,1157.390,356.06,3.38,52,115,565
04/09/2017 01:03:46,212,10.8,1159.970,356.48,3.39,53,112,565
04/09/2017 01:03:56,197,10.8,1162.360,355.22,3.38,52,114,565
04/09/2017 01:04:06,197,10.8,1165.010,356.66,3.38,51,113,565
04/09/2017 01:04:16,189,10.8,1167.500,356.36,3.38,52,113,565
04/09/2017 01:04:26,203,10.8,1170.160,355.62,3.38,53,114,565
04/09/2017 01:04:36,209,10.8,1172.630,357.01,3.38,53,114,565
04/09/2017 01:04:46,181,10.8,1175.230,355.81,3.37,53,113,565
04/09/2017 01:04:56,180,10.9,1177.780,355.77,3.37,52,112,565
04/09/2017 01:05:06,209,10.8,1180.310,355.52,3.37,52,113,565
04/09/2017 01:05:16,181,10.8,1182.860,356.19,3.37,52,114,565
04/09/2017 01:05:26,202,10.8,1185.480,355.44,3.37,51,114,565
04/09/2017 01:05:36,212,10.8,1188.030,355.48,3.37,53,113,565
04/09/2017 01:05:46,164,10.9,1190.560,356.38,3.37,52,114,565
04/09/2017 01:05:56,218,10.8,1193.020,355.25,3.37,53,115,565
04/09/2017 01:06:06,218,10.8,1195.560,356.29,3.37,52,111,565
04/09/2017 01:06:16,196,10.8,1198.030,355.80,3.37,52,113,565
04/09/2017 01:06:26,199,10.8,1200.620,355.36,3.37,51,114,565
04/09/2017 01:06:36,196,10.8,1203.100,354.91,3.37,52,113,565
04/09/2017 01:06:46,210,10.8,1205.640,354.97,3.37,52,113,565
04/09/2017 01:06:56,202,10.8,1208.260,354.38,3.37,52,113,565
04/09/2017 01:07:06,217,10.8,1210.890,355.83,3.37,51,115,565
04/09/2017 01:07:16,194,10.8,1213.380,355.47,3.37,53,113,565
04/09/2017 01:07:26,201,10.8,1215.870,355.27,3.37,52,113,565
04/09/2017 01:07:36,191,10.8,1218.420,353.52,3.37,52,114,565
04/09/2017 01:07:46,210,10.8,1221.050,354.73,3.37,52,112,565
04/09/2017 01:07:56,214,10.8,1223.600,354.76,3.37,53,112,565
04/09/2017 01:08:06,203,10.8,1225.990,354.21,3.37,51,113,565
04/09/2017 01:08:16,212,10.8,1228.640,353.82,3.37,52,114,565
04/09/2017 01:08:26,176,10.8,1231.190,353.99,3.36,52,113,565
04/09/2017 01:08:36,206,10.8,1233.790,354.62,3.36,52,114,565
04/09/2017 01:08:46,228,10.8,1236.270,354.45,3.35,53,114,565
04/09/2017 01:08:56,221,10.8,1238.740,354.79,3.35,52,113,565
04/09/2017 01:09:06,221,10.8,1241.390,353.74,3.35,52,114,565
04/09/2017 01:09:16,220,10.8,1243.930,354.74,3.35,52,114,565
04/09/2017 01:09:26,176,10.9,1246.370,354.29,3.36,53,114,565
04/09/2017 01:09:36,210,10.8,1248.910,354.82,3.35,52,114,565
04/09/2017 01:09:46,179,10.8,1251.590,354.49,3.35,54,113,565
04/09/2017 01:09:56,194,10.8,1254.140,355.09,3.35,52,120,565
04/09/2017 01:10:06,177,10.9,1256.650,354.32,3.35,52,113,565
04/09/2017 01:10:16,191,10.8,1259.260,354.80,3.35,52,115,565
04/09/2017 01:10:26,201,10.8,1261.810,354.14,3.35,53,112,565
04/09/2017 01:10:36,201,10.8,1264.180,354.38,3.35,52,114,565
04/09/2017 01:10:46,211,10.8,1266.750,353.30,3.35,52,113,565
04/09/2017 01:10:56,179,10.8,1269.440,353.30,3.36,51,131,565
04/09/2017 01:11:06,218,10.8,1271.890,353.07,3.36,53,114,565
04/09/2017 01:11:16,187,10.8,1274.530,353.31,3.36,52,112,565
04/09/2017 01:11:26,181,10.8,1276.900,352.82,3.37,52,116,565
04/09/2017 01:11:36,172,10.9,1279.540,352.74,3.37,52,114,565
04/09/2017 01:11:46,179,10.8,1282.170,350.90,3.37,52,113,565
04/09/2017 01:11:56,199,10.8,1284.540,351.48,3.37,53,114,565
04/09/2017 01:12:06,199,10.8,1287.250,351.88,3.37,53,113,565
04/09/2017 01:12:16,198,10.8,1289.760,351.26,3.38,52,114,565
04/09/2017 01:12:26,198,10.8,1292.350,351.28,3.38,51,115,565
04/09/2017 01:12:36,207,10.8,1294.870,350.96,3.38,52,113,565
04/09/2017 01:12:46,172,10.8,1297.450,350.58,3.39,52,113,565
04/09/2017 01:12:56,204,10.8,1300.050,349.97,3.39,54,112,565
04/09/2017 01:13:06,207,10.8,1302.540,349.76,3.40,51,115,565
04/09/2017 01:13:16,196,10.9,1304.950,350.07,3.40,52,112,565
04/09/2017 01:13:26,205,10.8,1307.530,349.36,3.41,53,114,565
04/09/2017 01:13:36,174,10.9,1310.150,348.80,3.41,51,113,565
04/09/2017 01:13:46,195,10.9,1312.730,349.27,3.40,52,115,565
04/09/2017 01:13:56,210,10.8,1315.180,349.12,3.41,52,113,565
04/09/2017 01:14:06,191,10.8,1317.820,348.47,3.41,53,114,565
04/09/2017 01:14:16,202,10.8,1320.270,348.37,3.41,52,113,565
04/09/2017 01:14:26,220,10.8,1322.890,348.38,3.41,52,113,565
04/09/2017 01:14:36,195,10.8,1325.420,347.62,3.42,52,129,565
04/09/2017 01:14:46,172,10.8,1327.900,346.81,3.43,52,114,565
04/09/2017 01:14:56,219,10.8,1330.500,346.83,3.44,52,114,565
04/09/2017 01:15:06,192,10.9,1332.890,345.39,3.44,52,112,565
04/09/2017 01:15:16,211,10.8,1335.430,345.01,3.45,51,114,565
04/09/2017 01:15:26,206,10.8,1337.960,344.85,3.45,54,113,565
04/09/2017 01:15:36,196,10.8,1340.580,344.38,3.46,52,112,565
04/09/2017 01:15:46,178,10.8,1343.020,343.97,3.46,52,113,565
04/09/2017 01:15:56,215,10.8,1345.530,343.54,3.47,53,115,565
04/09/2017 01:16:06,186,10.8,1347.940,343.24,3.47,53,114,565
04/09/2017 01:16:16,223,10.8,1350.430,342.17,3.48,53,111,565
04/09/2017 01:16:26,172,10.8,1352.960,341.75,3.49,53,114,565
04/09/2017 01:16:36,206,10.8,1355.470,342.19,3.49,53,114,565
04/09/2017 01:16:46,201,10.9,1357.990,340.43,3.50,53,114,565
04/09/2017 01:16:56,186,10.8,1360.530,340.40,3.50,53,112,565
04/09/2017 01:17:06,197,10.8,1363.040,339.81,3.51,53,113,565
04/09/2017 01:17:16,241,10.8,1365.470,339.96,3.51,53,113,565
04/09/2017 01:17:26,187,10.8,1368.000,339.36,3.52,52,115,565
04/09/2017 01:17:36,202,10.8,1370.560,337.64,3.53,52,116,565
04/09/2017 01:17:46,228,10.8,1373.070,337.88,3.53,53,114,565
04/09/2017 01:17:56,152,10.9,1375.460,337.68,3.53,53,114,565
04/09/2017 01:18:06,215,10.8,1378.040,337.07,3.54,53,113,565
04/09/2017 01:18:16,204,10.8,1380.520,337.98,3.54,13,114,565
04/09/2017 01:18:26,207,10.9,1383.050,337.16,3.54,53,114,565
04/09/2017 01:18:36,211,10.9,1385.600,336.77,3.55,52,114,565
04/09/2017 01:18:46,173,10.8,1388.060,335.56,3.55,53,113,565
04/09/2017 01:18:56,202,10.8,1390.540,336.12,3.55,52,114,565
04/09/2017 01:19:06,180,10.8,1393.010,334.96,3.55,52,115,565
04/09/2017 01:19:16,211,10.8,1395.530,335.51,3.55,54,113,565
04/09/2017 01:19:26,204,10.8,1397.930,334.47,3.56,52,113,565
04/09/2017 01:19:36,215,10.8,1400.580,334.47,3.56,53,117,565
04/09/2017 01:19:46,217,10.8,1403.040,334.22,3.56,53,113,565
04/09/2017 01:19:56,198,10.8,1405.460,333.32,3.57,54,112,565
04/09/2017 01:20:06,203,10.8,1407.940,332.91,3.57,51,112,565
04/09/2017 01:20:16,201,10.8,1410.440,333.23,3.58,53,114,565
04/09/2017 01:20:26,187,10.8,1413.100,332.24,3.58,53,113,565
04/09/2017 01:20:36,207,10.8,1415.570,331.93,3.58,54,114,565
04/09/2017 01:20:46,180,10.8,1418.120,332.41,3.58,52,114,565
04/09/2017 01:20:56,185,10.9,1420.620,332.00,3.58,54,113,565
04/09/2017 01:21:06,208,10.8,1423.130,331.47,3.58,53,122,565
04/09/2017 01:21:16,212,10.8,1425.610,331.85,3.58,52,114,565
04/09/2017 01:21:26,199,10.9,1428.010,331.49,3.57,52,115,565
04/09/2017 01:21:36,231,10.8,1430.620,330.79,3.57,53,114,565
04/09/2017 01:21:46,130,10.9,1433.080,331.43,3.57,52,116,565
04/09/2017 01:21:56,219,10.8,1435.510,331.31,3.57,53,117,565
04/09/2017 01:22:06,205,10.8,1437.990,330.29,3.57,54,114,565
04/09/2017 01:22:16,203,10.8,1440.510,330.35,3.57,53,114,565
04/09/2017 01:22:26,213,10.8,1443.020,330.21,3.57,53,113,565
04/09/2017 01:22:36,195,10.8,1445.570,330.42,3.57,53,115,565
04/09/2017 01:22:46,208,10.8,1447.940,330.34,3.57,53,114,565
04/09/2017 01:22:56,214,10.8,1450.610,329.79,3.57,53,113,565
04/09/2017 01:23:06,200,10.9,1453.040,329.84,3.57,52,115,565
04/09/2017 01:23:16,209,10.8,1455.510,329.59,3.56,52,114,565
04/09/2017 01:23:26,193,10.8,1457.890,329.83,3.56,53,121,565
04/09/2017 01:23:36,213,10.8,1460.370,329.15,3.56,53,115,565
04/09/2017 01:23:46,182,10.8,1462.890,329.53,3.56,53,117,565
04/09/2017 01:23:56,195,10.8,1465.390,330.09,3.56,53,114,565
04/09/2017 01:24:06,251,10.8,1467.910,328.69,3.56,53,116,565
04/09/2017 01:24:16,202,10.8,1470.410,328.87,3.56,54,116,565
04/09/2017 01:24:26,184,10.8,1472.890,328.90,3.57,54,115,565
04/09/2017 01:24:36,235,10.8,1475.290,328.86,3.57,53,114,565
04/09/2017 01:24:46,201,10.8,1477.700,328.01,3.57,53,115,565
04/09/2017 01:24:56,221,10.8,1480.220,327.83,3.57,54,115,565
04/09/2017 01:25:06,204,10.8,1482.720,327.81,3.57,52,114,565
04/09/2017 01:25:16,218,10.9,1485.020,327.72,3.56,52,113,565
04/09/2017 01:25:26,210,10.8,1487.600,327.94,3.56,54,113,565
04/09/2017 01:25:36,214,10.8,1489.990,328.11,3.56,53,113,564
04/09/2017 01:25:46,246,10.8,1492.480,327.71,3.56,53,116,565
04/09/2017 01:25:56,219,10.8,1495.060,327.07,3.55,53,112,565
04/09/2017 01:26:06,185,10.8,1497.430,327.04,3.55,53,113,565
04/09/2017 01:26:16,213,10.8,1500.010,327.51,3.55,53,119,565
04/09/2017 01:26:26,236,10.8,1502.570,326.98,3.55,53,115,565
04/09/2017 01:26:36,190,10.9,1504.890,327.58,3.54,53,114,565
04/09/2017 01:26:46,189,10.8,1507.450,326.85,3.54,52,114,565
04/09/2017 01:26:56,198,10.8,1510.040,327.14,3.54,52,116,565
04/09/2017 01:27:06,210,10.8,1512.370,326.64,3.54,53,114,565
04/09/2017 01:27:16,181,10.8,1515.020,327.11,3.53,53,113,565
04/09/2017 01:27:26,206,10.8,1517.460,326.60,3.53,51,114,565
04/09/2017 01:27:36,190,10.9,1519.910,326.04,3.53,52,114,565
04/09/2017 01:27:46,214,10.8,1522.470,325.80,3.53,53,114,565
04/09/2017 01:27:56,198,10.8,1525.020,327.22,3.53,52,114,565
04/09/2017 01:28:06,190,10.8,1527.390,326.22,3.53,53,112,565
04/09/2017 01:28:16,215,10.8,1530.030,326.77,3.53,54,114,565
04/09/2017 01:28:26,238,10.8,1532.460,326.62,3.53,53,114,565
04/09/2017 01:28:36,197,10.8,1535.000,326.91,3.53,54,112,565
04/09/2017 01:28:46,214,10.8,1537.560,326.93,3.53,53,114,565
04/09/2017 01:28:56,241,10.8,1540.010,326.11,3.52,53,114,565
04/09/2017 01:29:06,227,10.8,1542.530,326.41,3.52,52,114,565
04/09/2017 01:29:16,228,10.8,1545.000,325.51,3.52,53,114,565
04/09/2017 01:29:26,217,10.8,1547.360,326.31,3.52,51,115,565
04/09/2017 01:29:36,211,10.8,1549.690,326.15,3.52,53,115,565
04/09/2017 01:29:46,207,10.8,1552.230,325.32,3.51,53,113,565
04/09/2017 01:29:56,191,10.8,1554.660,325.54,3.51,54,119,565
04/09/2017 01:30:06,191,10.9,1557.190,326.28,3.51,53,113,565
04/09/2017 01:30:16,222,10.8,1559.760,325.73,3.51,52,125,565
04/09/2017 01:30:26,213,10.8,1562.220,325.82,3.51,53,115,565
04/09/2017 01:30:36,212,10.8,1564.580,325.61,3.50,53,113,565
04/09/2017 01:30:46,209,10.9,1567.010,325.54,3.50,52,113,565
04/09/2017 01:30:56,192,10.9,1569.480,325.60,3.50,52,114,565
04/09/2017 01:31:06,222,10.8,1571.770,325.51,3.49,53,115,565
04/09/2017 01:31:16,189,10.8,1574.240,326.12,3.49,53,114,565
04/09/2017 01:31:26,230,10.8,1576.680,326.24,3.49,53,114,565
04/09/2017 01:31:36,216,10.8,1579.190,325.64,3.48,52,114,565
04/09/2017 01:31:46,214,10.8,1581.740,326.74,3.48,52,112,565
04/09/2017 01:31:56,169,10.8,1583.910,325.13,3.48,54,120,565
04/09/2017 01:32:06,191,10.8,1586.280,326.17,3.48,54,114,565
04/09/2017 01:32:16,200,10.8,1588.640,326.46,3.47,53,113,565
04/09/2017 01:32:26,242,10.8,1591.310,325.82,3.47,55,114,565
04/09/2017 01:32:36,231,10.8,1593.600,325.64,3.47,53,118,565
04/09/2017 01:32:46,219,10.8,1595.970,326.11,3.47,53,113,565
04/09/2017 01:32:56,189,10.8,1598.490,325.10,3.46,53,113,564
04/09/2017 01:33:06,220,10.8,1600.910,325.51,3.45,52,115,565
04/09/2017 01:33:16,219,10.8,1603.370,326.15,3.45,54,114,565
04/09/2017 01:33:26,214,10.8,1605.810,325.28,3.45,53,115,565
04/09/2017 01:33:36,203,10.8,1608.400,325.46,3.45,54,114,565
04/09/2017 01:33:46,181,10.9,1610.730,326.33,3.44,54,115,565
04/09/2017 01:33:56,228,10.8,1613.270,325.83,3.44,53,113,565
04/09/2017 01:34:06,213,10.9,1615.640,326.00,3.44,54,113,565
04/09/2017 01:34:16,194,10.9,1618.100,326.08,3.44,54,115,565
04/09/2017 01:34:26,175,10.8,1620.500,325.62,3.44,52,113,565
04/09/2017 01:34:36,208,10.8,1622.880,326.52,3.43,52,115,565
04/09/2017 01:34:46,193,10.8,1625.360,325.90,3.43,54,113,565
04/09/2017 01:34:56,258,10.9,1627.580,326.59,3.42,53,113,565
04/09/2017 01:35:06,213,10.8,1630.090,325.67,3.42,54,112,565
04/09/2017 01:35:16,200,10.8,1632.500,325.61,3.42,54,114,565
04/09/2017 01:35:26,220,10.8,1634.940,325.99,3.42,53,113,565
04/09/2017 01:35:36,161,10.9,1637.250,326.44,3.42,52,113,565
04/09/2017 01:35:46,189,10.8,1639.740,325.80,3.42,52,114,565
04/09/2017 01:35:56,240,10.8,1642.220,326.00,3.42,53,113,565
04/09/2017 01:36:06,201,10.8,1644.710,326.03,3.42,53,113,565
04/09/2017 01:36:16,208,10.8,1647.090,325.92,3.41,54,114,565
04/09/2017 01:36:26,218,10.8,1649.590,326.12,3.41,54,113,565
04/09/2017 01:36:36,236,10.9,1652.150,325.09,3.41,53,112,565
04/09/2017 01:36:46,177,10.8,1654.460,325.14,3.40,53,114,565
04/09/2017 01:36:56,205,10.8,1656.950,325.02,3.40,53,113,565
04/09/2017 01:37:06,216,10.9,1659.480,324.62,3.40,53,112,565
04/09/2017 01:37:16,207,10.8,1661.860,325.05,3.40,53,112,565
04/09/2017 01:37:26,213,10.8,1664.250,325.17,3.40,53,112,565
04/09/2017 01:37:36,155,10.9,1666.650,325.65,3.40,52,113,565
04/09/2017 01:37:46,227,10.8,1669.110,324.36,3.40,54,112,565
04/09/2017 01:37:56,214,10.8,1671.610,324.85,3.39,53,112,565
04/09/2017 01:38:06,207,10.8,1674.000,324.22,3.38,52,113,565
04/09/2017 01:38:16,234,10.8,1676.420,325.19,3.38,53,112,565
04/09/2017 01:38:26,194,10.8,1678.740,325.12,3.38,53,111,565
04/09/2017 01:38:36,197,10.8,1681.160,324.90,3.37,52,111,565
04/09/2017 01:38:46,183,10.8,1683.660,324.79,3.37,54,112,565
04/09/2017 01:38:56,216,10.8,1685.890,325.61,3.36,54,114,565
04/09/2017 01:39:06,237,10.8,1688.210,325.43,3.36,54,113,565
04/09/2017 01:39:16,205,10.8,1690.630,325.12,3.35,54,113,565
04/09/2017 01:39:26,231,10.8,1693.080,325.63,3.35,52,116,565
04/09/2017 01:39:36,198,10.8,1695.370,325.67,3.35,52,116,565
04/09/2017 01:39:46,153,10.8,1697.640,325.28,3.34,52,113,565
04/09/2017 01:39:56,219,10.8,1699.990,324.84,3.34,52,112,565
04/09/2017 01:40:06,195,10.9,1702.500,325.17,3.34,53,112,565
04/09/2017 01:40:16,213,10.8,1704.770,325.52,3.34,52,112,565
04/09/2017 01:40:26,225,10.8,1707.320,325.18,3.34,53,113,565
04/09/2017 01:40:36,220,10.8,1709.750,325.57,3.34,53,112,565
04/09/2017 01:40:46,197,10.8,1712.110,325.31,3.34,54,113,565
04/09/2017 01:40:56,194,10.8,1714.300,325.10,3.33,53,113,565
04/09/2017 01:41:06,209,10.9,1716.790,325.14,3.33,53,112,565
04/09/2017 01:41:16,222,10.8,1719.250,324.79,3.32,53,112,565
04/09/2017 01:41:26,217,10.8,1721.560,325.48,3.32,53,112,565
04/09/2017 01:41:36,229,10.8,1724.010,325.50,3.32,52,113,565
04/09/2017 01:41:46,214,10.8,1726.420,324.76,3.31,54,111,565
04/09/2017 01:41:56,223,10.8,1728.870,325.36,3.31,54,113,565
04/09/2017 01:42:06,204,10.8,1731.220,325.56,3.31,53,114,565
04/09/2017 01:42:16,191,10.8,1733.530,325.27,3.30,54,113,565
04/09/2017 01:42:26,222,10.8,1736.120,325.14,3.30,53,113,565
04/09/2017 01:42:36,212,10.8,1738.360,325.01,3.30,54,112,565
04/09/2017 01:42:46,218,10.8,1740.880,325.36,3.30,51,112,565
04/09/2017 01:42:56,193,10.8,1743.330,325.29,3.30,52,112,565
04/09/2017 01:43:06,218,10.8,1745.680,325.56,3.29,52,112,565
04/09/2017 01:43:16,241,10.8,1748.030,325.39,3.29,52,112,565
04/09/2017 01:43:26,248,10.8,1750.530,325.18,3.29,53,113,565
04/09/2017 01:43:36,234,10.8,1752.830,324.77,3.29,55,111,565
04/09/2017 01:43:46,238,10.8,1755.150,325.01,3.28,53,113,565
04/09/2017 01:43:56,249,10.8,1757.470,325.35,3.28,53,111,565
04/09/2017 01:44:06,214,10.8,1760.040,325.35,3.28,53,111,565
04/09/2017 01:44:16,212,10.8,1762.180,326.31,3.27,52,111,565
04/09/2017 01:44:26,232,10.8,1764.750,325.31,3.27,54,111,565
04/09/2017 01:44:36,247,10.8,1767.040,325.25,3.27,53,111,565
04/09/2017 01:44:46,254,10.8,1769.480,324.92,3.27,52,110,565
04/09/2017 01:44:56,241,10.8,1771.750,325.33,3.26,54,114,565
04/09/2017 01:45:06,210,10.8,1774.210,325.70,3.26,52,113,565
04/09/2017 01:45:16,249,10.8,1776.500,325.42,3.26,54,113,565
04/09/2017 01:45:26,214,10.8,1778.860,324.82,3.25,53,113,565
04/09/2017 01:45:36,241,10.8,1781.290,326.07,3.25,54,113,565
04/09/2017 01:45:46,235,10.8,1783.650,325.19,3.25,55,114,565
04/09/2017 01:45:56,240,10.8,1786.120,325.89,3.25,54,113,565
04/09/2017 01:46:06,242,10.8,1788.330,325.55,3.25,52,110,565
04/09/2017 01:46:16,270,10.8,1790.730,325.63,3.24,53,112,565
04/09/2017 01:46:26,191,10.9,1793.160,325.80,3.24,52,112,565
04/09/2017 01:46:36,255,10.8,1795.510,325.44,3.24,53,112,565
04/09/2017 01:46:46,241,10.8,1797.860,325.78,3.24,53,111,565
04/09/2017 01:46:56,229,10.8,1800.250,325.80,3.23,53,112,565
04/09/2017 01:47:06,204,10.8,1802.680,325.48,3.23,53,115,565
04/09/2017 01:47:16,191,10.8,1805.140,325.98,3.23,54,114,565
04/09/2017 01:47:26,244,10.8,1807.450,325.42,3.23,53,112,565
04/09/2017 01:47:36,249,10.8,1809.900,325.65,3.23,52,112,565
04/09/2017 01:47:46,207,10.8,1812.260,325.13,3.22,54,112,565
04/09/2017 01:47:56,223,10.8,1814.550,325.38,3.22,52,111,565
04/09/2017 01:48:06,245,10.8,1817.000,325.26,3.22,53,110,565
04/09/2017 01:48:16,246,10.8,1819.280,324.89,3.22,51,110,565
04/09/2017 01:48:26,230,10.8,1821.780,324.48,3.22,52,111,565
04/09/2017 01:48:36,238,10.9,1824.240,324.67,3.23,52,113,565
04/09/2017 01:48:46,235,10.8,1826.570,325.09,3.24,51,111,565
04/09/2017 01:48:56,240,10.8,1828.980,323.99,3.23,52,112,565
04/09/2017 01:49:06,244,10.8,1831.380,324.59,3.23,52,113,565
04/09/2017 01:49:16,244,10.7,1833.810,324.57,3.23,53,111,565
04/09/2017 01:49:26,229,10.8,1836.110,324.47,3.22,52,112,565
04/09/2017 01:49:36,242,10.8,1838.560,324.08,3.21,52,112,565
04/09/2017 01:49:46,241,10.8,1841.050,324.43,3.21,53,117,565
04/09/2017 01:49:56,211,10.8,1843.390,324.41,3.20,53,110,565
04/09/2017 01:50:06,221,10.8,1845.780,324.02,3.20,54,112,565
04/09/2017 01:50:16,231,10.9,1848.170,324.11,3.20,53,112,565
04/09/2017 01:50:26,223,10.8,1850.590,324.87,3.19,53,110,565
04/09/2017 01:50:36,221,10.8,1852.960,324.02,3.19,52,110,565
04/09/2017 01:50:46,227,10.8,1855.520,324.41,3.20,53,126,565
04/09/2017 01:50:56,218,10.8,1857.810,323.92,3.21,51,110,565
04/09/2017 01:51:06,246,10.8,1860.300,324.78,3.21,53,113,565
04/09/2017 01:51:16,209,10.8,1862.690,324.50,3.20,52,111,565
04/09/2017 01:51:26,199,10.8,1865.030,323.61,3.20,53,111,565
04/09/2017 01:51:36,241,10.8,1867.340,324.26,3.19,53,110,565
04/09/2017 01:51:46,231,10.8,1869.840,324.53,3.19,51,112,565
04/09/2017 01:51:56,219,10.8,1872.160,324.59,3.19,54,115,565
04/09/2017 01:52:06,235,10.8,1874.500,324.11,3.18,53,111,565
04/09/2017 01:52:16,231,10.8,1876.950,324.08,3.18,55,109,565
04/09/2017 01:52:26,244,10.8,1879.390,324.43,3.17,53,110,565
04/09/2017 01:52:36,222,10.8,1881.900,324.66,3.17,53,110,565
04/09/2017 01:52:46,238,10.8,1884.240,324.68,3.17,53,110,565
04/09/2017 01:52:56,223,10.8,1886.660,324.44,3.17,54,111,565
04/09/2017 01:53:06,217,10.8,1889.020,325.16,3.17,54,111,565
04/09/2017 01:53:16,237,10.8,1891.450,324.45,3.18,53,111,565
04/09/2017 01:53:26,210,10.8,1893.920,324.64,3.18,54,110,565
04/09/2017 01:53:36,259,10.8,1896.360,324.31,3.18,54,113,565
04/09/2017 01:53:46,206,10.8,1898.690,324.64,3.17,52,111,565
04/09/2017 01:53:56,228,10.8,1901.040,325.06,3.17,55,112,565
04/09/2017 01:54:06,241,10.8,1903.520,324.97,3.17,54,113,565
04/09/2017 01:54:16,286,10.8,1905.900,323.92,3.16,53,111,565
04/09/2017 01:54:26,222,10.8,1908.110,323.81,3.16,52,112,565
04/09/2017 01:54:36,218,10.8,1910.480,323.84,3.16,52,111,565
04/09/2017 01:54:46,228,10.8,1913.100,324.76,3.16,53,109,565
04/09/2017 01:54:56,241,10.8,1915.470,323.14,3.16,53,110,565
04/09/2017 01:55:06,197,10.8,1917.710,324.11,3.16,52,112,565
04/09/2017 01:55:16,248,10.8,1920.070,323.72,3.16,52,111,565
04/09/2017 01:55:26,207,10.8,1922.480,323.62,3.16,53,112,565
04/09/2017 01:55:36,243,10.8,1924.900,324.28,3.16,53,112,565
04/09/2017 01:55:46,225,10.9,1927.230,323.80,3.15,52,113,565
04/09/2017 01:55:56,238,10.8,1929.640,322.72,3.15,52,112,565
04/09/2017 01:56:06,199,10.9,1931.940,323.82,3.15,53,117,565
04/09/2017 01:56:16,223,10.8,1934.440,323.59,3.15,53,111,565
04/09/2017 01:56:26,191,10.8,1936.760,323.67,3.16,53,110,565
04/09/2017 01:56:36,222,10.8,1939.220,323.43,3.16,55,110,565
04/09/2017 01:56:46,256,10.8,1941.550,323.66,3.14,53,111,565
04/09/2017 01:56:56,212,10.8,1943.970,323.61,3.14,53,111,565
04/09/2017 01:57:06,254,10.8,1946.320,324.06,3.13,52,112,565
04/09/2017 01:57:16,228,10.8,1948.900,323.84,3.11,51,110,565
04/09/2017 01:57:26,232,10.8,1951.230,324.03,3.11,53,111,565
04/09/2017 01:57:36,214,10.8,1953.610,324.36,3.11,53,111,565
04/09/2017 01:57:46,243,10.8,1956.030,323.86,3.11,53,110,565
04/09/2017 01:57:56,249,10.8,1958.510,324.13,3.10,53,114,565
04/09/2017 01:58:06,192,10.8,1960.890,324.30,3.11,53,111,565
04/09/2017 01:58:16,251,10.8,1963.180,324.22,3.11,53,114,565
04/09/2017 01:58:26,264,10.8,1965.710,323.95,3.11,53,110,565
04/09/2017 01:58:36,212,10.8,1968.100,323.80,3.11,52,112,565
04/09/2017 01:58:46,211,10.8,1970.410,323.94,3.11,54,110,565
04/09/2017 01:58:56,224,10.8,1972.800,323.69,3.11,53,109,565
04/09/2017 01:59:06,176,10.8,1975.230,323.33,3.10,53,111,565
04/09/2017 01:59:16,219,10.9,1977.470,323.62,3.10,53,111,565
04/09/2017 01:59:26,216,10.8,1979.890,323.92,3.10,53,111,565
04/09/2017 01:59:36,255,10.8,1982.370,323.59,3.10,53,111,565
04/09/2017 01:59:46,241,10.8,1984.790,323.39,3.11,55,111,565
04/09/2017 01:59:56,245,10.8,1987.150,323.07,3.11,54,110,565
04/09/2017 02:00:06,233,10.8,1989.710,322.91,3.12,53,112,565
04/09/2017 02:00:16,228,10.8,1991.930,322.74,3.12,54,111,565
04/09/2017 02:00:26,239,10.8,1994.410,323.10,3.12,53,111,565
04/09/2017 02:00:36,243,10.8,1996.710,322.50,3.11,53,111,565
04/09/2017 02:00:46,250,10.8,1999.100,322.52,3.11,54,110,565
04/09/2017 02:00:56,244,10.8,2001.540,322.49,3.11,53,112,565
04/09/2017 02:01:06,216,10.8,2004.000,322.88,3.11,53,109,565
04/09/2017 02:01:16,245,10.8,2006.280,322.31,3.11,53,111,565
04/09/2017 02:01:26,217,10.8,2008.670,323.11,3.11,54,110,565
04/09/2017 02:01:36,280,10.8,2011.050,322.10,3.11,53,109,565
04/09/2017 02:01:46,223,10.8,2013.480,322.53,3.11,54,111,565
04/09/2017 02:01:56,230,10.8,2015.800,322.17,3.11,52,111,565
04/09/2017 02:02:06,245,10.8,2018.150,322.22,3.11,53,110,565
04/09/2017 02:02:16,216,10.8,2020.470,322.56,3.11,55,109,565
04/09/2017 02:02:26,280,10.8,2022.860,322.26,3.10,51,108,565
04/09/2017 02:02:36,274,10.9,2025.190,321.90,3.10,54,111,565
04/09/2017 02:02:46,236,10.8,2027.590,322.35,3.10,53,111,565
04/09/2017 02:02:56,251,10.8,2029.870,322.25,3.10,53,110,565
04/09/2017 02:03:06,220,10.8,2032.090,322.53,3.10,53,111,565
04/09/2017 02:03:16,253,10.7,2034.510,322.06,3.09,52,115,565
04/09/2017 02:03:26,301,10.8,2036.730,322.47,3.09,54,111,565
04/09/2017 02:03:36,208,10.8,2039.010,321.93,3.09,53,111,565
04/09/2017 02:03:46,245,10.8,2041.420,322.59,3.09,54,109,565
04/09/2017 02:03:56,209,10.8,2043.790,321.64,3.09,52,110,565
04/09/2017 02:04:06,242,10.9,2045.990,321.83,3.09,53,111,565
04/09/2017 02:04:16,238,10.8,2048.330,321.70,3.08,54,112,565
04/09/2017 02:04:26,259,10.8,2050.690,321.49,3.08,53,117,565
04/09/2017 02:04:36,242,10.8,2053.030,321.54,3.08,55,111,565
04/09/2017 02:04:46,232,10.9,2055.260,322.12,3.08,53,110,565
04/09/2017 02:04:56,242,10.8,2057.620,321.44,3.08,53,110,565
04/09/2017 02:05:06,249,10.8,2059.890,322.30,3.07,54,112,565
04/09/2017 02:05:16,222,10.8,2062.260,321.73,3.07,54,110,565
04/09/2017 02:05:26,234,10.8,2064.610,321.70,3.07,53,109,565
04/09/2017 02:05:36,241,10.8,2066.930,321.66,3.06,53,110,565
04/09/2017 02:05:46,230,10.8,2069.230,322.03,3.06,52,110,565
04/09/2017 02:05:56,238,10.8,2071.490,322.15,3.06,53,112,565
04/09/2017 02:06:06,266,10.8,2073.680,322.18,3.06,54,110,565
04/09/2017 02:06:16,245,10.8,2076.010,321.91,3.06,52,112,565
04/09/2017 02:06:26,280,10.8,2078.440,321.19,3.05,53,112,565
04/09/2017 02:06:36,240,10.8,2080.660,322.18,3.05,52,111,565
04/09/2017 02:06:46,234,10.8,2082.990,321.76,3.05,53,111,565
04/09/2017 02:06:56,261,10.8,2085.240,322.08,3.04,53,111,565
04/09/2017 02:07:06,215,10.8,2087.710,322.15,3.04,54,112,565
04/09/2017 02:07:16,252,10.8,2090.010,322.30,3.04,52,111,565
04/09/2017 02:07:26,255,10.8,2092.370,322.78,3.04,52,110,565
04/09/2017 02:07:36,278,10.8,2094.610,322.56,3.04,53,112,565
04/09/2017 02:07:46,210,10.8,2096.800,321.52,3.04,53,111,565
04/09/2017 02:07:56,221,10.8,2099.150,321.90,3.04,54,110,565
04/09/2017 02:08:06,282,10.8,2101.440,321.49,3.03,53,111,565
04/09/2017 02:08:16,285,10.8,2103.870,322.41,3.03,53,113,565
04/09/2017 02:08:26,282,10.8,2106.140,321.53,3.04,53,110,565
04/09/2017 02:08:36,244,10.7,2108.440,321.92,3.03,52,111,565
04/09/2017 02:08:46,284,10.8,2110.660,322.02,3.02,52,111,565
04/09/2017 02:08:56,244,10.8,2113.070,322.56,3.02,52,112,565
04/09/2017 02:09:06,245,10.7,2115.420,321.34,3.02,52,113,565
04/09/2017 02:09:16,260,10.8,2117.730,321.31,3.02,51,110,565
04/09/2017 02:09:26,237,10.8,2120.000,321.54,3.02,53,111,565
04/09/2017 02:09:36,251,10.8,2122.260,321.53,3.01,54,110,565
04/09/2017 02:09:46,300,10.8,2124.560,321.77,3.01,53,112,565
04/09/2017 02:09:56,235,10.8,2126.890,322.13,3.01,52,110,565
04/09/2017 02:10:06,261,10.8,2129.250,322.16,3.01,52,110,565
04/09/2017 02:10:16,273,10.8,2131.470,321.75,3.01,53,112,565
04/09/2017 02:10:26,227,10.8,2133.690,321.49,3.00,53,114,565
04/09/2017 02:10:36,250,10.8,2135.930,321.99,3.00,52,112,565
04/09/2017 02:10:46,206,10.8,2138.380,321.75,2.99,53,110,565
04/09/2017 02:10:56,217,10.8,2140.670,322.29,2.99,54,111,565
04/09/2017 02:11:06,200,10.8,2142.870,321.92,2.98,52,112,565
04/09/2017 02:11:16,244,10.8,2145.280,322.02,2.98,54,111,565
04/09/2017 02:11:26,283,10.8,2147.510,322.17,2.98,53,112,565
04/09/2017 02:11:36,256,10.7,2149.730,322.39,2.98,53,111,565
04/09/2017 02:11:46,264,10.8,2151.970,322.79,2.97,53,114,565
04/09/2017 02:11:56,285,10.8,2154.270,321.87,2.97,53,111,565
04/09/2017 02:12:06,258,10.8,2156.510,322.15,2.97,52,111,565
04/09/2017 02:12:16,246,10.8,2158.900,322.24,2.96,55,110,565
04/09/2017 02:12:26,245,10.8,2161.200,322.67,2.96,53,109,565
04/09/2017 02:12:36,259,10.8,2163.460,322.06,2.96,53,110,565
04/09/2017 02:12:46,250,10.8,2165.880,322.42,2.96,53,110,565
04/09/2017 02:12:56,247,10.8,2168.030,322.56,2.95,54,110,565
04/09/2017 02:13:06,252,10.9,2170.440,322.48,2.95,53,110,565
04/09/2017 02:13:16,248,10.8,2172.670,321.48,2.95,53,108,565
04/09/2017 02:13:26,253,10.8,2174.930,321.43,2.95,53,110,565
04/09/2017 02:13:36,261,10.8,2177.310,321.96,2.95,53,111,565
04/09/2017 02:13:46,243,10.8,2179.570,321.86,2.95,54,110,565
04/09/2017 02:13:56,255,10.9,2181.940,322.59,2.95,53,110,565
04/09/2017 02:14:06,258,10.9,2184.000,322.03,2.95,53,110,565
04/09/2017 02:14:16,231,10.8,2186.380,321.13,2.95,52,110,565
04/09/2017 02:14:26,261,10.8,2188.550,322.43,2.94,52,110,565
04/09/2017 02:14:36,282,10.8,2190.900,321.60,2.94,53,108,565
04/09/2017 02:14:46,257,10.8,2193.330,321.63,2.94,52,109,565
04/09/2017 02:14:56,263,10.8,2195.510,321.53,2.95,53,111,566
04/09/2017 02:15:06,272,10.8,2197.900,321.68,2.95,54,113,565
04/09/2017 02:15:16,245,10.8,2200.130,321.38,2.95,54,111,565
04/09/2017 02:15:26,225,10.8,2202.520,321.07,2.94,54,111,566
04/09/2017 02:15:36,255,10.8,2204.660,322.02,2.93,53,111,565
04/09/2017 02:15:46,234,10.9,2206.910,321.94,2.93,51,117,565
04/09/2017 02:15:56,280,10.8,2209.280,322.59,2.92,53,110,565
04/09/2017 02:16:06,262,10.8,2211.350,322.76,2.92,53,111,565
04/09/2017 02:16:16,260,10.8,2213.550,323.22,2.92,52,112,566
04/09/2017 02:16:26,254,10.8,2215.960,322.12,2.92,52,111,565
04/09/2017 02:16:36,274,10.8,2218.230,322.85,2.92,54,111,565
04/09/2017 02:16:46,220,10.8,2220.530,322.68,2.91,53,112,565
04/09/2017 02:16:56,228,10.8,2222.820,323.00,2.91,52,111,565
04/09/2017 02:17:06,287,10.7,2225.050,322.47,2.91,53,111,566
04/09/2017 02:17:16,240,10.8,2227.340,322.76,2.91,53,110,566
04/09/2017 02:17:26,246,10.9,2229.740,321.86,2.91,54,109,565
04/09/2017 02:17:36,238,10.9,2231.920,322.33,2.90,54,111,566
04/09/2017 02:17:46,246,10.8,2233.890,322.10,2.90,54,111,566
04/09/2017 02:17:56,225,10.8,2236.270,322.52,2.90,53,109,565
04/09/2017 02:18:06,236,10.8,2238.470,322.24,2.90,54,113,566
04/09/2017 02:18:16,279,10.8,2240.780,322.03,2.90,53,111,566
04/09/2017 02:18:26,267,10.8,2242.930,322.32,2.90,52,110,565
04/09/2017 02:18:36,248,10.8,2245.240,321.50,2.89,54,111,565
04/09/2017 02:18:46,254,10.7,2247.580,321.73,2.89,54,113,565
04/09/2017 02:18:56,229,10.8,2249.910,321.91,2.89,52,111,565
04/09/2017 02:19:06,247,10.8,2252.200,321.82,2.90,53,109,565
04/09/2017 02:19:16,235,10.8,2254.360,321.52,2.90,52,111,565
04/09/2017 02:19:26,246,10.8,2256.460,321.07,2.89,53,111,566
04/09/2017 02:19:36,255,10.8,2258.770,321.68,2.89,53,109,566
04/09/2017 02:19:46,259,10.8,2261.170,321.86,2.89,52,113,565
04/09/2017 02:19:56,234,10.8,2263.410,321.80,2.89,53,111,565
04/09/2017 02:20:06,245,10.8,2265.510,322.07,2.88,53,111,565
04/09/2017 02:20:16,257,10.8,2267.820,321.35,2.88,53,112,566
04/09/2017 02:20:26,242,10.8,2270.050,322.12,2.88,53,112,566
04/09/2017 02:20:36,243,10.8,2272.410,322.16,2.88,54,111,565
04/09/2017 02:20:46,253,10.8,2274.800,321.66,2.88,52,110,566
04/09/2017 02:20:56,239,10.8,2277.110,322.09,2.88,53,112,565
04/09/2017 02:21:06,269,10.8,2279.190,321.76,2.88,52,112,566
04/09/2017 02:21:16,251,10.8,2281.710,321.15,2.87,53,111,565
04/09/2017 02:21:26,240,10.8,2283.900,321.64,2.87,52,111,565
04/09/2017 02:21:36,264,10.8,2286.220,321.49,2.87,52,113,565
04/09/2017 02:21:46,239,10.8,2288.540,321.51,2.87,54,111,565
04/09/2017 02:21:56,266,10.8,2290.790,321.71,2.86,52,113,565
04/09/2017 02:22:06,253,10.8,2293.040,321.49,2.86,55,113,566
04/09/2017 02:22:16,231,10.8,2295.250,321.57,2.86,54,112,565
04/09/2017 02:22:26,240,10.8,2297.490,321.50,2.85,53,111,566
04/09/2017 02:22:36,249,10.8,2299.870,321.40,2.85,53,120,565
04/09/2017 02:22:46,264,10.8,2302.170,321.34,2.85,54,113,565
04/09/2017 02:22:56,237,10.8,2304.340,321.87,2.84,54,113,566
04/09/2017 02:23:06,278,10.8,2306.710,322.05,2.84,53,111,566
04/09/2017 02:23:16,230,10.8,2309.000,321.65,2.84,53,112,566
04/09/2017 02:23:26,240,10.8,2311.180,322.10,2.84,53,112,565
04/09/2017 02:23:36,251,10.8,2313.400,321.80,2.84,53,112,565
04/09/2017 02:23:46,259,10.9,2315.660,321.99,2.83,54,112,566
04/09/2017 02:23:56,245,10.8,2317.980,321.74,2.83,53,112,565
04/09/2017 02:24:06,255,10.8,2320.270,321.71,2.84,54,112,565
04/09/2017 02:24:16,266,10.8,2322.420,321.39,2.83,53,112,566
04/09/2017 02:24:26,286,10.8,2324.710,322.10,2.83,53,111,565
04/09/2017 02:24:36,260,10.8,2326.920,321.40,2.83,53,111,565
04/09/2017 02:24:46,217,10.8,2329.190,322.18,2.82,51,112,566
04/09/2017 02:24:56,247,10.9,2331.410,321.46,2.82,53,113,565
04/09/2017 02:25:06,270,10.8,2333.640,321.23,2.82,52,114,565
04/09/2017 02:25:16,246,10.8,2335.860,321.62,2.82,54,112,566
04/09/2017 02:25:26,286,10.8,2338.130,321.62,2.81,55,112,566
04/09/2017 02:25:36,261,10.7,2340.310,321.39,2.81,54,113,566
04/09/2017 02:25:46,235,10.8,2342.620,321.76,2.81,52,112,566
04/09/2017 02:25:56,230,10.8,2344.850,322.19,2.81,53,113,566
04/09/2017 02:26:06,267,10.8,2347.090,322.27,2.80,53,113,566
04/09/2017 02:26:16,256,10.8,2349.390,321.52,2.80,52,113,566
04/09/2017 02:26:26,248,10.8,2351.640,321.75,2.80,52,112,566
04/09/2017 02:26:36,253,10.8,2353.780,321.58,2.80,54,113,566
04/09/2017 02:26:46,239,10.8,2356.120,321.43,2.80,52,111,566
04/09/2017 02:26:56,287,10.8,2358.470,321.22,2.79,54,112,565
04/09/2017 02:27:06,252,10.8,2360.670,321.53,2.79,52,114,566
04/09/2017 02:27:16,247,10.8,2362.780,321.62,2.79,53,112,566
04/09/2017 02:27:26,224,10.8,2365.100,321.85,2.79,54,116,566
04/09/2017 02:27:36,280,10.8,2367.360,320.89,2.79,53,115,566
04/09/2017 02:27:46,249,10.8,2369.670,321.58,2.79,53,112,566
04/09/2017 02:27:56,253,10.8,2371.840,321.82,2.78,52,111,566
04/09/2017 02:28:06,261,10.8,2374.020,321.28,2.78,54,112,566
04/09/2017 02:28:16,285,10.9,2376.170,321.61,2.78,53,111,566
04/09/2017 02:28:26,259,10.8,2378.580,321.04,2.78,53,112,566
04/09/2017 02:28:36,238,10.8,2380.760,321.44,2.78,53,113,566
04/09/2017 02:28:46,250,10.8,2382.960,321.35,2.78,55,112,566
04/09/2017 02:28:56,292,10.8,2385.120,321.25,2.77,53,114,566
04/09/2017 02:29:06,263,10.7,2387.440,321.23,2.77,52,113,566
04/09/2017 02:29:16,250,10.8,2389.730,321.67,2.77,53,111,566
04/09/2017 02:29:26,236,10.8,2392.090,321.23,2.77,51,111,566
04/09/2017 02:29:36,242,10.7,2394.250,321.12,2.76,53,112,566
04/09/2017 02:29:46,241,10.8,2396.430,321.79,2.76,53,130,566
04/09/2017 02:29:56,269,10.8,2398.450,322.18,2.76,52,112,566
04/09/2017 02:30:06,251,10.8,2400.870,321.43,2.76,53,113,566
04/09/2017 02:30:16,285,10.8,2403.100,321.75,2.76,54,113,566
04/09/2017 02:30:26,239,10.8,2405.260,321.32,2.76,54,114,566
04/09/2017 02:30:36,220,10.8,2407.500,322.02,2.75,53,112,566
04/09/2017 02:30:46,241,10.8,2409.790,321.74,2.75,53,112,566
04/09/2017 02:30:56,240,10.8,2412.070,321.82,2.75,54,114,566
04/09/2017 02:31:06,225,10.8,2414.090,321.64,2.74,54,112,566
04/09/2017 02:31:16,198,10.8,2416.370,322.11,2.74,53,112,566
04/09/2017 02:31:26,218,10.8,2418.560,321.48,2.74,55,113,566
04/09/2017 02:31:36,257,10.7,2420.790,321.60,2.74,54,112,566
04/09/2017 02:31:46,282,10.8,2422.980,321.73,2.73,53,114,566
04/09/2017 02:31:56,225,10.8,2425.110,321.77,2.73,53,116,566
04/09/2017 02:32:06,245,10.8,2427.290,322.48,2.73,51,112,566
04/09/2017 02:32:16,234,10.8,2429.380,321.81,2.73,52,113,566
04/09/2017 02:32:26,267,10.8,2431.650,321.96,2.73,52,113,566
04/09/2017 02:32:36,238,10.7,2433.820,321.73,2.73,52,113,566
04/09/2017 02:32:46,244,10.8,2435.950,321.96,2.72,53,115,566
04/09/2017 02:32:56,249,10.8,2438.070,322.29,2.72,52,113,566
04/09/2017 02:33:06,249,10.8,2440.170,322.71,2.72,52,111,566
04/09/2017 02:33:16,215,10.8,2442.520,322.20,2.71,53,117,566
04/09/2017 02:33:26,246,10.8,2444.530,322.37,2.71,51,115,566
04/09/2017 02:33:36,267,10.8,2446.640,321.72,2.71,53,118,566
04/09/2017 02:33:46,250,10.8,2449.030,321.79,2.71,53,113,566
04/09/2017 02:33:56,253,10.8,2451.190,322.53,2.70,52,115,566
04/09/2017 02:34:06,232,10.8,2453.270,322.51,2.70,53,120,566
04/09/2017 02:34:16,237,10.8,2455.300,322.81,2.70,52,113,566
04/09/2017 02:34:26,239,10.8,2457.510,322.33,2.70,53,114,566
04/09/2017 02:34:36,241,10.8,2459.530,322.47,2.69,53,114,566
04/09/2017 02:34:46,226,10.8,2461.690,322.51,2.69,52,115,566
04/09/2017 02:34:56,236,10.8,2463.800,322.55,2.69,53,114,566
04/09/2017 02:35:06,252,10.8,2465.810,322.95,2.68,53,114,566
04/09/2017 02:35:16,245,10.8,2467.820,322.88,2.68,53,114,566
04/09/2017 02:35:26,246,10.8,2469.860,322.69,2.68,53,112,566
04/09/2017 02:35:36,249,10.7,2471.920,322.82,2.67,54,115,566
04/09/2017 02:35:46,259,10.9,2474.030,322.70,2.67,53,116,566
04/09/2017 02:35:56,228,10.8,2476.170,323.47,2.67,53,113,566
04/09/2017 02:36:06,246,10.8,2478.210,322.99,2.67,53,115,566
04/09/2017 02:36:16,264,10.9,2480.090,322.68,2.67,53,115,566
04/09/2017 02:36:26,228,10.8,2482.030,322.83,2.66,52,115,566
04/09/2017 02:36:36,205,10.8,2484.200,323.02,2.66,53,116,566
04/09/2017 02:36:46,261,10.9,2486.110,323.45,2.65,54,115,566
04/09/2017 02:36:56,224,10.8,2488.010,322.95,2.65,53,115,566
04/09/2017 02:37:06,263,10.9,2490.070,323.55,2.65,53,115,566
04/09/2017 02:37:16,241,10.8,2492.280,323.45,2.64,53,116,566
04/09/2017 02:37:26,239,10.8,2494.430,323.92,2.64,53,119,566
04/09/2017 02:37:36,214,10.8,2496.430,323.45,2.64,52,115,566
04/09/2017 02:37:46,209,10.8,2498.330,324.25,2.63,53,122,566
04/09/2017 02:37:56,217,10.8,2500.250,324.36,2.62,54,114,566
04/09/2017 02:38:06,233,10.8,2502.400,325.04,2.61,54,116,566
04/09/2017 02:38:16,245,10.9,2504.330,324.31,2.60,53,114,566
04/09/2017 02:38:26,215,10.8,2506.480,324.81,2.60,53,112,566
04/09/2017 02:38:36,210,10.8,2508.550,324.42,2.59,54,115,566
04/09/2017 02:38:46,230,10.8,2510.550,325.36,2.59,53,113,566
04/09/2017 02:38:56,229,10.8,2512.540,324.71,2.58,51,128,566
04/09/2017 02:39:06,250,10.8,2514.540,325.36,2.58,54,115,566
04/09/2017 02:39:16,233,10.8,2516.530,325.40,2.57,53,115,566
04/09/2017 02:39:26,215,10.8,2518.350,325.37,2.57,53,116,566
04/09/2017 02:39:36,236,10.9,2520.350,325.58,2.56,53,116,566
04/09/2017 02:39:46,206,10.8,2522.400,325.41,2.56,53,124,566
04/09/2017 02:39:56,202,10.8,2524.300,326.36,2.55,53,118,566
04/09/2017 02:40:06,227,10.7,2526.390,325.99,2.54,54,117,566
04/09/2017 02:40:16,278,10.8,2528.460,326.04,2.54,54,119,566

 Ramp exit:    SMOOTH RUNNING
 Profile exit: BOTTOM PRESSURE

 Vehicle motion stopped at 04/09/2017 02:40:20
 Sensor logging stopped at 04/09/2017 02:42:28
