
 Profile 321

 Sensors were turned on at  04/04/2017 20:00:02
 Vehicle began profiling at 04/04/2017 20:02:04

Date,[mA],[V],[dbar],Oxygen[uM],Optode Temp[C],Chl,NTU,Therm
04/04/2017 20:02:04,0,11.0,0.000,0.00,0.00,53,125,569
04/04/2017 20:02:14,145,10.8,0.000,0.00,0.00,54,122,569
04/04/2017 20:02:24,130,10.9,0.000,0.00,0.00,53,127,569
04/04/2017 20:02:37,176,10.8,2514.710,335.84,2.24,53,123,569
04/04/2017 20:02:47,77,10.9,2511.560,336.27,2.26,54,122,569
04/04/2017 20:02:57,87,10.9,2508.750,334.72,2.28,52,124,569
04/04/2017 20:03:07,83,11.0,2505.970,335.24,2.29,53,124,569
04/04/2017 20:03:17,81,11.0,2503.080,334.45,2.29,52,126,569
04/04/2017 20:03:27,79,11.0,2500.370,334.96,2.30,52,125,569
04/04/2017 20:03:37,76,11.0,2497.580,334.47,2.31,53,123,569
04/04/2017 20:03:47,74,11.0,2494.710,334.49,2.32,52,127,569
04/04/2017 20:03:57,71,11.0,2491.880,334.67,2.32,53,127,569
04/04/2017 20:04:07,75,10.9,2489.170,335.00,2.32,53,133,569
04/04/2017 20:04:17,73,10.9,2486.310,335.09,2.33,54,131,568
04/04/2017 20:04:27,71,11.0,2483.460,335.13,2.34,54,127,568
04/04/2017 20:04:37,85,10.9,2480.780,335.50,2.35,53,127,568
04/04/2017 20:04:47,68,10.9,2477.850,335.19,2.36,53,132,568
04/04/2017 20:04:57,74,10.9,2475.210,335.61,2.37,51,129,568
04/04/2017 20:05:07,74,10.9,2472.340,336.41,2.39,53,130,568
04/04/2017 20:05:17,73,10.9,2469.610,335.80,2.40,53,127,568
04/04/2017 20:05:27,81,10.9,2466.690,335.47,2.42,52,125,568
04/04/2017 20:05:37,77,10.9,2463.920,334.73,2.42,53,127,568
04/04/2017 20:05:47,79,10.9,2461.200,333.97,2.42,54,124,568
04/04/2017 20:05:57,81,10.9,2458.300,334.09,2.44,53,128,568
04/04/2017 20:06:07,74,10.9,2455.530,334.00,2.45,54,125,568
04/04/2017 20:06:17,68,10.9,2452.830,334.04,2.45,52,130,568
04/04/2017 20:06:27,70,10.9,2449.910,333.77,2.46,53,129,568
04/04/2017 20:06:37,79,10.9,2447.130,333.67,2.47,55,130,568
04/04/2017 20:06:47,64,10.9,2444.430,333.48,2.48,53,126,568
04/04/2017 20:06:57,77,10.9,2441.640,334.33,2.49,54,131,568
04/04/2017 20:07:07,82,10.9,2438.770,333.82,2.49,55,127,568
04/04/2017 20:07:17,79,10.9,2435.920,333.15,2.50,54,134,567
04/04/2017 20:07:27,79,10.9,2433.130,333.31,2.51,53,125,567
04/04/2017 20:07:37,80,10.9,2430.390,333.01,2.51,54,128,568
04/04/2017 20:07:47,71,10.9,2427.720,333.11,2.52,52,127,568
04/04/2017 20:07:57,68,10.9,2424.780,333.34,2.52,52,127,568
04/04/2017 20:08:07,77,10.9,2422.120,333.43,2.53,52,125,567
04/04/2017 20:08:17,79,10.9,2419.300,332.45,2.53,53,127,567
04/04/2017 20:08:27,80,10.9,2416.490,333.22,2.54,55,124,567
04/04/2017 20:08:37,80,10.9,2413.590,331.85,2.55,52,125,567
04/04/2017 20:08:47,72,10.9,2410.920,332.95,2.56,54,124,567
04/04/2017 20:08:57,74,10.9,2408.150,332.41,2.57,54,123,567
04/04/2017 20:09:07,76,10.9,2405.240,331.71,2.57,53,129,567
04/04/2017 20:09:17,70,10.9,2402.450,331.61,2.59,54,136,567
04/04/2017 20:09:27,70,10.9,2399.750,331.34,2.59,53,125,567
04/04/2017 20:09:37,73,10.9,2396.950,330.88,2.60,54,123,567
04/04/2017 20:09:47,73,10.9,2394.060,330.55,2.61,54,131,567
04/04/2017 20:09:57,76,10.9,2391.350,330.71,2.62,53,121,567
04/04/2017 20:10:07,73,10.9,2388.490,330.31,2.63,54,123,567
04/04/2017 20:10:17,70,10.9,2385.630,330.47,2.64,53,122,567
04/04/2017 20:10:27,75,10.9,2382.860,329.55,2.66,53,126,567
04/04/2017 20:10:37,83,10.9,2380.130,327.97,2.67,53,118,567
04/04/2017 20:10:47,78,10.9,2377.310,328.87,2.67,54,119,567
04/04/2017 20:10:57,62,10.9,2374.610,327.94,2.68,55,115,567
04/04/2017 20:11:07,74,10.9,2371.760,327.16,2.68,53,118,567
04/04/2017 20:11:17,64,10.9,2369.020,327.33,2.69,53,115,567
04/04/2017 20:11:27,73,10.9,2366.300,326.98,2.70,53,116,567
04/04/2017 20:11:37,73,10.9,2363.450,326.91,2.71,53,115,567
04/04/2017 20:11:47,73,10.9,2360.760,325.68,2.72,53,114,567
04/04/2017 20:11:57,79,10.9,2357.960,325.47,2.73,53,112,567
04/04/2017 20:12:07,75,10.9,2355.200,325.42,2.73,53,116,567
04/04/2017 20:12:17,72,10.9,2352.320,324.60,2.74,52,114,567
04/04/2017 20:12:27,71,10.9,2349.600,324.67,2.74,54,114,567
04/04/2017 20:12:37,70,10.9,2346.860,324.45,2.75,53,112,567
04/04/2017 20:12:47,73,10.9,2343.910,323.70,2.76,52,115,567
04/04/2017 20:12:57,73,10.9,2341.180,323.21,2.76,54,114,567
04/04/2017 20:13:07,73,10.9,2338.440,324.20,2.76,53,113,567
04/04/2017 20:13:17,72,10.9,2335.630,323.21,2.77,51,112,567
04/04/2017 20:13:27,71,10.9,2332.820,323.49,2.77,53,113,567
04/04/2017 20:13:37,79,10.9,2330.180,323.38,2.78,53,112,567
04/04/2017 20:13:47,60,10.9,2327.280,323.08,2.78,52,113,567
04/04/2017 20:13:57,73,10.9,2324.590,322.71,2.79,53,110,567
04/04/2017 20:14:07,76,10.9,2321.720,323.21,2.79,54,112,567
04/04/2017 20:14:17,79,10.9,2318.930,323.64,2.79,53,112,567
04/04/2017 20:14:27,80,10.9,2316.120,323.91,2.79,54,117,567
04/04/2017 20:14:37,72,10.9,2313.440,323.71,2.79,54,115,566
04/04/2017 20:14:47,68,10.9,2310.710,324.56,2.79,53,113,567
04/04/2017 20:14:57,72,10.9,2307.910,324.40,2.79,54,114,566
04/04/2017 20:15:07,81,10.9,2305.140,324.53,2.80,53,116,566
04/04/2017 20:15:17,64,10.9,2302.270,324.61,2.80,53,114,567
04/04/2017 20:15:27,72,10.9,2299.450,324.45,2.81,53,115,566
04/04/2017 20:15:37,78,10.9,2296.700,324.15,2.82,53,113,567
04/04/2017 20:15:47,74,10.9,2293.940,324.00,2.82,52,115,566
04/04/2017 20:15:57,77,10.9,2291.090,323.73,2.82,53,114,566
04/04/2017 20:16:07,80,10.9,2288.490,323.90,2.82,53,117,566
04/04/2017 20:16:17,79,10.9,2285.620,323.67,2.83,53,114,567
04/04/2017 20:16:27,73,10.9,2282.810,323.54,2.83,52,113,566
04/04/2017 20:16:37,83,10.9,2279.990,323.29,2.84,52,112,567
04/04/2017 20:16:47,66,10.9,2277.380,322.15,2.85,53,111,566
04/04/2017 20:16:57,79,10.9,2274.610,322.18,2.85,53,111,566
04/04/2017 20:17:07,83,10.9,2271.760,322.11,2.85,53,111,566
04/04/2017 20:17:17,64,10.9,2268.980,321.89,2.86,53,111,567
04/04/2017 20:17:27,78,10.9,2266.270,322.15,2.86,53,111,566
04/04/2017 20:17:37,85,10.9,2263.570,321.20,2.87,54,113,566
04/04/2017 20:17:47,80,10.9,2260.640,321.47,2.87,54,110,566
04/04/2017 20:17:57,80,10.9,2258.040,321.73,2.88,54,112,566
04/04/2017 20:18:07,81,10.9,2255.130,321.68,2.88,54,111,566
04/04/2017 20:18:17,82,10.9,2252.490,322.17,2.88,52,112,566
04/04/2017 20:18:27,85,10.9,2249.700,321.77,2.88,54,114,566
04/04/2017 20:18:37,76,10.9,2246.800,322.69,2.88,54,113,566
04/04/2017 20:18:47,73,10.9,2244.110,323.11,2.88,52,113,566
04/04/2017 20:18:57,79,10.9,2241.270,323.42,2.88,53,115,566
04/04/2017 20:19:07,74,10.9,2238.450,324.24,2.88,52,114,566
04/04/2017 20:19:17,77,10.9,2235.790,323.95,2.90,53,113,566
04/04/2017 20:19:27,77,10.9,2232.960,323.27,2.91,53,113,566
04/04/2017 20:19:37,73,10.9,2230.150,322.36,2.91,53,111,566
04/04/2017 20:19:47,78,10.9,2227.330,322.23,2.92,53,112,566
04/04/2017 20:19:57,76,10.9,2224.680,322.46,2.92,52,113,566
04/04/2017 20:20:07,80,10.9,2221.920,322.52,2.92,53,112,566
04/04/2017 20:20:17,82,10.9,2219.190,322.45,2.92,53,111,566
04/04/2017 20:20:27,78,10.9,2216.440,321.74,2.92,53,112,566
04/04/2017 20:20:37,75,10.9,2213.590,321.71,2.92,53,110,566
04/04/2017 20:20:47,81,10.9,2210.800,321.37,2.92,54,110,566
04/04/2017 20:20:57,81,10.9,2207.920,322.16,2.92,53,110,566
04/04/2017 20:21:07,74,10.9,2205.170,321.29,2.93,53,112,566
04/04/2017 20:21:17,78,10.9,2202.460,321.88,2.93,54,111,566
04/04/2017 20:21:27,76,10.9,2199.680,322.15,2.93,54,112,566
04/04/2017 20:21:37,77,10.9,2196.970,322.03,2.94,53,109,566
04/04/2017 20:21:47,81,10.9,2194.250,321.59,2.94,53,112,566
04/04/2017 20:21:57,66,10.9,2191.390,322.34,2.94,52,110,566
04/04/2017 20:22:07,89,10.9,2188.630,321.30,2.96,52,110,566
04/04/2017 20:22:17,84,10.9,2185.830,321.87,2.96,51,119,566
04/04/2017 20:22:27,71,10.9,2183.040,321.31,2.97,52,110,566
04/04/2017 20:22:37,91,10.9,2180.270,322.04,2.97,52,111,566
04/04/2017 20:22:47,86,10.9,2177.560,321.70,2.97,53,111,566
04/04/2017 20:22:57,88,10.9,2174.730,322.09,2.97,54,115,566
04/04/2017 20:23:07,73,10.9,2172.080,321.22,2.97,53,117,566
04/04/2017 20:23:17,76,10.9,2169.130,322.01,2.97,53,112,566
04/04/2017 20:23:27,93,10.9,2166.460,321.66,2.97,52,112,566
04/04/2017 20:23:37,77,10.9,2163.800,322.31,2.98,53,111,566
04/04/2017 20:23:47,83,10.9,2160.880,322.52,2.98,53,117,566
04/04/2017 20:23:57,91,10.9,2158.210,322.15,2.98,51,111,566
04/04/2017 20:24:07,67,10.9,2155.480,322.08,2.98,53,112,566
04/04/2017 20:24:17,83,10.9,2152.610,321.76,2.98,52,111,566
04/04/2017 20:24:27,81,10.9,2149.880,322.00,2.98,52,110,566
04/04/2017 20:24:37,69,10.9,2147.200,321.62,2.99,54,131,566
04/04/2017 20:24:47,86,10.9,2144.280,321.92,2.99,52,112,566
04/04/2017 20:24:57,88,10.9,2141.610,322.18,2.99,53,114,566
04/04/2017 20:25:07,80,10.9,2138.910,321.99,3.00,53,112,566
04/04/2017 20:25:17,91,10.9,2136.020,323.38,3.00,52,112,566
04/04/2017 20:25:27,82,10.9,2133.310,322.59,3.00,53,113,566
04/04/2017 20:25:37,77,10.9,2130.660,322.16,3.00,53,114,566
04/04/2017 20:25:47,89,10.9,2127.900,321.17,3.01,53,110,566
04/04/2017 20:25:57,82,10.9,2125.050,322.09,3.02,52,113,566
04/04/2017 20:26:07,85,10.9,2122.200,321.96,3.02,53,112,566
04/04/2017 20:26:17,91,10.9,2119.590,322.17,3.02,53,112,566
04/04/2017 20:26:27,89,10.9,2116.810,321.99,3.02,51,109,566
04/04/2017 20:26:37,87,10.9,2113.930,321.37,3.03,53,110,566
04/04/2017 20:26:47,85,10.9,2111.290,321.94,3.03,54,111,566
04/04/2017 20:26:57,86,10.9,2108.530,322.08,3.03,52,112,566
04/04/2017 20:27:07,88,10.9,2105.700,322.07,3.03,53,110,566
04/04/2017 20:27:17,92,10.9,2102.900,322.32,3.03,53,113,566
04/04/2017 20:27:27,88,10.9,2100.260,321.97,3.04,53,115,566
04/04/2017 20:27:37,87,10.9,2097.470,323.33,3.03,53,114,566
04/04/2017 20:27:47,95,10.9,2094.770,324.16,3.03,53,112,566
04/04/2017 20:27:57,81,10.9,2091.960,324.33,3.04,53,109,566
04/04/2017 20:28:07,80,10.9,2089.260,323.97,3.05,52,113,566
04/04/2017 20:28:17,93,10.9,2086.380,322.70,3.06,52,112,566
04/04/2017 20:28:27,94,10.9,2083.700,323.25,3.06,52,110,566
04/04/2017 20:28:37,86,10.9,2081.030,323.24,3.07,52,112,566
04/04/2017 20:28:47,88,10.9,2078.200,322.97,3.07,54,115,566
04/04/2017 20:28:57,91,10.9,2075.340,323.20,3.07,53,112,566
04/04/2017 20:29:07,88,10.9,2072.620,322.24,3.08,54,112,566
04/04/2017 20:29:17,86,10.9,2069.890,322.76,3.09,56,110,566
04/04/2017 20:29:27,89,10.9,2067.140,323.18,3.08,55,110,566
04/04/2017 20:29:37,91,10.9,2064.290,322.48,3.09,53,110,566
04/04/2017 20:29:47,85,10.9,2061.590,322.40,3.09,52,111,566
04/04/2017 20:29:57,87,10.9,2058.840,322.17,3.09,53,112,566
04/04/2017 20:30:07,85,10.9,2056.160,322.01,3.09,54,111,566
04/04/2017 20:30:17,93,10.9,2053.330,322.49,3.09,53,113,566
04/04/2017 20:30:27,87,10.9,2050.500,322.88,3.09,53,111,566
04/04/2017 20:30:37,80,10.9,2047.770,322.66,3.10,53,112,566
04/04/2017 20:30:47,90,10.9,2045.010,322.92,3.10,52,112,566
04/04/2017 20:30:57,82,10.9,2042.230,322.51,3.10,52,110,566
04/04/2017 20:31:07,86,10.9,2039.560,322.46,3.10,53,111,566
04/04/2017 20:31:17,95,10.9,2036.810,322.56,3.11,53,111,566
04/04/2017 20:31:27,75,10.9,2033.950,322.54,3.11,52,110,566
04/04/2017 20:31:37,87,10.9,2031.220,322.02,3.11,53,112,566
04/04/2017 20:31:47,76,10.9,2028.600,322.47,3.11,53,111,566
04/04/2017 20:31:57,98,10.9,2025.740,322.20,3.12,53,111,566
04/04/2017 20:32:07,80,10.9,2023.020,322.08,3.12,52,111,566
04/04/2017 20:32:17,84,10.9,2020.220,322.67,3.13,52,114,566
04/04/2017 20:32:27,89,10.9,2017.520,322.37,3.13,51,110,566
04/04/2017 20:32:37,72,10.9,2014.680,322.41,3.13,51,110,566
04/04/2017 20:32:47,85,10.9,2011.990,322.01,3.13,53,110,566
04/04/2017 20:32:57,90,10.9,2009.230,322.60,3.13,53,111,566
04/04/2017 20:33:07,91,10.9,2006.360,322.40,3.14,52,113,566
04/04/2017 20:33:17,96,10.9,2003.770,322.13,3.14,55,113,566
04/04/2017 20:33:27,80,10.9,2001.060,323.03,3.14,53,113,566
04/04/2017 20:33:37,96,10.9,1998.200,323.06,3.15,53,112,566
04/04/2017 20:33:47,96,10.9,1995.460,323.51,3.15,52,113,565
04/04/2017 20:33:57,90,10.9,1992.820,323.86,3.15,54,112,565
04/04/2017 20:34:07,97,10.9,1989.910,322.64,3.15,53,119,566
04/04/2017 20:34:17,93,10.9,1987.350,323.49,3.16,51,116,566
04/04/2017 20:34:27,83,10.9,1984.500,324.02,3.16,53,114,566
04/04/2017 20:34:37,96,10.9,1981.700,323.79,3.16,53,114,566
04/04/2017 20:34:47,91,10.9,1979.050,324.56,3.16,53,113,566
04/04/2017 20:34:57,92,10.9,1976.370,323.23,3.16,53,114,566
04/04/2017 20:35:07,94,10.9,1973.460,323.88,3.17,54,114,565
04/04/2017 20:35:17,89,10.9,1970.760,323.70,3.17,53,113,566
04/04/2017 20:35:27,93,10.9,1967.990,323.83,3.17,54,113,565
04/04/2017 20:35:37,87,10.9,1965.380,323.58,3.18,53,115,565
04/04/2017 20:35:47,89,10.9,1962.590,323.90,3.18,53,113,565
04/04/2017 20:35:57,95,10.9,1959.750,323.01,3.19,54,113,565
04/04/2017 20:36:07,89,10.9,1957.030,323.34,3.19,52,112,565
04/04/2017 20:36:17,91,10.9,1954.320,324.01,3.19,52,113,566
04/04/2017 20:36:27,94,10.9,1951.520,324.39,3.20,53,114,566
04/04/2017 20:36:37,94,10.9,1948.870,324.31,3.20,54,111,566
04/04/2017 20:36:47,97,10.9,1946.040,323.29,3.20,53,111,566
04/04/2017 20:36:57,81,10.9,1943.460,323.45,3.20,51,112,565
04/04/2017 20:37:07,92,10.9,1940.590,324.12,3.20,53,111,565
04/04/2017 20:37:17,104,10.8,1937.860,323.23,3.21,54,112,566
04/04/2017 20:37:27,90,10.9,1935.070,322.89,3.21,53,111,565
04/04/2017 20:37:37,99,10.9,1932.440,323.06,3.21,53,111,566
04/04/2017 20:37:47,87,10.9,1929.580,322.99,3.21,52,112,565
04/04/2017 20:37:57,91,10.9,1926.850,323.65,3.21,54,112,565
04/04/2017 20:38:07,75,10.9,1924.130,323.72,3.21,53,110,565
04/04/2017 20:38:17,83,10.9,1921.450,323.41,3.22,54,110,565
04/04/2017 20:38:27,102,10.9,1918.630,323.07,3.23,53,111,565
04/04/2017 20:38:37,79,10.9,1915.980,323.44,3.23,54,112,565
04/04/2017 20:38:47,96,10.9,1913.090,323.51,3.24,56,112,565
04/04/2017 20:38:57,105,10.9,1910.500,323.79,3.24,54,111,565
04/04/2017 20:39:07,92,10.9,1907.670,323.81,3.24,54,111,565
04/04/2017 20:39:17,95,10.9,1904.830,323.40,3.24,53,111,566
04/04/2017 20:39:27,87,10.9,1902.080,324.15,3.24,53,112,565
04/04/2017 20:39:37,108,10.9,1899.410,322.86,3.24,53,114,565
04/04/2017 20:39:47,106,10.9,1896.660,323.34,3.24,54,112,565
04/04/2017 20:39:57,85,10.9,1893.950,323.35,3.24,53,111,565
04/04/2017 20:40:07,91,10.9,1891.250,322.59,3.24,52,112,565
04/04/2017 20:40:17,98,10.9,1888.390,322.89,3.25,53,113,565
04/04/2017 20:40:27,96,10.9,1885.780,322.81,3.25,53,112,565
04/04/2017 20:40:37,99,10.9,1883.010,323.61,3.26,53,113,565
04/04/2017 20:40:47,89,10.9,1880.270,323.06,3.26,54,113,565
04/04/2017 20:40:57,92,10.9,1877.500,322.87,3.26,54,113,565
04/04/2017 20:41:07,93,10.9,1874.690,322.68,3.26,53,114,565
04/04/2017 20:41:17,103,10.9,1872.020,323.78,3.26,54,113,565
04/04/2017 20:41:27,96,10.9,1869.160,324.17,3.28,53,113,565
04/04/2017 20:41:37,91,10.9,1866.460,323.79,3.28,53,114,565
04/04/2017 20:41:47,89,10.9,1863.670,323.90,3.29,53,111,565
04/04/2017 20:41:57,89,10.9,1861.050,324.52,3.29,52,113,565
04/04/2017 20:42:07,97,10.9,1858.340,323.28,3.30,54,112,565
04/04/2017 20:42:17,87,10.9,1855.400,323.68,3.30,52,114,565
04/04/2017 20:42:27,92,10.9,1852.850,324.98,3.31,52,112,565
04/04/2017 20:42:37,89,10.9,1850.030,324.37,3.31,53,114,565
04/04/2017 20:42:47,95,10.9,1847.210,323.60,3.31,52,113,565
04/04/2017 20:42:57,93,10.9,1844.540,324.12,3.31,52,113,565
04/04/2017 20:43:07,85,10.9,1841.740,324.26,3.31,53,133,565
04/04/2017 20:43:17,100,10.9,1839.200,324.17,3.32,53,111,565
04/04/2017 20:43:27,100,10.9,1836.380,323.39,3.32,52,112,565
04/04/2017 20:43:37,86,10.9,1833.660,323.42,3.32,54,114,565
04/04/2017 20:43:47,98,10.9,1830.850,323.49,3.32,53,113,565
04/04/2017 20:43:57,98,10.9,1828.150,323.45,3.33,53,112,565
04/04/2017 20:44:07,75,10.9,1825.310,323.66,3.33,52,114,565
04/04/2017 20:44:17,96,10.9,1822.520,323.14,3.33,53,112,565
04/04/2017 20:44:27,95,10.9,1819.810,324.05,3.34,53,113,565
04/04/2017 20:44:37,87,10.9,1817.100,323.49,3.34,52,112,565
04/04/2017 20:44:47,94,10.9,1814.430,323.40,3.35,54,115,565
04/04/2017 20:44:57,88,10.9,1811.670,323.05,3.35,54,112,565
04/04/2017 20:45:07,101,10.9,1808.810,323.36,3.35,53,114,565
04/04/2017 20:45:17,71,10.9,1806.110,323.16,3.35,52,112,565
04/04/2017 20:45:27,81,10.9,1803.450,323.54,3.35,54,112,565
04/04/2017 20:45:37,101,10.9,1800.680,323.31,3.35,53,115,565
04/04/2017 20:45:47,82,10.9,1797.970,323.89,3.36,52,114,565
04/04/2017 20:45:57,72,10.9,1795.170,322.69,3.37,52,112,565
04/04/2017 20:46:07,91,10.9,1792.410,323.66,3.37,53,113,565
04/04/2017 20:46:17,82,10.9,1789.810,323.05,3.38,54,112,565
04/04/2017 20:46:27,74,10.9,1787.120,323.94,3.38,52,113,565
04/04/2017 20:46:37,88,10.9,1784.420,323.57,3.38,54,114,565
04/04/2017 20:46:47,86,10.9,1781.610,323.50,3.38,53,114,565
04/04/2017 20:46:57,83,10.9,1778.950,323.92,3.39,52,113,565
04/04/2017 20:47:07,82,10.9,1776.240,323.78,3.39,52,112,565
04/04/2017 20:47:17,94,10.9,1773.440,324.67,3.39,54,114,565
04/04/2017 20:47:27,85,10.9,1770.690,323.87,3.39,54,112,565
04/04/2017 20:47:37,103,10.9,1767.920,323.65,3.40,53,113,565
04/04/2017 20:47:47,81,10.9,1765.320,324.07,3.40,53,115,565
04/04/2017 20:47:57,95,10.9,1762.430,323.51,3.41,53,117,565
04/04/2017 20:48:07,102,10.9,1759.820,323.71,3.41,53,112,565
04/04/2017 20:48:17,107,10.9,1757.010,323.31,3.41,51,114,565
04/04/2017 20:48:27,94,10.9,1754.340,323.46,3.41,51,115,565
04/04/2017 20:48:37,94,10.9,1751.660,323.42,3.41,52,113,565
04/04/2017 20:48:47,117,10.8,1748.800,323.88,3.41,54,112,565
04/04/2017 20:48:57,98,10.9,1746.050,322.83,3.42,54,111,565
04/04/2017 20:49:07,93,10.9,1743.330,323.29,3.42,52,112,565
04/04/2017 20:49:17,110,10.9,1740.640,323.60,3.42,53,113,565
04/04/2017 20:49:27,95,10.9,1737.920,323.80,3.42,54,113,565
04/04/2017 20:49:37,90,10.9,1735.310,323.73,3.43,54,112,565
04/04/2017 20:49:47,105,10.9,1732.490,323.28,3.43,54,113,565
04/04/2017 20:49:57,91,10.9,1729.610,324.02,3.43,55,119,565
04/04/2017 20:50:07,99,10.9,1726.910,323.18,3.43,52,112,565
04/04/2017 20:50:17,97,10.9,1724.330,323.78,3.43,52,112,565
04/04/2017 20:50:27,97,10.9,1721.570,323.99,3.43,52,118,565
04/04/2017 20:50:37,99,10.9,1718.730,323.48,3.43,53,113,565
04/04/2017 20:50:47,95,10.9,1715.970,323.65,3.43,52,113,565
04/04/2017 20:50:57,104,10.9,1713.420,324.00,3.43,55,112,565
04/04/2017 20:51:07,108,10.9,1710.640,323.71,3.43,52,111,565
04/04/2017 20:51:17,98,10.9,1707.830,324.05,3.43,52,112,565
04/04/2017 20:51:27,84,10.9,1705.080,323.87,3.44,51,112,565
04/04/2017 20:51:37,99,10.9,1702.450,324.34,3.44,52,113,565
04/04/2017 20:51:47,107,10.9,1699.770,322.83,3.44,53,111,565
04/04/2017 20:51:57,88,10.9,1696.950,323.73,3.44,52,112,565
04/04/2017 20:52:07,104,10.9,1694.300,323.79,3.44,53,112,565
04/04/2017 20:52:17,104,10.9,1691.590,323.30,3.45,52,114,565
04/04/2017 20:52:27,100,10.9,1688.830,323.11,3.45,54,113,565
04/04/2017 20:52:37,102,10.9,1686.060,322.63,3.45,53,114,565
04/04/2017 20:52:47,100,10.9,1683.350,323.56,3.45,53,114,565
04/04/2017 20:52:57,114,10.9,1680.610,323.38,3.45,53,112,565
04/04/2017 20:53:07,95,10.9,1677.830,323.43,3.45,53,113,565
04/04/2017 20:53:17,91,10.9,1675.110,323.55,3.45,53,113,565
04/04/2017 20:53:27,105,10.9,1672.310,323.49,3.46,52,111,565
04/04/2017 20:53:37,93,10.9,1669.600,323.70,3.46,53,112,565
04/04/2017 20:53:47,94,10.9,1666.930,323.67,3.47,54,113,565
04/04/2017 20:53:57,108,10.9,1664.300,323.36,3.47,52,112,565
04/04/2017 20:54:07,100,10.9,1661.520,324.06,3.47,52,113,565
04/04/2017 20:54:17,104,10.9,1658.750,322.28,3.47,53,112,565
04/04/2017 20:54:27,106,10.9,1656.180,323.96,3.47,52,112,565
04/04/2017 20:54:37,92,10.9,1653.340,323.61,3.48,52,113,565
04/04/2017 20:54:47,113,10.9,1650.530,323.85,3.48,53,114,565
04/04/2017 20:54:57,106,10.8,1647.830,323.92,3.48,52,111,565
04/04/2017 20:55:07,96,10.9,1645.090,323.69,3.48,54,113,565
04/04/2017 20:55:17,89,10.9,1642.370,323.99,3.49,53,115,565
04/04/2017 20:55:27,105,10.9,1639.740,324.14,3.49,53,113,565
04/04/2017 20:55:37,104,10.8,1636.900,323.93,3.49,52,112,565
04/04/2017 20:55:47,95,10.9,1634.160,324.02,3.50,52,113,565
04/04/2017 20:55:57,102,10.9,1631.480,323.97,3.50,54,113,565
04/04/2017 20:56:07,99,10.9,1628.910,323.72,3.50,54,112,565
04/04/2017 20:56:17,93,10.9,1626.080,323.81,3.51,53,113,565
04/04/2017 20:56:27,122,10.8,1623.330,323.38,3.52,53,113,565
04/04/2017 20:56:37,97,10.9,1620.640,323.90,3.52,53,114,565
04/04/2017 20:56:47,100,10.9,1618.020,324.04,3.52,53,115,565
04/04/2017 20:56:57,104,10.9,1615.190,324.62,3.53,54,115,565
04/04/2017 20:57:07,95,10.9,1612.610,324.21,3.53,53,115,565
04/04/2017 20:57:17,96,10.9,1609.730,324.31,3.53,52,114,565
04/04/2017 20:57:27,103,10.9,1607.070,324.26,3.54,52,113,565
04/04/2017 20:57:37,103,10.9,1604.460,324.58,3.54,53,113,565
04/04/2017 20:57:47,98,10.9,1601.660,324.70,3.54,54,112,565
04/04/2017 20:57:57,116,10.9,1598.910,323.52,3.54,54,114,565
04/04/2017 20:58:07,99,10.9,1596.130,324.70,3.54,52,121,565
04/04/2017 20:58:17,105,10.9,1593.440,323.97,3.54,53,114,565
04/04/2017 20:58:27,106,10.9,1590.790,324.27,3.54,53,113,565
04/04/2017 20:58:37,103,10.9,1588.070,324.81,3.55,52,114,565
04/04/2017 20:58:47,109,10.9,1585.230,324.71,3.55,53,114,565
04/04/2017 20:58:57,103,10.9,1582.690,324.49,3.55,52,113,565
04/04/2017 20:59:07,87,10.9,1579.760,324.55,3.56,54,114,565
04/04/2017 20:59:17,103,10.9,1577.040,325.46,3.56,53,114,565
04/04/2017 20:59:27,110,10.8,1574.300,325.35,3.56,52,112,565
04/04/2017 20:59:37,93,10.9,1571.630,324.81,3.57,54,113,565
04/04/2017 20:59:47,98,10.9,1569.080,324.22,3.57,52,113,565
04/04/2017 20:59:57,106,10.9,1566.320,324.58,3.57,53,113,565
04/04/2017 21:00:07,105,10.9,1563.540,325.08,3.57,53,113,565
04/04/2017 21:00:17,92,10.9,1560.790,324.61,3.57,53,113,565
04/04/2017 21:00:27,103,10.9,1558.150,325.34,3.57,53,114,565
04/04/2017 21:00:37,108,10.8,1555.310,325.40,3.57,52,115,565
04/04/2017 21:00:47,95,10.9,1552.550,325.31,3.57,52,112,565
04/04/2017 21:00:57,105,10.9,1549.870,325.21,3.57,53,113,565
04/04/2017 21:01:07,121,10.8,1547.120,325.28,3.57,53,120,565
04/04/2017 21:01:17,95,10.9,1544.540,324.50,3.58,54,114,565
04/04/2017 21:01:27,99,10.9,1541.760,325.09,3.58,53,113,565
04/04/2017 21:01:37,117,10.9,1539.050,325.41,3.58,52,114,565
04/04/2017 21:01:47,105,10.9,1536.220,325.41,3.58,52,113,565
04/04/2017 21:01:57,93,10.9,1533.670,325.10,3.58,55,113,565
04/04/2017 21:02:07,99,10.9,1530.820,325.56,3.59,53,114,565
04/04/2017 21:02:17,113,10.9,1528.170,325.99,3.59,51,114,565
04/04/2017 21:02:27,126,10.8,1525.460,326.03,3.59,53,115,565
04/04/2017 21:02:37,88,10.9,1522.690,325.22,3.59,54,113,565
04/04/2017 21:02:47,113,10.9,1519.940,325.29,3.60,52,112,565
04/04/2017 21:02:57,99,10.9,1517.270,326.18,3.60,53,113,565
04/04/2017 21:03:07,103,10.9,1514.580,325.27,3.61,52,113,565
04/04/2017 21:03:17,108,10.8,1511.900,326.31,3.61,53,114,565
04/04/2017 21:03:27,100,10.9,1509.070,325.98,3.61,53,113,565
04/04/2017 21:03:37,95,10.9,1506.300,325.22,3.61,53,119,565
04/04/2017 21:03:47,103,10.9,1503.750,326.13,3.61,53,112,565
04/04/2017 21:03:57,106,10.9,1501.030,326.45,3.61,54,114,565
04/04/2017 21:04:07,105,10.9,1498.330,325.74,3.61,53,112,565
04/04/2017 21:04:17,108,10.9,1495.570,325.90,3.61,53,114,565
04/04/2017 21:04:27,97,10.9,1492.820,326.00,3.61,54,113,565
04/04/2017 21:04:37,117,10.9,1490.040,326.15,3.61,52,138,565
04/04/2017 21:04:47,99,10.9,1487.370,326.94,3.61,52,113,565
04/04/2017 21:04:57,108,10.9,1484.710,326.29,3.61,52,113,565
04/04/2017 21:05:07,125,10.8,1481.990,326.90,3.61,53,113,565
04/04/2017 21:05:17,88,10.9,1479.330,326.36,3.61,52,113,565
04/04/2017 21:05:27,104,10.9,1476.570,326.23,3.61,52,113,565
04/04/2017 21:05:37,118,10.8,1473.840,326.73,3.61,53,115,565
04/04/2017 21:05:47,93,10.9,1471.150,326.83,3.61,54,114,565
04/04/2017 21:05:57,93,10.9,1468.460,326.99,3.61,52,141,565
04/04/2017 21:06:07,111,10.9,1465.670,327.09,3.61,53,114,565
04/04/2017 21:06:17,99,10.9,1462.990,328.19,3.61,50,113,564
04/04/2017 21:06:27,108,10.9,1460.310,326.96,3.61,53,112,565
04/04/2017 21:06:37,120,10.8,1457.480,327.38,3.61,53,113,565
04/04/2017 21:06:47,94,10.9,1454.850,327.99,3.61,52,112,565
04/04/2017 21:06:57,107,10.9,1452.190,327.95,3.61,54,113,565
04/04/2017 21:07:07,114,10.9,1449.340,327.69,3.61,52,114,565
04/04/2017 21:07:17,99,10.9,1446.650,328.18,3.61,52,113,564
04/04/2017 21:07:27,103,10.9,1444.020,328.10,3.61,53,112,565
04/04/2017 21:07:37,98,10.9,1441.270,328.36,3.61,54,113,565
04/04/2017 21:07:47,119,10.9,1438.470,328.93,3.61,54,112,565
04/04/2017 21:07:57,118,10.8,1435.840,329.44,3.61,52,112,565
04/04/2017 21:08:07,78,10.9,1433.170,329.21,3.60,53,113,565
04/04/2017 21:08:17,124,10.8,1430.450,328.95,3.60,52,113,565
04/04/2017 21:08:27,116,10.8,1427.650,329.63,3.60,53,114,565
04/04/2017 21:08:37,103,10.9,1425.010,331.02,3.60,52,113,565
04/04/2017 21:08:47,132,10.8,1422.360,330.50,3.60,52,113,565
04/04/2017 21:08:57,104,10.9,1419.620,330.83,3.59,54,113,565
04/04/2017 21:09:07,104,10.9,1416.920,331.54,3.59,53,112,565
04/04/2017 21:09:17,115,10.8,1414.140,331.13,3.58,53,113,565
04/04/2017 21:09:27,106,10.9,1411.400,332.76,3.58,53,112,565
04/04/2017 21:09:37,115,10.9,1408.710,333.27,3.58,52,113,564
04/04/2017 21:09:47,95,10.9,1405.950,333.17,3.58,53,115,565
04/04/2017 21:09:57,138,10.8,1403.350,333.20,3.57,54,112,565
04/04/2017 21:10:07,112,10.9,1400.620,333.47,3.57,52,112,565
04/04/2017 21:10:17,104,10.9,1397.810,334.12,3.56,52,111,565
04/04/2017 21:10:27,125,10.8,1395.110,334.24,3.56,52,113,565
04/04/2017 21:10:37,105,10.9,1392.580,335.30,3.56,54,113,565
04/04/2017 21:10:47,105,10.9,1389.720,335.75,3.55,52,113,565
04/04/2017 21:10:57,133,10.8,1386.990,335.99,3.55,52,114,565
04/04/2017 21:11:07,101,10.9,1384.460,335.58,3.55,54,113,565
04/04/2017 21:11:17,111,10.8,1381.700,336.02,3.55,51,112,565
04/04/2017 21:11:27,107,10.9,1378.940,336.65,3.54,53,113,564
04/04/2017 21:11:37,113,10.9,1376.220,336.51,3.54,53,113,565
04/04/2017 21:11:47,121,10.8,1373.560,337.55,3.53,52,112,565
04/04/2017 21:11:57,100,10.9,1370.840,337.65,3.53,54,112,565
04/04/2017 21:12:07,119,10.8,1368.210,337.64,3.53,52,112,565
04/04/2017 21:12:17,96,10.9,1365.500,338.04,3.52,52,111,565
04/04/2017 21:12:27,111,10.9,1362.690,338.39,3.52,52,115,565
04/04/2017 21:12:37,127,10.8,1360.070,338.56,3.52,52,113,565
04/04/2017 21:12:47,96,10.9,1357.390,338.75,3.51,53,111,565
04/04/2017 21:12:57,123,10.8,1354.690,339.69,3.50,53,112,565
04/04/2017 21:13:07,107,10.8,1352.050,339.68,3.50,53,113,565
04/04/2017 21:13:17,107,10.9,1349.280,340.30,3.50,52,112,565
04/04/2017 21:13:27,110,10.9,1346.580,341.28,3.49,53,113,565
04/04/2017 21:13:37,120,10.9,1343.850,341.83,3.48,51,112,565
04/04/2017 21:13:47,124,10.8,1341.140,341.85,3.48,53,114,565
04/04/2017 21:13:57,97,10.9,1338.510,341.57,3.48,51,113,565
04/04/2017 21:14:07,120,10.8,1335.680,342.86,3.48,52,112,565
04/04/2017 21:14:17,128,10.8,1333.170,342.66,3.48,52,113,565
04/04/2017 21:14:27,99,10.9,1330.260,342.78,3.47,53,113,565
04/04/2017 21:14:37,136,10.8,1327.600,343.60,3.47,53,111,565
04/04/2017 21:14:47,101,10.9,1324.910,343.66,3.47,53,113,565
04/04/2017 21:14:57,115,10.9,1322.300,343.74,3.46,51,113,565
04/04/2017 21:15:07,124,10.8,1319.510,344.16,3.46,52,118,565
04/04/2017 21:15:17,100,10.9,1316.760,344.07,3.45,51,113,565
04/04/2017 21:15:27,129,10.8,1314.090,345.16,3.45,52,113,565
04/04/2017 21:15:37,128,10.8,1311.480,345.79,3.44,53,113,565
04/04/2017 21:15:47,90,10.9,1308.800,346.37,3.44,53,111,565
04/04/2017 21:15:57,121,10.8,1306.030,345.56,3.43,51,112,565
04/04/2017 21:16:07,131,10.9,1303.310,347.82,3.41,51,114,565
04/04/2017 21:16:17,95,10.9,1300.580,348.50,3.41,52,113,565
04/04/2017 21:16:27,118,10.8,1297.890,349.75,3.41,52,111,565
04/04/2017 21:16:37,116,10.9,1295.370,349.03,3.40,53,114,565
04/04/2017 21:16:47,97,10.9,1292.540,349.60,3.40,51,113,565
04/04/2017 21:16:57,116,10.8,1289.810,350.84,3.40,52,112,565
04/04/2017 21:17:07,146,10.8,1287.200,350.86,3.40,51,115,565
04/04/2017 21:17:17,105,10.9,1284.560,351.28,3.40,51,114,565
04/04/2017 21:17:27,124,10.9,1281.810,350.95,3.39,51,112,565
04/04/2017 21:17:37,107,10.9,1279.020,351.34,3.40,52,112,565
04/04/2017 21:17:47,123,10.9,1276.330,351.74,3.40,53,116,565
04/04/2017 21:17:57,128,10.9,1273.700,350.71,3.40,52,111,565
04/04/2017 21:18:07,106,10.9,1271.120,352.06,3.40,52,112,565
04/04/2017 21:18:17,121,10.8,1268.320,350.53,3.40,53,114,565
04/04/2017 21:18:27,128,10.9,1265.540,351.20,3.40,52,112,565
04/04/2017 21:18:37,100,10.9,1262.910,351.14,3.40,51,112,565
04/04/2017 21:18:47,119,10.9,1260.280,351.38,3.40,53,113,565
04/04/2017 21:18:57,111,10.8,1257.500,352.28,3.40,52,111,565
04/04/2017 21:19:07,129,10.9,1254.900,350.78,3.40,52,113,565
04/04/2017 21:19:17,132,10.8,1252.240,351.70,3.40,52,115,565
04/04/2017 21:19:27,113,10.9,1249.440,351.39,3.40,51,114,565
04/04/2017 21:19:37,120,10.8,1246.710,351.23,3.40,52,113,565
04/04/2017 21:19:47,114,10.9,1244.160,351.47,3.40,52,111,565
04/04/2017 21:19:57,129,10.8,1241.380,352.30,3.40,51,112,565
04/04/2017 21:20:07,107,10.9,1238.640,352.41,3.40,52,112,565
04/04/2017 21:20:17,139,10.8,1236.090,352.34,3.40,53,113,565
04/04/2017 21:20:27,122,10.8,1233.410,353.27,3.40,53,111,565
04/04/2017 21:20:37,116,10.9,1230.610,352.40,3.40,51,110,565
04/04/2017 21:20:47,119,10.8,1228.010,352.91,3.40,52,112,565
04/04/2017 21:20:57,120,10.9,1225.220,352.78,3.40,53,113,565
04/04/2017 21:21:07,129,10.8,1222.640,352.72,3.40,53,113,565
04/04/2017 21:21:17,144,10.8,1219.900,352.25,3.40,54,112,565
04/04/2017 21:21:27,108,10.9,1217.110,352.35,3.40,53,113,565
04/04/2017 21:21:37,120,10.9,1214.530,353.03,3.40,52,113,565
04/04/2017 21:21:47,119,10.9,1211.830,353.00,3.40,51,113,565
04/04/2017 21:21:57,122,10.8,1209.070,353.86,3.40,52,112,565
04/04/2017 21:22:07,112,10.9,1206.360,353.90,3.40,52,114,565
04/04/2017 21:22:17,124,10.9,1203.770,353.01,3.40,52,112,565
04/04/2017 21:22:27,143,10.8,1201.060,352.74,3.40,53,112,565
04/04/2017 21:22:37,91,10.9,1198.280,353.14,3.39,52,114,565
04/04/2017 21:22:47,124,10.9,1195.600,352.36,3.39,53,113,565
04/04/2017 21:22:57,139,10.9,1193.010,352.77,3.39,53,112,565
04/04/2017 21:23:07,98,10.9,1190.250,353.44,3.39,54,111,565
04/04/2017 21:23:17,125,10.9,1187.610,353.86,3.39,52,112,565
04/04/2017 21:23:27,123,10.9,1184.880,353.37,3.39,51,112,565
04/04/2017 21:23:37,115,10.9,1182.250,353.86,3.39,53,114,565
04/04/2017 21:23:47,125,10.9,1179.490,353.78,3.40,52,113,565
04/04/2017 21:23:57,137,10.8,1176.730,353.36,3.40,51,112,565
04/04/2017 21:24:07,116,10.9,1174.110,353.82,3.40,54,113,565
04/04/2017 21:24:17,104,10.9,1171.510,354.06,3.39,52,113,565
04/04/2017 21:24:27,131,10.9,1168.790,353.79,3.40,52,112,565
04/04/2017 21:24:37,119,10.9,1166.120,353.72,3.40,52,114,565
04/04/2017 21:24:47,115,10.9,1163.320,354.25,3.40,52,114,565
04/04/2017 21:24:57,129,10.9,1160.640,354.54,3.40,52,114,565
04/04/2017 21:25:07,118,10.9,1157.940,353.70,3.39,50,113,565
04/04/2017 21:25:17,105,10.9,1155.400,355.35,3.39,52,112,565
04/04/2017 21:25:27,118,10.9,1152.530,354.29,3.38,52,114,565
04/04/2017 21:25:37,135,10.9,1149.990,355.09,3.38,52,115,565
04/04/2017 21:25:47,113,10.9,1147.350,354.98,3.39,51,113,565
04/04/2017 21:25:57,114,10.9,1144.630,354.93,3.39,53,113,565
04/04/2017 21:26:07,127,10.9,1141.850,355.25,3.39,51,112,565
04/04/2017 21:26:17,112,10.9,1139.110,355.18,3.39,53,113,565
04/04/2017 21:26:27,126,10.9,1136.490,354.84,3.39,52,114,565
04/04/2017 21:26:37,108,10.9,1133.770,354.58,3.40,52,111,565
04/04/2017 21:26:47,111,10.9,1131.190,354.99,3.40,53,112,565
04/04/2017 21:26:57,127,10.9,1128.460,354.74,3.40,52,113,565
04/04/2017 21:27:07,91,10.9,1125.720,355.36,3.40,51,113,565
04/04/2017 21:27:17,123,10.9,1123.020,355.49,3.40,53,114,565
04/04/2017 21:27:27,133,10.9,1120.400,354.62,3.40,51,113,565
04/04/2017 21:27:37,94,10.9,1117.670,354.69,3.41,52,113,565
04/04/2017 21:27:47,132,10.9,1115.040,354.79,3.40,52,116,565
04/04/2017 21:27:57,123,10.9,1112.420,354.57,3.41,51,113,565
04/04/2017 21:28:07,117,10.9,1109.640,355.03,3.41,53,113,565
04/04/2017 21:28:17,111,10.9,1107.070,354.70,3.42,53,113,565
04/04/2017 21:28:27,130,10.9,1104.240,354.83,3.42,53,113,565
04/04/2017 21:28:37,140,10.9,1101.720,354.62,3.42,53,113,565
04/04/2017 21:28:47,121,10.9,1098.910,355.26,3.42,51,113,565
04/04/2017 21:28:57,115,10.9,1096.270,355.27,3.42,50,112,565
04/04/2017 21:29:07,117,10.9,1093.640,355.90,3.42,52,113,565
04/04/2017 21:29:17,131,10.9,1090.850,355.34,3.43,52,112,565
04/04/2017 21:29:27,127,10.8,1088.180,355.22,3.42,53,113,565
04/04/2017 21:29:37,138,10.9,1085.560,355.98,3.42,51,112,565
04/04/2017 21:29:47,118,10.9,1082.810,356.27,3.42,52,113,565
04/04/2017 21:29:57,122,10.9,1080.220,356.32,3.42,54,114,565
04/04/2017 21:30:07,132,10.9,1077.550,356.12,3.42,51,113,565
04/04/2017 21:30:17,114,10.9,1074.830,357.17,3.42,53,112,565
04/04/2017 21:30:27,124,10.9,1072.190,355.83,3.43,53,112,565
04/04/2017 21:30:37,128,10.9,1069.550,356.29,3.43,52,112,565
04/04/2017 21:30:47,111,10.9,1066.860,356.41,3.43,50,113,565
04/04/2017 21:30:57,136,10.9,1064.130,356.62,3.43,52,112,565
04/04/2017 21:31:07,151,10.8,1061.460,357.00,3.43,51,113,565
04/04/2017 21:31:17,117,10.9,1058.650,356.73,3.43,53,113,565
04/04/2017 21:31:27,109,10.9,1056.150,356.36,3.43,53,113,565
04/04/2017 21:31:37,144,10.9,1053.450,357.02,3.43,51,113,565
04/04/2017 21:31:47,133,10.9,1050.670,356.67,3.43,53,113,565
04/04/2017 21:31:57,127,10.9,1047.940,357.33,3.44,52,113,565
04/04/2017 21:32:07,138,10.9,1045.240,356.14,3.44,53,114,565
04/04/2017 21:32:17,141,10.8,1042.640,356.02,3.45,52,114,565
04/04/2017 21:32:27,131,10.9,1039.980,355.49,3.45,52,113,565
04/04/2017 21:32:37,128,10.9,1037.330,356.44,3.45,53,113,565
04/04/2017 21:32:47,119,10.9,1034.700,355.55,3.45,52,113,565
04/04/2017 21:32:57,123,10.9,1031.910,356.03,3.45,53,113,565
04/04/2017 21:33:07,119,10.9,1029.230,355.66,3.45,54,112,565
04/04/2017 21:33:17,133,10.9,1026.600,357.13,3.45,52,113,565
04/04/2017 21:33:27,142,10.8,1023.960,356.00,3.45,53,114,565
04/04/2017 21:33:37,121,10.9,1021.250,356.55,3.45,51,115,565
04/04/2017 21:33:47,126,10.9,1018.630,356.23,3.44,52,116,565
04/04/2017 21:33:57,131,10.9,1015.880,357.29,3.44,52,113,565
04/04/2017 21:34:07,111,10.9,1013.230,356.55,3.44,50,113,565
04/04/2017 21:34:17,135,10.9,1010.520,356.08,3.45,51,114,565
04/04/2017 21:34:27,164,10.8,1007.830,356.45,3.45,51,114,565
04/04/2017 21:34:37,134,10.9,1005.240,356.81,3.45,51,114,565
04/04/2017 21:34:47,128,10.9,1002.590,356.92,3.45,51,112,565
04/04/2017 21:34:57,123,10.9,999.810,355.90,3.45,52,114,565
04/04/2017 21:35:07,128,10.9,997.250,356.67,3.45,52,113,565
04/04/2017 21:35:17,119,10.9,994.530,357.00,3.46,53,113,565
04/04/2017 21:35:27,123,10.9,991.830,356.34,3.47,53,115,565
04/04/2017 21:35:37,138,10.9,989.120,356.71,3.47,53,113,565
04/04/2017 21:35:47,127,10.9,986.570,356.87,3.46,53,114,565
04/04/2017 21:35:57,126,10.9,983.780,356.46,3.46,52,115,565
04/04/2017 21:36:07,143,10.9,981.200,356.14,3.47,53,113,565
04/04/2017 21:36:17,115,10.9,978.470,356.57,3.47,51,115,565
04/04/2017 21:36:27,136,10.9,975.740,356.88,3.47,53,114,565
04/04/2017 21:36:37,129,10.9,973.200,355.77,3.48,53,113,565
04/04/2017 21:36:47,113,10.9,970.460,356.67,3.48,53,114,565
04/04/2017 21:36:57,135,10.8,967.840,356.63,3.48,52,114,565
04/04/2017 21:37:07,144,10.8,965.160,356.39,3.49,51,112,565
04/04/2017 21:37:17,120,10.9,962.540,355.82,3.49,52,112,565
04/04/2017 21:37:27,139,10.9,959.760,356.74,3.49,53,114,565
04/04/2017 21:37:37,135,10.9,957.200,356.32,3.49,53,115,565
04/04/2017 21:37:47,119,10.9,954.510,355.81,3.49,52,114,565
04/04/2017 21:37:57,125,10.9,951.850,356.65,3.49,53,111,565
04/04/2017 21:38:07,136,10.9,949.090,356.60,3.49,54,113,565
04/04/2017 21:38:17,122,10.9,946.440,356.70,3.49,52,113,565
04/04/2017 21:38:27,138,10.9,943.740,357.39,3.49,53,112,565
04/04/2017 21:38:37,129,10.9,941.080,356.24,3.50,52,112,565
04/04/2017 21:38:47,120,10.9,938.540,356.70,3.50,53,113,565
04/04/2017 21:38:57,127,10.9,935.810,356.09,3.50,54,113,565
04/04/2017 21:39:07,160,10.8,933.020,356.96,3.50,53,114,565
04/04/2017 21:39:17,118,10.9,930.440,356.30,3.50,52,113,565
04/04/2017 21:39:27,116,10.9,927.870,356.89,3.50,52,113,565
04/04/2017 21:39:37,129,10.9,925.100,356.98,3.50,51,114,565
04/04/2017 21:39:47,131,10.9,922.530,356.23,3.49,52,113,565
04/04/2017 21:39:57,140,10.8,919.730,357.16,3.50,53,113,565
04/04/2017 21:40:07,134,10.8,917.200,357.24,3.50,53,114,565
04/04/2017 21:40:17,124,10.9,914.450,357.09,3.50,53,113,565
04/04/2017 21:40:27,128,10.9,911.760,356.13,3.51,52,113,565
04/04/2017 21:40:37,140,10.9,909.240,357.39,3.51,52,114,565
04/04/2017 21:40:47,115,10.9,906.420,356.24,3.51,53,123,565
04/04/2017 21:40:57,134,10.9,903.890,357.27,3.51,53,113,565
04/04/2017 21:41:07,122,10.9,901.150,357.50,3.52,51,116,565
04/04/2017 21:41:17,121,10.9,898.540,356.69,3.52,52,112,565
04/04/2017 21:41:27,142,10.9,895.860,357.46,3.52,52,113,564
04/04/2017 21:41:37,112,10.9,893.240,357.65,3.52,51,112,565
04/04/2017 21:41:47,137,10.9,890.520,357.33,3.52,53,112,565
04/04/2017 21:41:57,146,10.8,887.750,355.75,3.52,53,112,565
04/04/2017 21:42:07,129,10.9,885.160,357.31,3.52,52,114,565
04/04/2017 21:42:17,151,10.8,882.470,357.40,3.52,51,113,565
04/04/2017 21:42:27,114,10.9,879.750,357.21,3.52,53,112,565
04/04/2017 21:42:37,130,10.9,877.090,358.14,3.51,51,113,565
04/04/2017 21:42:47,142,10.8,874.540,358.71,3.51,53,114,565
04/04/2017 21:42:57,124,10.9,871.810,358.43,3.51,51,120,565
04/04/2017 21:43:07,146,10.9,869.150,359.69,3.51,51,124,565
04/04/2017 21:43:17,134,10.9,866.420,358.34,3.51,52,114,565
04/04/2017 21:43:27,125,10.9,863.700,358.33,3.51,53,116,565
04/04/2017 21:43:37,155,10.9,861.050,359.46,3.51,53,114,565
04/04/2017 21:43:47,123,10.9,858.510,358.34,3.51,51,115,565
04/04/2017 21:43:57,125,10.9,855.790,358.94,3.52,52,124,565
04/04/2017 21:44:07,138,10.9,853.140,357.83,3.52,52,113,565
04/04/2017 21:44:17,135,10.9,850.450,358.51,3.51,51,113,565
04/04/2017 21:44:27,110,10.9,847.830,357.98,3.51,53,112,565
04/04/2017 21:44:37,164,10.8,845.080,359.27,3.51,51,113,565
04/04/2017 21:44:47,152,10.9,842.560,358.87,3.50,51,114,565
04/04/2017 21:44:57,86,10.9,839.840,358.13,3.50,52,132,565
04/04/2017 21:45:07,156,10.8,837.150,359.55,3.50,53,114,565
04/04/2017 21:45:17,134,10.9,834.520,359.19,3.51,52,115,565
04/04/2017 21:45:27,121,10.9,831.810,359.64,3.51,52,115,565
04/04/2017 21:45:37,170,10.8,829.120,359.39,3.51,52,113,565
04/04/2017 21:45:47,139,10.8,826.600,359.17,3.51,52,113,565
04/04/2017 21:45:57,114,10.9,823.820,359.32,3.51,53,114,565
04/04/2017 21:46:07,140,10.9,821.170,359.95,3.51,52,115,565
04/04/2017 21:46:17,139,10.9,818.480,359.50,3.51,50,114,565
04/04/2017 21:46:27,147,10.9,815.860,359.46,3.52,53,112,565
04/04/2017 21:46:37,132,10.9,813.240,359.85,3.52,51,111,565
04/04/2017 21:46:47,138,10.9,810.580,360.44,3.52,52,114,565
04/04/2017 21:46:57,134,10.9,807.920,359.45,3.53,52,114,565
04/04/2017 21:47:07,131,10.9,805.240,358.88,3.53,52,112,565
04/04/2017 21:47:17,150,10.9,802.540,359.72,3.53,52,115,565
04/04/2017 21:47:27,119,10.9,799.910,358.76,3.53,54,115,565
04/04/2017 21:47:37,136,10.9,797.280,360.88,3.53,52,114,565
04/04/2017 21:47:47,155,10.8,794.550,359.60,3.53,54,115,565
04/04/2017 21:47:57,128,10.9,791.980,360.59,3.53,52,113,565
04/04/2017 21:48:07,154,10.8,789.210,359.73,3.53,52,116,565
04/04/2017 21:48:17,118,10.9,786.730,359.68,3.53,53,113,565
04/04/2017 21:48:27,141,10.9,783.900,359.86,3.53,51,114,565
04/04/2017 21:48:37,162,10.8,781.270,359.62,3.53,52,113,565
04/04/2017 21:48:47,121,10.9,778.640,360.33,3.53,54,115,565
04/04/2017 21:48:57,144,10.9,776.020,359.75,3.54,52,114,565
04/04/2017 21:49:07,133,10.9,773.390,360.02,3.54,53,115,565
04/04/2017 21:49:17,148,10.8,770.630,359.58,3.54,54,115,565
04/04/2017 21:49:27,152,10.8,767.870,359.86,3.54,53,116,565
04/04/2017 21:49:37,113,10.9,765.420,360.25,3.54,53,114,565
04/04/2017 21:49:47,130,10.9,762.590,360.01,3.54,52,114,565
04/04/2017 21:49:57,138,10.9,759.960,360.70,3.54,54,114,565
04/04/2017 21:50:07,141,10.9,757.310,360.31,3.54,54,112,565
04/04/2017 21:50:17,136,10.9,754.650,359.90,3.55,52,113,565
04/04/2017 21:50:27,151,10.9,752.000,359.70,3.55,53,114,565
04/04/2017 21:50:37,150,10.8,749.310,359.72,3.55,52,114,565
04/04/2017 21:50:47,134,10.9,746.760,360.26,3.55,52,113,565
04/04/2017 21:50:57,139,10.8,744.070,360.18,3.55,52,113,565
04/04/2017 21:51:07,129,10.9,741.470,359.85,3.55,51,114,565
04/04/2017 21:51:17,122,10.9,738.670,359.65,3.55,53,114,565
04/04/2017 21:51:27,145,10.9,736.020,360.28,3.55,51,114,565
04/04/2017 21:51:37,156,10.9,733.340,359.95,3.55,52,114,565
04/04/2017 21:51:47,134,10.9,730.790,360.55,3.55,53,114,565
04/04/2017 21:51:57,126,10.9,728.090,360.29,3.55,53,115,565
04/04/2017 21:52:07,149,10.9,725.490,360.09,3.55,52,114,565
04/04/2017 21:52:17,144,10.9,722.840,361.16,3.56,52,114,565
04/04/2017 21:52:27,126,10.9,720.100,360.71,3.56,53,113,565
04/04/2017 21:52:37,143,10.8,717.490,360.75,3.56,53,114,564
04/04/2017 21:52:47,143,10.9,714.730,360.44,3.56,52,116,565
04/04/2017 21:52:57,134,10.9,712.090,360.35,3.56,52,116,565
04/04/2017 21:53:07,143,10.9,709.460,360.35,3.56,53,114,565
04/04/2017 21:53:17,130,10.9,706.890,360.84,3.56,52,115,565
04/04/2017 21:53:27,163,10.8,704.190,361.64,3.56,53,114,565
04/04/2017 21:53:37,152,10.9,701.630,360.87,3.56,52,116,565
04/04/2017 21:53:47,117,10.9,698.940,361.25,3.56,52,115,565
04/04/2017 21:53:57,147,10.9,696.230,361.36,3.56,53,114,565
04/04/2017 21:54:07,143,10.9,693.460,360.88,3.57,52,115,565
04/04/2017 21:54:17,134,10.9,690.840,360.83,3.57,53,115,565
04/04/2017 21:54:27,125,10.9,688.290,361.34,3.57,53,114,565
04/04/2017 21:54:37,138,10.9,685.600,361.06,3.57,53,115,565
04/04/2017 21:54:47,136,10.9,682.900,361.12,3.57,54,114,565
04/04/2017 21:54:57,132,10.9,680.320,361.58,3.57,52,115,565
04/04/2017 21:55:07,159,10.8,677.640,361.81,3.57,52,115,565
04/04/2017 21:55:17,137,10.9,674.910,362.30,3.58,52,118,565
04/04/2017 21:55:27,137,10.9,672.370,361.90,3.58,52,116,565
04/04/2017 21:55:37,142,10.9,669.660,362.21,3.58,53,114,565
04/04/2017 21:55:47,111,10.9,667.040,362.72,3.58,52,118,565
04/04/2017 21:55:57,159,10.8,664.360,362.53,3.59,54,114,565
04/04/2017 21:56:07,153,10.9,661.660,361.92,3.59,53,117,565
04/04/2017 21:56:17,141,10.9,659.030,361.80,3.59,53,114,565
04/04/2017 21:56:27,140,10.9,656.440,362.19,3.59,54,117,565
04/04/2017 21:56:37,119,10.9,653.800,362.45,3.59,53,116,565
04/04/2017 21:56:47,162,10.8,651.040,363.41,3.59,54,117,565
04/04/2017 21:56:57,137,10.9,648.380,362.51,3.59,53,116,565
04/04/2017 21:57:07,131,10.9,645.670,363.24,3.59,54,118,565
04/04/2017 21:57:17,156,10.8,643.080,362.42,3.59,53,115,565
04/04/2017 21:57:27,136,10.9,640.420,363.49,3.60,53,116,565
04/04/2017 21:57:37,153,10.8,637.730,364.23,3.60,53,116,565
04/04/2017 21:57:47,134,10.9,635.140,363.33,3.60,54,117,565
04/04/2017 21:57:57,145,10.8,632.550,363.75,3.60,54,116,565
04/04/2017 21:58:07,158,10.9,629.950,363.97,3.60,53,116,565
04/04/2017 21:58:17,119,10.9,627.300,364.09,3.60,55,116,565
04/04/2017 21:58:27,144,10.9,624.590,363.85,3.60,52,116,565
04/04/2017 21:58:37,149,10.8,621.960,364.08,3.60,54,116,565
04/04/2017 21:58:47,152,10.9,619.240,364.17,3.60,54,117,564
04/04/2017 21:58:57,167,10.8,616.560,363.84,3.60,55,117,565
04/04/2017 21:59:07,115,10.9,613.990,363.88,3.60,52,116,564
04/04/2017 21:59:17,129,10.9,611.270,363.80,3.60,53,114,565
04/04/2017 21:59:27,163,10.8,608.680,363.79,3.60,54,116,565
04/04/2017 21:59:37,170,10.8,605.960,364.42,3.60,54,117,565
04/04/2017 21:59:47,100,10.9,603.410,364.72,3.61,53,122,565
04/04/2017 21:59:57,146,10.8,600.640,364.52,3.61,55,118,565
04/04/2017 22:00:07,173,10.8,597.930,363.99,3.61,55,120,565
04/04/2017 22:00:17,129,10.9,595.470,365.00,3.61,53,115,565
04/04/2017 22:00:27,147,10.8,592.620,365.37,3.61,54,117,565
04/04/2017 22:00:37,160,10.8,590.180,364.14,3.61,54,117,565
04/04/2017 22:00:47,151,10.9,587.330,364.96,3.61,53,116,565
04/04/2017 22:00:57,140,10.8,584.760,364.99,3.61,54,115,564
04/04/2017 22:01:07,142,10.9,582.080,364.90,3.61,54,115,565
04/04/2017 22:01:17,139,10.9,579.530,364.72,3.62,55,118,564
04/04/2017 22:01:27,149,10.9,576.870,365.36,3.63,56,117,565
04/04/2017 22:01:37,145,10.9,574.190,365.14,3.63,55,117,564
04/04/2017 22:01:47,136,10.9,571.520,365.66,3.63,56,118,565
04/04/2017 22:01:57,157,10.8,568.900,365.72,3.63,55,117,564
04/04/2017 22:02:07,129,10.9,566.300,366.24,3.63,56,117,565
04/04/2017 22:02:17,138,10.9,563.690,366.82,3.63,55,118,565
04/04/2017 22:02:27,141,10.9,560.850,365.54,3.63,58,118,565
04/04/2017 22:02:37,150,10.9,558.260,367.14,3.65,64,120,565
04/04/2017 22:02:47,141,10.9,555.540,368.98,3.66,63,120,565
04/04/2017 22:02:57,137,10.9,552.860,371.34,3.67,67,120,564
04/04/2017 22:03:07,140,10.9,550.250,373.08,3.67,69,124,565
04/04/2017 22:03:17,145,10.9,547.710,372.95,3.67,67,122,565
04/04/2017 22:03:27,140,10.9,544.970,373.25,3.67,66,121,565
04/04/2017 22:03:37,125,10.9,542.390,374.40,3.68,71,123,565
04/04/2017 22:03:47,138,10.9,539.760,374.91,3.68,71,123,565
04/04/2017 22:03:57,139,10.9,537.040,374.89,3.68,72,123,565
04/04/2017 22:04:07,152,10.8,534.280,374.50,3.68,71,123,565
04/04/2017 22:04:17,151,10.9,531.810,375.03,3.68,70,121,565
04/04/2017 22:04:27,140,10.9,529.050,374.68,3.68,71,122,565
04/04/2017 22:04:37,150,10.8,526.460,374.96,3.69,72,123,565
04/04/2017 22:04:47,150,10.9,523.770,375.56,3.68,71,123,565
04/04/2017 22:04:57,148,10.8,521.240,376.29,3.68,72,123,565
04/04/2017 22:05:07,129,10.9,518.570,375.23,3.69,71,123,565
04/04/2017 22:05:17,159,10.8,515.790,374.97,3.69,72,124,565
04/04/2017 22:05:27,184,10.8,513.140,375.72,3.69,71,123,565
04/04/2017 22:05:37,105,10.9,510.550,375.75,3.69,73,123,564
04/04/2017 22:05:47,152,10.8,507.960,375.62,3.69,73,123,565
04/04/2017 22:05:57,149,10.9,505.400,376.39,3.69,72,123,565
04/04/2017 22:06:07,145,10.9,502.580,375.84,3.69,72,123,565
04/04/2017 22:06:17,163,10.8,500.070,376.39,3.69,71,122,564
04/04/2017 22:06:27,127,10.9,497.400,375.62,3.69,72,124,565
04/04/2017 22:06:37,173,10.8,494.710,375.84,3.69,71,124,564
04/04/2017 22:06:47,134,10.9,492.090,375.93,3.69,74,123,565
04/04/2017 22:06:57,144,10.9,489.500,375.45,3.69,72,122,565
04/04/2017 22:07:07,189,10.8,486.910,374.30,3.69,71,123,565
04/04/2017 22:07:17,111,10.9,484.220,375.65,3.69,71,124,565
04/04/2017 22:07:27,153,10.9,481.450,375.24,3.69,72,123,565
04/04/2017 22:07:37,165,10.8,478.840,376.31,3.69,71,123,564
04/04/2017 22:07:47,121,10.9,476.220,376.63,3.69,71,122,565
04/04/2017 22:07:57,144,10.8,473.550,376.24,3.69,71,123,564
04/04/2017 22:08:07,180,10.8,471.040,376.22,3.69,69,122,565
04/04/2017 22:08:17,125,10.9,468.410,375.73,3.69,68,122,565
04/04/2017 22:08:27,149,10.8,465.590,375.86,3.69,69,121,565
04/04/2017 22:08:37,183,10.8,463.070,375.28,3.68,66,121,564
04/04/2017 22:08:47,107,10.9,460.370,374.33,3.68,65,121,565
04/04/2017 22:08:57,192,10.8,457.720,373.83,3.68,65,119,564
04/04/2017 22:09:07,166,10.8,455.150,374.08,3.68,63,120,565
04/04/2017 22:09:17,139,10.9,452.490,373.18,3.69,63,122,565
04/04/2017 22:09:27,156,10.8,449.780,372.63,3.69,64,125,565
04/04/2017 22:09:37,143,10.9,447.310,372.85,3.69,64,121,564
04/04/2017 22:09:47,153,10.8,444.650,373.17,3.69,64,120,565
04/04/2017 22:09:57,155,10.9,442.030,372.45,3.69,64,121,564
04/04/2017 22:10:07,155,10.8,439.250,372.90,3.69,63,120,564
04/04/2017 22:10:17,130,10.9,436.710,372.58,3.69,64,130,564
04/04/2017 22:10:27,153,10.9,434.080,373.46,3.69,63,121,565
04/04/2017 22:10:37,155,10.9,431.290,373.25,3.69,64,119,564
04/04/2017 22:10:47,137,10.9,428.680,373.32,3.69,63,121,564
04/04/2017 22:10:57,138,10.9,426.140,372.76,3.70,61,122,565
04/04/2017 22:11:07,156,10.8,423.500,373.01,3.70,62,121,564
04/04/2017 22:11:17,163,10.8,420.750,373.22,3.70,64,121,564
04/04/2017 22:11:27,114,10.9,418.200,373.10,3.70,68,123,565
04/04/2017 22:11:37,135,10.9,415.610,373.63,3.70,68,129,564
04/04/2017 22:11:47,146,10.9,412.860,374.51,3.71,68,121,564
04/04/2017 22:11:57,152,10.8,410.250,374.55,3.71,67,122,565
04/04/2017 22:12:07,122,10.9,407.620,375.19,3.71,70,121,564
04/04/2017 22:12:17,156,10.8,405.000,374.37,3.71,69,123,564
04/04/2017 22:12:27,171,10.8,402.450,374.89,3.71,69,121,565
04/04/2017 22:12:37,135,10.9,399.680,374.86,3.71,68,126,564
04/04/2017 22:12:47,160,10.9,397.070,374.43,3.70,66,123,565
04/04/2017 22:12:57,146,10.8,394.550,375.35,3.70,69,121,564
04/04/2017 22:13:07,168,10.8,391.830,375.66,3.71,69,123,565
04/04/2017 22:13:17,121,10.9,389.250,375.42,3.71,70,123,565
04/04/2017 22:13:27,148,10.9,386.580,374.94,3.71,69,123,564
04/04/2017 22:13:37,203,10.8,383.880,376.31,3.71,69,125,564
04/04/2017 22:13:47,125,10.9,381.300,375.83,3.71,71,123,564
04/04/2017 22:13:57,155,10.9,378.570,375.38,3.71,72,121,564
04/04/2017 22:14:07,184,10.8,375.990,376.92,3.71,73,123,564
04/04/2017 22:14:17,143,10.9,373.510,376.70,3.72,76,126,564
04/04/2017 22:14:27,179,10.8,370.800,376.53,3.72,75,124,564
04/04/2017 22:14:37,131,10.9,368.180,376.03,3.72,77,127,564
04/04/2017 22:14:47,137,10.9,365.520,376.61,3.72,77,123,565
04/04/2017 22:14:57,189,10.8,362.910,377.34,3.72,80,126,565
04/04/2017 22:15:07,132,10.9,360.230,377.63,3.73,80,125,564
04/04/2017 22:15:17,147,10.9,357.660,377.55,3.73,79,124,565
04/04/2017 22:15:27,161,10.9,355.000,377.18,3.73,80,126,564
04/04/2017 22:15:37,139,10.9,352.440,377.54,3.73,81,132,564
04/04/2017 22:15:47,159,10.9,349.610,377.74,3.74,81,127,564
04/04/2017 22:15:57,164,10.9,347.160,376.29,3.75,83,125,565
04/04/2017 22:16:07,139,10.9,344.350,378.22,3.75,84,125,564
04/04/2017 22:16:17,169,10.8,341.790,377.74,3.76,83,127,564
04/04/2017 22:16:27,135,10.9,339.150,377.89,3.76,82,125,564
04/04/2017 22:16:37,157,10.9,336.540,377.16,3.77,84,127,564
04/04/2017 22:16:47,158,10.8,333.990,377.53,3.77,84,127,564
04/04/2017 22:16:57,156,10.8,331.360,377.51,3.78,87,129,564
04/04/2017 22:17:07,138,10.9,328.590,377.04,3.79,86,127,564
04/04/2017 22:17:17,146,10.8,326.040,377.56,3.80,84,125,564
04/04/2017 22:17:27,184,10.8,323.300,378.27,3.80,88,126,564
04/04/2017 22:17:37,157,10.9,320.750,378.22,3.80,88,128,565
04/04/2017 22:17:47,139,10.9,318.190,377.61,3.81,90,127,564
04/04/2017 22:17:57,156,10.9,315.440,377.65,3.82,88,145,565
04/04/2017 22:18:07,148,10.9,312.900,377.43,3.82,89,126,564
04/04/2017 22:18:17,148,10.9,310.200,377.87,3.82,88,126,564
04/04/2017 22:18:27,153,10.8,307.570,378.19,3.82,89,128,564
04/04/2017 22:18:37,145,10.8,305.040,376.79,3.82,89,127,565
04/04/2017 22:18:47,174,10.8,302.260,377.20,3.82,89,129,564
04/04/2017 22:18:57,151,10.9,299.730,377.64,3.82,89,129,564
04/04/2017 22:19:07,132,10.9,297.040,378.27,3.82,89,128,564
04/04/2017 22:19:17,162,10.8,294.490,378.16,3.82,91,128,564
04/04/2017 22:19:27,166,10.8,291.880,377.42,3.84,93,127,564
04/04/2017 22:19:37,133,10.9,289.220,378.17,3.85,92,128,565
04/04/2017 22:19:47,177,10.8,286.540,377.23,3.85,93,127,564
04/04/2017 22:19:57,182,10.8,283.990,378.90,3.85,94,128,564
04/04/2017 22:20:07,109,10.9,281.290,378.04,3.85,94,129,564
04/04/2017 22:20:17,180,10.8,278.600,377.32,3.85,94,129,564
04/04/2017 22:20:27,186,10.8,276.150,377.54,3.86,93,128,564
04/04/2017 22:20:37,129,10.9,273.420,377.66,3.86,94,128,564
04/04/2017 22:20:47,182,10.8,270.790,377.91,3.86,93,129,564
04/04/2017 22:20:57,158,10.9,268.230,378.46,3.86,93,129,564
04/04/2017 22:21:07,147,10.9,265.630,378.19,3.86,92,127,564
04/04/2017 22:21:17,145,10.9,263.010,377.61,3.86,94,129,564
04/04/2017 22:21:27,195,10.8,260.230,377.97,3.86,94,129,564
04/04/2017 22:21:37,190,10.8,257.690,379.40,3.86,93,130,564
04/04/2017 22:21:47,110,10.9,254.970,378.45,3.86,94,128,564
04/04/2017 22:21:57,162,10.8,252.410,377.26,3.86,93,126,564
04/04/2017 22:22:07,175,10.8,249.780,378.30,3.86,92,127,564
04/04/2017 22:22:17,142,10.9,247.190,377.68,3.86,93,128,564
04/04/2017 22:22:27,169,10.8,244.470,377.95,3.86,92,129,564
04/04/2017 22:22:37,153,10.9,241.930,378.67,3.86,92,129,564
04/04/2017 22:22:47,131,10.9,239.190,377.52,3.86,94,128,564
04/04/2017 22:22:57,200,10.8,236.460,378.59,3.86,92,128,564
04/04/2017 22:23:07,155,10.9,234.070,377.99,3.86,92,129,564
04/04/2017 22:23:17,157,10.9,231.290,378.53,3.86,93,130,564
04/04/2017 22:23:27,176,10.8,228.680,378.32,3.86,90,130,564
04/04/2017 22:23:37,129,10.9,226.050,377.98,3.86,93,128,564
04/04/2017 22:23:47,251,10.8,223.490,378.83,3.86,92,128,564
04/04/2017 22:23:57,85,10.9,220.960,378.80,3.86,93,129,564
04/04/2017 22:24:07,180,10.8,218.020,378.50,3.86,94,129,564
04/04/2017 22:24:17,196,10.8,215.680,378.44,3.86,93,127,564
04/04/2017 22:24:27,128,10.9,212.900,379.19,3.86,94,127,564
04/04/2017 22:24:37,181,10.8,210.310,378.28,3.86,92,128,564
04/04/2017 22:24:47,145,10.9,207.690,378.58,3.86,93,128,564
04/04/2017 22:24:57,201,10.8,205.080,378.90,3.86,92,128,564
04/04/2017 22:25:07,104,10.9,202.380,377.96,3.86,92,131,564
04/04/2017 22:25:17,185,10.8,199.740,378.62,3.86,92,127,564
04/04/2017 22:25:27,180,10.8,197.230,379.33,3.86,92,128,564
04/04/2017 22:25:37,113,10.9,194.480,379.42,3.86,92,129,564
04/04/2017 22:25:47,195,10.8,191.840,378.72,3.86,92,132,564
04/04/2017 22:25:57,128,10.9,189.330,379.69,3.86,93,130,564
04/04/2017 22:26:07,132,10.9,186.640,379.19,3.85,92,127,564
04/04/2017 22:26:17,245,10.8,184.020,379.25,3.85,92,129,564
04/04/2017 22:26:27,167,10.8,181.460,379.43,3.85,90,127,564
04/04/2017 22:26:37,110,10.9,178.740,379.43,3.85,94,129,564
04/04/2017 22:26:47,504,10.5,177.670,379.86,3.85,100,127,564
04/04/2017 22:26:57,437,10.6,177.670,380.25,3.85,102,129,564
04/04/2017 22:27:07,479,10.5,177.790,379.60,3.85,99,130,564
04/04/2017 22:27:17,432,10.6,177.690,379.10,3.85,104,130,564
04/04/2017 22:27:27,374,10.7,177.830,380.59,3.85,105,131,564
04/04/2017 22:27:37,443,10.5,177.820,379.13,3.85,99,131,564
04/04/2017 22:27:47,434,10.7,177.690,379.51,3.85,108,129,564

 Ramp exit:    SMOOTH RUNNING
 Profile exit: TOP PRESSURE

 Vehicle motion stopped at 04/04/2017 22:27:52
 Sensor logging stopped at 04/04/2017 22:30:00
