
 Profile 332

 Sensors were turned on at  04/14/2017 00:00:02
 Vehicle began profiling at 04/14/2017 00:02:05

Date,[mA],[V],[dbar],Oxygen[uM],Optode Temp[C],Chl,NTU,Therm
04/14/2017 00:02:05,0,11.0,0.000,0.00,0.00,77,125,567
04/14/2017 00:02:15,208,10.8,0.000,0.00,0.00,76,127,567
04/14/2017 00:02:25,184,10.8,0.000,0.00,0.00,73,125,567
04/14/2017 00:02:38,274,10.7,182.460,382.40,3.58,71,121,567
04/14/2017 00:02:49,115,11.0,185.500,382.21,3.58,72,122,567
04/14/2017 00:02:59,133,10.9,188.150,381.91,3.57,70,125,567
04/14/2017 00:03:09,128,11.0,190.840,382.65,3.57,69,125,567
04/14/2017 00:03:19,127,10.9,193.670,382.21,3.57,70,122,567
04/14/2017 00:03:29,130,10.9,196.370,382.42,3.57,70,122,567
04/14/2017 00:03:39,134,10.9,199.100,381.69,3.57,70,124,567
04/14/2017 00:03:49,135,10.9,201.760,382.42,3.57,69,123,567
04/14/2017 00:03:59,136,10.9,204.470,381.31,3.57,69,124,566
04/14/2017 00:04:09,141,10.9,207.100,382.37,3.58,71,122,566
04/14/2017 00:04:19,138,10.9,209.880,382.06,3.58,69,125,566
04/14/2017 00:04:29,128,10.9,212.500,381.44,3.57,71,124,566
04/14/2017 00:04:39,135,10.9,215.270,382.04,3.57,69,130,566
04/14/2017 00:04:49,137,10.9,218.010,380.70,3.57,68,123,566
04/14/2017 00:04:59,132,10.9,220.530,380.40,3.57,67,122,566
04/14/2017 00:05:09,132,10.9,223.350,380.76,3.56,66,124,566
04/14/2017 00:05:19,127,10.9,225.950,380.18,3.56,68,123,566
04/14/2017 00:05:29,129,10.9,228.650,381.37,3.56,66,124,566
04/14/2017 00:05:39,126,10.9,231.400,380.30,3.56,67,123,566
04/14/2017 00:05:49,141,10.9,234.000,380.85,3.56,68,123,566
04/14/2017 00:05:59,136,10.9,236.810,379.88,3.56,67,122,566
04/14/2017 00:06:09,132,10.9,239.510,380.11,3.56,67,122,566
04/14/2017 00:06:19,135,10.9,242.190,380.56,3.56,65,122,566
04/14/2017 00:06:29,130,10.9,244.740,380.23,3.56,67,121,566
04/14/2017 00:06:39,134,10.9,247.520,380.84,3.55,69,122,566
04/14/2017 00:06:49,123,10.9,250.140,380.86,3.55,67,122,566
04/14/2017 00:06:59,135,10.9,252.930,379.89,3.55,67,122,565
04/14/2017 00:07:09,146,10.8,255.570,380.04,3.55,67,123,566
04/14/2017 00:07:19,134,10.9,258.210,380.09,3.55,65,122,566
04/14/2017 00:07:29,142,10.8,260.870,379.77,3.55,65,122,566
04/14/2017 00:07:39,137,10.8,263.590,379.68,3.55,64,123,566
04/14/2017 00:07:49,141,10.8,266.290,379.21,3.55,66,119,565
04/14/2017 00:07:59,141,10.8,269.050,378.66,3.55,64,121,565
04/14/2017 00:08:09,140,10.8,271.600,379.40,3.55,65,121,565
04/14/2017 00:08:19,135,10.9,274.370,379.42,3.55,66,121,565
04/14/2017 00:08:29,143,10.9,277.130,380.00,3.54,66,122,565
04/14/2017 00:08:39,142,10.8,279.630,379.74,3.54,67,122,565
04/14/2017 00:08:49,143,10.8,282.410,379.66,3.54,67,125,565
04/14/2017 00:08:59,146,10.8,285.160,378.97,3.53,67,125,565
04/14/2017 00:09:09,145,10.8,287.790,380.62,3.53,68,122,565
04/14/2017 00:09:19,140,10.8,290.380,380.08,3.53,67,122,565
04/14/2017 00:09:29,128,10.8,293.110,380.21,3.53,68,123,565
04/14/2017 00:09:39,139,10.9,295.770,380.11,3.53,67,123,565
04/14/2017 00:09:49,141,10.9,298.520,380.04,3.53,68,127,565
04/14/2017 00:09:59,152,10.8,301.200,380.69,3.53,68,120,565
04/14/2017 00:10:09,139,10.8,303.840,379.97,3.53,68,123,565
04/14/2017 00:10:19,139,10.8,306.580,379.79,3.53,67,121,565
04/14/2017 00:10:29,133,10.9,309.190,379.12,3.54,68,128,565
04/14/2017 00:10:39,125,10.9,311.930,380.77,3.54,67,121,565
04/14/2017 00:10:49,141,10.8,314.650,379.95,3.54,66,122,565
04/14/2017 00:10:59,133,10.9,317.240,379.83,3.53,67,123,565
04/14/2017 00:11:09,138,10.8,319.960,379.81,3.54,67,122,565
04/14/2017 00:11:19,140,10.8,322.670,379.99,3.53,67,122,565
04/14/2017 00:11:29,161,10.8,325.180,380.45,3.53,67,123,565
04/14/2017 00:11:39,149,10.8,328.030,380.28,3.53,68,122,565
04/14/2017 00:11:49,150,10.8,330.590,379.98,3.53,67,122,565
04/14/2017 00:11:59,141,10.8,333.300,379.52,3.52,67,121,565
04/14/2017 00:12:09,143,10.8,336.010,379.71,3.52,67,123,565
04/14/2017 00:12:19,134,10.8,338.690,380.35,3.52,67,122,565
04/14/2017 00:12:29,132,10.9,341.440,379.83,3.52,67,122,565
04/14/2017 00:12:39,131,10.8,344.100,380.07,3.52,68,122,565
04/14/2017 00:12:49,149,10.8,346.740,379.96,3.52,66,122,565
04/14/2017 00:12:59,153,10.9,349.420,379.41,3.51,64,124,565
04/14/2017 00:13:09,140,10.9,352.000,379.48,3.51,66,122,565
04/14/2017 00:13:19,145,10.8,354.790,378.00,3.50,65,126,565
04/14/2017 00:13:29,142,10.8,357.320,377.66,3.51,64,121,565
04/14/2017 00:13:39,144,10.8,360.200,377.43,3.52,64,122,565
04/14/2017 00:13:49,134,10.8,362.690,377.48,3.52,65,119,565
04/14/2017 00:13:59,143,10.9,365.380,377.76,3.52,64,121,565
04/14/2017 00:14:09,137,10.8,368.010,377.24,3.52,61,121,565
04/14/2017 00:14:19,135,10.8,370.750,377.50,3.52,62,126,565
04/14/2017 00:14:29,141,10.9,373.540,376.06,3.52,62,121,565
04/14/2017 00:14:39,145,10.8,376.250,375.63,3.51,62,120,565
04/14/2017 00:14:49,150,10.8,378.880,377.31,3.50,61,121,565
04/14/2017 00:14:59,149,10.9,381.480,376.90,3.50,60,122,565
04/14/2017 00:15:09,144,10.8,384.140,375.77,3.49,61,121,565
04/14/2017 00:15:19,138,10.9,386.810,375.48,3.49,62,121,565
04/14/2017 00:15:29,130,10.9,389.520,376.39,3.49,63,123,565
04/14/2017 00:15:39,118,10.9,392.220,375.84,3.48,61,121,565
04/14/2017 00:15:49,119,10.9,394.830,375.79,3.48,62,122,565
04/14/2017 00:15:59,127,10.9,397.560,376.08,3.48,61,120,565
04/14/2017 00:16:09,136,10.9,400.270,375.97,3.48,61,121,565
04/14/2017 00:16:19,133,10.9,402.900,375.44,3.48,64,121,565
04/14/2017 00:16:29,137,10.8,405.550,376.76,3.47,62,118,565
04/14/2017 00:16:39,140,10.9,408.330,375.50,3.47,63,120,565
04/14/2017 00:16:49,139,10.8,410.970,375.93,3.47,62,119,565
04/14/2017 00:16:59,143,10.9,413.660,375.74,3.46,62,121,565
04/14/2017 00:17:09,143,10.9,416.330,376.18,3.46,63,121,565
04/14/2017 00:17:19,146,10.9,418.920,376.28,3.46,63,120,565
04/14/2017 00:17:29,144,10.8,421.740,376.36,3.46,63,120,565
04/14/2017 00:17:39,143,10.9,424.380,376.96,3.46,63,123,565
04/14/2017 00:17:49,143,10.9,426.970,376.77,3.46,64,123,565
04/14/2017 00:17:59,148,10.8,429.700,377.41,3.46,64,122,565
04/14/2017 00:18:09,131,10.9,432.440,376.52,3.46,65,121,565
04/14/2017 00:18:19,139,10.9,435.100,376.98,3.46,65,122,565
04/14/2017 00:18:29,139,10.9,437.770,377.64,3.46,66,123,565
04/14/2017 00:18:39,147,10.9,440.440,377.06,3.47,66,122,565
04/14/2017 00:18:49,138,10.9,443.060,377.05,3.47,66,123,565
04/14/2017 00:18:59,137,10.8,445.780,377.56,3.47,67,128,565
04/14/2017 00:19:09,147,10.9,448.360,378.69,3.47,67,122,565
04/14/2017 00:19:19,145,10.8,451.070,377.43,3.47,67,122,565
04/14/2017 00:19:29,141,10.9,453.810,378.27,3.47,66,122,565
04/14/2017 00:19:39,135,10.9,456.390,377.67,3.48,67,121,565
04/14/2017 00:19:49,140,10.9,459.110,377.84,3.48,66,126,565
04/14/2017 00:19:59,146,10.9,461.750,378.47,3.48,65,122,565
04/14/2017 00:20:09,147,10.8,464.360,377.42,3.48,66,121,565
04/14/2017 00:20:19,133,10.9,467.170,377.95,3.48,66,123,565
04/14/2017 00:20:29,153,10.9,469.700,378.19,3.48,68,122,565
04/14/2017 00:20:39,153,10.9,472.370,377.60,3.48,66,121,565
04/14/2017 00:20:49,146,10.9,475.060,377.11,3.48,66,121,565
04/14/2017 00:20:59,138,10.8,477.790,378.02,3.48,65,122,565
04/14/2017 00:21:09,143,10.8,480.390,378.29,3.48,67,122,565
04/14/2017 00:21:19,133,10.9,483.110,378.48,3.48,66,124,565
04/14/2017 00:21:29,148,10.9,485.800,378.75,3.48,67,122,565
04/14/2017 00:21:39,156,10.9,488.460,377.84,3.48,66,123,565
04/14/2017 00:21:49,149,10.9,491.100,377.79,3.48,67,122,565
04/14/2017 00:21:59,145,10.9,493.740,377.53,3.48,67,121,565
04/14/2017 00:22:09,142,10.9,496.330,377.85,3.48,66,121,565
04/14/2017 00:22:19,150,10.8,499.120,377.42,3.48,66,122,565
04/14/2017 00:22:29,150,10.9,501.710,377.66,3.48,67,122,565
04/14/2017 00:22:39,148,10.9,504.410,377.47,3.48,67,122,565
04/14/2017 00:22:49,147,10.8,507.220,378.34,3.48,65,122,565
04/14/2017 00:22:59,132,10.9,509.800,377.91,3.48,67,123,565
04/14/2017 00:23:09,145,10.9,512.350,377.54,3.48,67,122,565
04/14/2017 00:23:19,131,10.9,515.060,377.23,3.48,66,122,565
04/14/2017 00:23:29,145,10.9,517.710,377.20,3.48,66,122,565
04/14/2017 00:23:39,140,10.9,520.450,376.69,3.48,66,121,565
04/14/2017 00:23:49,143,10.9,523.130,377.72,3.48,67,121,565
04/14/2017 00:23:59,144,10.9,525.770,377.01,3.48,65,123,565
04/14/2017 00:24:09,153,10.9,528.360,376.89,3.48,65,127,565
04/14/2017 00:24:19,147,10.8,530.970,378.23,3.47,66,122,565
04/14/2017 00:24:29,144,10.9,533.670,377.89,3.47,67,123,565
04/14/2017 00:24:39,140,10.9,536.350,378.15,3.47,66,123,565
04/14/2017 00:24:49,136,10.9,539.070,377.62,3.47,66,123,565
04/14/2017 00:24:59,125,10.9,541.710,378.41,3.47,65,123,565
04/14/2017 00:25:09,139,10.9,544.330,377.37,3.47,65,123,565
04/14/2017 00:25:19,145,10.9,546.970,377.36,3.47,65,122,565
04/14/2017 00:25:29,158,10.8,549.650,378.31,3.47,64,123,565
04/14/2017 00:25:39,144,10.9,552.390,377.71,3.47,66,123,565
04/14/2017 00:25:49,151,10.9,554.950,378.40,3.47,65,124,565
04/14/2017 00:25:59,171,10.9,557.700,377.21,3.47,66,122,565
04/14/2017 00:26:09,159,10.8,560.350,377.62,3.47,66,123,565
04/14/2017 00:26:19,153,10.9,562.960,377.13,3.47,66,121,565
04/14/2017 00:26:29,137,10.9,565.630,377.43,3.47,66,122,565
04/14/2017 00:26:39,144,10.9,568.180,377.68,3.48,67,121,565
04/14/2017 00:26:49,157,10.9,571.000,377.50,3.48,65,123,565
04/14/2017 00:26:59,138,10.9,573.610,376.88,3.48,66,123,565
04/14/2017 00:27:09,148,10.8,576.250,377.52,3.48,65,123,565
04/14/2017 00:27:19,165,10.8,578.920,377.25,3.48,66,123,565
04/14/2017 00:27:29,131,10.8,581.600,377.47,3.48,65,122,565
04/14/2017 00:27:39,146,10.8,584.130,377.95,3.48,65,123,565
04/14/2017 00:27:49,139,10.9,586.820,377.34,3.48,65,123,565
04/14/2017 00:27:59,149,10.9,589.480,376.97,3.48,65,121,565
04/14/2017 00:28:09,148,10.9,592.160,376.64,3.48,64,124,565
04/14/2017 00:28:19,149,10.8,594.810,377.32,3.48,65,121,565
04/14/2017 00:28:29,151,10.9,597.540,377.47,3.48,65,122,565
04/14/2017 00:28:39,139,10.9,600.120,376.70,3.48,65,123,565
04/14/2017 00:28:49,137,10.9,602.740,376.85,3.48,63,123,565
04/14/2017 00:28:59,135,10.9,605.390,376.26,3.48,65,121,565
04/14/2017 00:29:09,143,10.9,608.180,376.15,3.48,64,123,565
04/14/2017 00:29:19,159,10.9,610.720,376.00,3.48,64,134,565
04/14/2017 00:29:29,152,10.9,613.500,376.39,3.48,65,125,565
04/14/2017 00:29:39,134,10.9,616.140,376.79,3.48,64,124,565
04/14/2017 00:29:49,160,10.9,618.790,376.69,3.48,65,124,565
04/14/2017 00:29:59,144,10.9,621.340,376.59,3.48,65,122,565
04/14/2017 00:30:09,155,10.8,624.110,375.38,3.48,64,122,565
04/14/2017 00:30:19,138,10.9,626.690,377.02,3.48,64,123,565
04/14/2017 00:30:29,135,10.9,629.370,375.51,3.48,64,123,565
04/14/2017 00:30:39,144,10.8,632.170,375.74,3.48,65,123,565
04/14/2017 00:30:49,161,10.9,634.640,375.40,3.48,63,121,565
04/14/2017 00:30:59,154,10.9,637.370,375.83,3.47,63,122,565
04/14/2017 00:31:09,157,10.8,639.950,376.11,3.47,65,123,565
04/14/2017 00:31:19,147,10.9,642.740,375.09,3.47,65,122,565
04/14/2017 00:31:29,138,10.9,645.320,376.19,3.47,63,120,565
04/14/2017 00:31:39,161,10.9,648.030,375.96,3.47,65,122,565
04/14/2017 00:31:49,143,10.9,650.590,376.35,3.47,62,122,565
04/14/2017 00:31:59,160,10.9,653.340,375.89,3.47,63,121,565
04/14/2017 00:32:09,141,10.9,655.980,375.61,3.47,64,120,565
04/14/2017 00:32:19,146,10.9,658.560,375.61,3.47,63,121,565
04/14/2017 00:32:29,128,10.9,661.280,374.77,3.47,64,120,565
04/14/2017 00:32:39,142,10.9,663.820,375.70,3.47,64,121,565
04/14/2017 00:32:49,130,10.9,666.590,374.87,3.47,63,121,565
04/14/2017 00:32:59,153,10.9,669.350,375.90,3.47,63,120,565
04/14/2017 00:33:09,167,10.9,671.950,375.38,3.47,62,123,565
04/14/2017 00:33:19,146,10.9,674.460,375.18,3.47,63,120,565
04/14/2017 00:33:29,137,10.9,677.100,375.68,3.47,63,122,565
04/14/2017 00:33:39,130,10.9,679.830,374.59,3.48,63,121,565
04/14/2017 00:33:49,152,10.9,682.550,375.13,3.48,64,122,565
04/14/2017 00:33:59,146,10.9,684.980,374.52,3.48,62,122,565
04/14/2017 00:34:09,143,10.9,687.850,375.15,3.48,61,120,565
04/14/2017 00:34:19,140,10.9,690.410,374.35,3.48,63,123,565
04/14/2017 00:34:29,139,10.9,692.990,375.09,3.47,63,122,565
04/14/2017 00:34:39,154,10.9,695.710,374.66,3.47,63,123,565
04/14/2017 00:34:49,145,10.9,698.410,375.17,3.47,64,120,565
04/14/2017 00:34:59,168,10.8,701.040,374.70,3.47,62,120,565
04/14/2017 00:35:09,144,10.9,703.690,374.06,3.46,63,123,565
04/14/2017 00:35:19,134,10.9,706.330,375.73,3.46,64,121,565
04/14/2017 00:35:29,151,10.9,709.070,374.68,3.46,63,121,565
04/14/2017 00:35:39,142,10.9,711.580,373.51,3.47,63,121,565
04/14/2017 00:35:49,139,10.9,714.330,374.56,3.47,62,122,565
04/14/2017 00:35:59,150,10.9,716.930,374.12,3.48,62,121,565
04/14/2017 00:36:09,142,10.9,719.680,372.90,3.47,62,120,565
04/14/2017 00:36:19,142,10.9,722.200,374.75,3.47,61,124,565
04/14/2017 00:36:29,145,10.9,724.970,374.18,3.47,61,121,565
04/14/2017 00:36:39,140,10.9,727.500,372.64,3.47,61,123,565
04/14/2017 00:36:49,152,10.9,730.270,371.98,3.47,61,120,565
04/14/2017 00:36:59,145,10.9,732.800,371.36,3.47,59,131,565
04/14/2017 00:37:09,143,10.9,735.580,372.27,3.47,61,122,565
04/14/2017 00:37:19,150,10.9,738.210,372.72,3.46,59,121,565
04/14/2017 00:37:29,150,10.9,740.790,372.47,3.46,60,118,565
04/14/2017 00:37:39,150,10.9,743.470,372.72,3.46,59,121,565
04/14/2017 00:37:49,158,10.9,746.200,372.49,3.46,60,120,565
04/14/2017 00:37:59,147,10.9,748.830,372.04,3.46,60,120,565
04/14/2017 00:38:09,152,10.9,751.430,372.25,3.46,61,121,565
04/14/2017 00:38:19,141,10.9,753.940,371.77,3.46,59,121,565
04/14/2017 00:38:29,154,10.8,756.630,372.15,3.45,60,121,565
04/14/2017 00:38:39,144,10.9,759.370,372.38,3.45,61,120,565
04/14/2017 00:38:49,156,10.9,761.900,372.22,3.45,61,121,565
04/14/2017 00:38:59,151,10.9,764.640,372.84,3.44,61,119,565
04/14/2017 00:39:09,139,10.9,767.300,373.31,3.44,60,127,565
04/14/2017 00:39:19,167,10.8,769.880,372.91,3.44,58,120,565
04/14/2017 00:39:29,162,10.9,772.630,373.34,3.43,58,120,565
04/14/2017 00:39:39,160,10.9,775.160,372.57,3.43,59,118,565
04/14/2017 00:39:49,153,10.9,777.920,372.98,3.43,58,122,565
04/14/2017 00:39:59,151,10.9,780.400,373.56,3.43,57,121,565
04/14/2017 00:40:09,144,10.9,783.100,372.61,3.43,59,121,565
04/14/2017 00:40:19,151,10.9,785.760,371.77,3.43,59,121,565
04/14/2017 00:40:29,146,10.9,788.410,371.68,3.43,58,119,565
04/14/2017 00:40:39,155,10.9,791.020,371.73,3.43,58,120,565
04/14/2017 00:40:49,161,10.9,793.620,372.88,3.42,59,120,565
04/14/2017 00:40:59,137,10.9,796.390,371.94,3.42,57,118,565
04/14/2017 00:41:09,152,10.9,799.040,372.72,3.42,57,120,565
04/14/2017 00:41:19,145,10.9,801.700,372.34,3.42,58,120,565
04/14/2017 00:41:29,151,10.9,804.300,371.97,3.41,57,119,565
04/14/2017 00:41:39,153,10.8,806.920,371.62,3.41,58,120,565
04/14/2017 00:41:49,151,10.9,809.450,371.01,3.41,57,118,565
04/14/2017 00:41:59,146,10.9,812.120,370.65,3.41,56,120,565
04/14/2017 00:42:09,160,10.9,814.880,370.92,3.40,56,121,565
04/14/2017 00:42:19,149,10.9,817.480,370.97,3.40,55,122,565
04/14/2017 00:42:29,162,10.9,820.000,370.21,3.40,56,121,565
04/14/2017 00:42:39,153,10.9,822.730,371.29,3.40,56,121,565
04/14/2017 00:42:49,140,10.9,825.400,370.91,3.40,56,120,565
04/14/2017 00:42:59,158,10.9,828.050,371.44,3.40,55,119,565
04/14/2017 00:43:09,166,10.8,830.520,371.19,3.39,55,120,565
04/14/2017 00:43:19,149,10.9,833.240,370.72,3.39,55,120,565
04/14/2017 00:43:29,154,10.9,835.890,371.37,3.39,56,122,565
04/14/2017 00:43:39,159,10.8,838.530,370.53,3.39,57,122,565
04/14/2017 00:43:49,164,10.9,841.120,371.13,3.38,55,121,565
04/14/2017 00:43:59,156,10.9,843.870,370.82,3.38,55,131,565
04/14/2017 00:44:09,154,10.9,846.350,370.85,3.38,56,122,565
04/14/2017 00:44:19,156,10.9,849.040,370.31,3.38,55,119,565
04/14/2017 00:44:29,150,10.8,851.710,369.63,3.38,55,120,565
04/14/2017 00:44:39,159,10.8,854.370,369.92,3.37,56,122,565
04/14/2017 00:44:49,155,10.9,857.010,370.46,3.37,56,121,565
04/14/2017 00:44:59,151,10.9,859.660,370.15,3.37,54,119,565
04/14/2017 00:45:09,161,10.9,862.150,370.03,3.37,56,122,565
04/14/2017 00:45:19,170,10.8,864.940,369.80,3.36,54,120,565
04/14/2017 00:45:29,153,10.9,867.420,369.35,3.36,55,121,565
04/14/2017 00:45:39,168,10.9,870.190,369.46,3.36,56,120,565
04/14/2017 00:45:49,153,10.8,872.740,368.75,3.36,54,119,565
04/14/2017 00:45:59,149,10.9,875.350,369.72,3.36,56,119,565
04/14/2017 00:46:09,146,10.9,878.050,369.63,3.36,54,120,565
04/14/2017 00:46:19,134,10.9,880.600,368.91,3.36,55,125,565
04/14/2017 00:46:29,147,10.9,883.240,369.70,3.35,55,119,565
04/14/2017 00:46:39,160,10.9,885.930,368.55,3.35,54,119,565
04/14/2017 00:46:49,162,10.9,888.500,368.20,3.35,56,118,565
04/14/2017 00:46:59,167,10.8,891.110,366.98,3.35,55,120,565
04/14/2017 00:47:09,139,10.9,893.740,368.13,3.35,53,119,565
04/14/2017 00:47:19,150,10.9,896.370,368.01,3.35,55,118,565
04/14/2017 00:47:29,156,10.9,899.030,367.14,3.34,54,122,565
04/14/2017 00:47:39,152,10.9,901.730,368.10,3.34,54,121,565
04/14/2017 00:47:49,162,10.8,904.350,367.33,3.34,53,121,565
04/14/2017 00:47:59,160,10.8,906.940,367.67,3.34,54,119,565
04/14/2017 00:48:09,149,10.9,909.570,368.27,3.34,53,118,565
04/14/2017 00:48:19,144,10.9,912.230,368.05,3.33,54,121,565
04/14/2017 00:48:29,158,10.9,914.890,367.83,3.33,54,118,565
04/14/2017 00:48:39,152,10.9,917.400,368.23,3.33,54,119,565
04/14/2017 00:48:49,147,10.9,920.070,368.31,3.33,55,118,565
04/14/2017 00:48:59,151,10.9,922.560,368.16,3.33,54,119,565
04/14/2017 00:49:09,164,10.9,925.230,367.61,3.33,54,122,565
04/14/2017 00:49:19,138,10.9,928.000,367.70,3.33,53,119,565
04/14/2017 00:49:29,136,10.9,930.460,367.60,3.33,52,121,565
04/14/2017 00:49:39,151,10.9,933.160,367.54,3.33,52,119,565
04/14/2017 00:49:49,150,10.9,935.830,367.43,3.33,53,120,565
04/14/2017 00:49:59,154,10.9,938.270,367.01,3.33,55,119,565
04/14/2017 00:50:09,167,10.8,941.040,367.18,3.33,54,119,565
04/14/2017 00:50:19,162,10.9,943.660,367.82,3.33,53,120,565
04/14/2017 00:50:29,188,10.9,946.160,367.37,3.33,54,120,565
04/14/2017 00:50:39,164,10.9,948.920,367.00,3.33,55,121,565
04/14/2017 00:50:49,159,10.9,951.490,367.09,3.33,54,119,565
04/14/2017 00:50:59,144,10.9,954.120,366.98,3.33,52,120,565
04/14/2017 00:51:09,157,10.8,956.690,367.95,3.33,53,120,565
04/14/2017 00:51:19,154,10.9,959.430,366.85,3.33,52,117,565
04/14/2017 00:51:29,176,10.9,961.890,367.41,3.33,54,120,565
04/14/2017 00:51:39,169,10.9,964.520,367.25,3.33,53,118,565
04/14/2017 00:51:49,143,10.9,967.170,365.78,3.33,54,118,565
04/14/2017 00:51:59,148,10.9,969.810,365.69,3.33,53,118,565
04/14/2017 00:52:09,153,10.9,972.460,366.17,3.33,55,124,565
04/14/2017 00:52:19,152,10.9,975.010,366.48,3.33,54,122,565
04/14/2017 00:52:29,174,10.9,977.600,365.86,3.33,52,119,565
04/14/2017 00:52:39,158,10.8,980.320,367.23,3.33,53,121,565
04/14/2017 00:52:49,160,10.9,982.790,366.65,3.33,53,118,565
04/14/2017 00:52:59,176,10.8,985.360,366.33,3.33,54,120,565
04/14/2017 00:53:09,178,10.9,988.050,366.72,3.33,54,121,565
04/14/2017 00:53:19,162,10.9,990.530,365.86,3.33,53,119,565
04/14/2017 00:53:29,152,10.8,993.100,366.15,3.33,54,118,565
04/14/2017 00:53:39,168,10.8,995.840,366.00,3.32,52,119,565
04/14/2017 00:53:49,169,10.8,998.530,366.26,3.32,52,118,565
04/14/2017 00:53:59,146,10.8,1001.100,366.50,3.32,53,119,565
04/14/2017 00:54:09,168,10.9,1003.690,365.88,3.32,52,119,565
04/14/2017 00:54:19,164,10.9,1006.280,366.40,3.32,53,119,565
04/14/2017 00:54:29,160,10.9,1008.910,365.17,3.32,53,122,565
04/14/2017 00:54:39,152,10.9,1011.520,365.35,3.32,53,120,565
04/14/2017 00:54:49,179,10.8,1014.040,364.78,3.32,54,118,565
04/14/2017 00:54:59,165,10.8,1016.640,366.32,3.32,52,120,565
04/14/2017 00:55:09,172,10.9,1019.280,366.76,3.32,53,120,565
04/14/2017 00:55:19,165,10.9,1021.890,365.04,3.32,52,118,565
04/14/2017 00:55:29,157,10.9,1024.500,365.93,3.32,52,120,565
04/14/2017 00:55:39,159,10.9,1027.190,365.15,3.32,52,117,565
04/14/2017 00:55:49,175,10.8,1029.630,365.58,3.32,55,120,565
04/14/2017 00:55:59,171,10.9,1032.380,364.97,3.32,52,119,565
04/14/2017 00:56:09,146,10.9,1034.990,365.21,3.32,53,119,565
04/14/2017 00:56:19,168,10.8,1037.510,366.01,3.32,53,118,565
04/14/2017 00:56:29,174,10.8,1040.130,366.19,3.32,54,117,565
04/14/2017 00:56:39,164,10.8,1042.710,365.16,3.32,53,120,565
04/14/2017 00:56:49,165,10.9,1045.330,364.77,3.32,52,118,565
04/14/2017 00:56:59,158,10.8,1047.910,365.74,3.32,52,121,565
04/14/2017 00:57:09,157,10.9,1050.560,365.32,3.32,52,119,565
04/14/2017 00:57:19,151,10.9,1053.200,364.97,3.32,52,118,565
04/14/2017 00:57:29,161,10.9,1055.740,363.89,3.32,53,120,565
04/14/2017 00:57:39,161,10.8,1058.300,365.38,3.32,53,117,565
04/14/2017 00:57:49,168,10.9,1061.050,363.83,3.32,52,118,565
04/14/2017 00:57:59,152,10.9,1063.670,364.02,3.32,52,118,565
04/14/2017 00:58:09,164,10.9,1066.220,363.09,3.32,53,118,565
04/14/2017 00:58:19,176,10.8,1068.790,363.27,3.32,52,119,565
04/14/2017 00:58:29,162,10.9,1071.410,363.24,3.32,53,119,565
04/14/2017 00:58:39,179,10.9,1073.930,363.80,3.32,52,118,565
04/14/2017 00:58:49,182,10.9,1076.570,364.10,3.32,52,118,565
04/14/2017 00:58:59,170,10.9,1079.220,363.25,3.32,53,120,565
04/14/2017 00:59:09,153,10.9,1081.730,362.49,3.32,53,117,565
04/14/2017 00:59:19,171,10.8,1084.390,362.95,3.32,53,118,565
04/14/2017 00:59:29,177,10.8,1086.890,362.08,3.32,54,118,565
04/14/2017 00:59:39,173,10.9,1089.550,362.44,3.33,53,117,565
04/14/2017 00:59:49,176,10.9,1092.080,362.73,3.33,52,117,565
04/14/2017 00:59:59,174,10.8,1094.790,362.27,3.33,53,120,565
04/14/2017 01:00:09,185,10.8,1097.230,361.63,3.33,54,147,565
04/14/2017 01:00:19,149,10.9,1099.950,360.72,3.33,52,115,565
04/14/2017 01:00:29,176,10.9,1102.540,361.01,3.33,51,117,565
04/14/2017 01:00:39,187,10.8,1105.100,360.58,3.33,53,134,565
04/14/2017 01:00:49,159,10.8,1107.760,360.65,3.33,52,120,565
04/14/2017 01:00:59,184,10.8,1110.250,360.23,3.33,51,116,565
04/14/2017 01:01:09,176,10.9,1112.840,360.01,3.33,53,115,565
04/14/2017 01:01:19,184,10.8,1115.530,359.95,3.33,52,117,565
04/14/2017 01:01:29,184,10.8,1118.060,360.04,3.33,52,116,565
04/14/2017 01:01:39,181,10.8,1120.590,359.90,3.33,52,115,565
04/14/2017 01:01:49,182,10.8,1123.300,360.31,3.33,52,115,565
04/14/2017 01:01:59,171,10.8,1125.840,359.83,3.33,53,116,565
04/14/2017 01:02:09,170,10.9,1128.390,360.07,3.33,52,115,565
04/14/2017 01:02:19,176,10.8,1131.020,359.01,3.33,55,115,565
04/14/2017 01:02:29,132,10.9,1133.530,358.00,3.33,51,115,565
04/14/2017 01:02:39,183,10.9,1136.170,359.46,3.33,52,116,565
04/14/2017 01:02:49,168,10.9,1138.690,359.43,3.33,53,115,565
04/14/2017 01:02:59,181,10.9,1141.280,359.69,3.33,53,117,565
04/14/2017 01:03:09,170,10.8,1143.920,358.75,3.33,52,115,565
04/14/2017 01:03:19,175,10.9,1146.550,358.75,3.33,53,114,565
04/14/2017 01:03:29,188,10.8,1149.140,358.72,3.33,52,115,565
04/14/2017 01:03:39,170,10.8,1151.520,358.55,3.33,52,115,565
04/14/2017 01:03:49,172,10.9,1154.150,359.00,3.33,52,115,565
04/14/2017 01:03:59,179,10.8,1156.800,358.63,3.33,52,117,565
04/14/2017 01:04:09,185,10.8,1159.470,358.81,3.33,52,116,565
04/14/2017 01:04:19,152,10.9,1162.080,358.96,3.33,51,115,565
04/14/2017 01:04:29,173,10.9,1164.520,357.87,3.33,52,115,565
04/14/2017 01:04:39,203,10.8,1167.240,358.48,3.33,52,114,565
04/14/2017 01:04:49,154,10.9,1169.660,358.33,3.33,52,114,565
04/14/2017 01:04:59,179,10.8,1172.410,358.14,3.33,52,114,565
04/14/2017 01:05:09,197,10.8,1174.860,357.99,3.33,53,116,565
04/14/2017 01:05:19,177,10.8,1177.580,357.42,3.33,52,114,565
04/14/2017 01:05:29,148,10.8,1180.000,357.72,3.32,53,117,565
04/14/2017 01:05:39,175,10.8,1182.710,357.40,3.32,53,114,565
04/14/2017 01:05:49,117,10.9,1185.250,357.47,3.32,51,114,565
04/14/2017 01:05:59,173,10.8,1187.780,357.92,3.32,53,115,565
04/14/2017 01:06:09,171,10.9,1190.470,357.62,3.32,52,116,565
04/14/2017 01:06:19,160,10.9,1192.990,357.31,3.32,54,116,565
04/14/2017 01:06:29,164,10.9,1195.610,357.46,3.32,53,115,565
04/14/2017 01:06:39,169,10.9,1198.060,357.57,3.32,52,113,565
04/14/2017 01:06:49,170,10.8,1200.780,357.28,3.32,52,115,565
04/14/2017 01:06:59,162,10.8,1203.270,356.69,3.32,53,114,565
04/14/2017 01:07:09,195,10.8,1205.750,357.37,3.32,52,120,565
04/14/2017 01:07:19,176,10.8,1208.330,357.21,3.32,53,115,565
04/14/2017 01:07:29,179,10.8,1210.970,356.69,3.32,51,115,565
04/14/2017 01:07:39,168,10.8,1213.500,356.92,3.32,52,115,565
04/14/2017 01:07:49,184,10.8,1216.010,356.65,3.32,50,114,565
04/14/2017 01:07:59,168,10.8,1218.740,356.93,3.32,54,113,565
04/14/2017 01:08:09,193,10.8,1221.210,357.11,3.32,52,115,565
04/14/2017 01:08:19,152,10.8,1223.830,355.87,3.32,52,114,565
04/14/2017 01:08:29,181,10.8,1226.400,356.15,3.32,52,115,565
04/14/2017 01:08:39,172,10.8,1228.950,356.37,3.32,52,117,565
04/14/2017 01:08:49,162,10.8,1231.560,356.53,3.32,52,115,565
04/14/2017 01:08:59,166,10.8,1234.190,356.95,3.32,52,114,565
04/14/2017 01:09:09,193,10.8,1236.680,356.31,3.32,51,116,565
04/14/2017 01:09:19,167,10.8,1239.320,355.84,3.32,52,114,565
04/14/2017 01:09:29,193,10.8,1241.790,356.75,3.32,51,114,565
04/14/2017 01:09:39,173,10.8,1244.470,355.93,3.32,53,113,565
04/14/2017 01:09:49,170,10.9,1246.920,357.05,3.32,52,113,565
04/14/2017 01:09:59,177,10.8,1249.440,357.03,3.32,52,114,565
04/14/2017 01:10:09,180,10.9,1251.960,356.78,3.32,53,118,565
04/14/2017 01:10:19,196,10.8,1254.630,356.45,3.32,53,114,565
04/14/2017 01:10:29,184,10.8,1257.130,356.64,3.32,51,113,565
04/14/2017 01:10:39,197,10.9,1259.690,356.58,3.32,53,114,565
04/14/2017 01:10:49,177,10.8,1262.380,355.92,3.32,51,113,565
04/14/2017 01:10:59,181,10.9,1264.760,356.00,3.32,52,114,565
04/14/2017 01:11:09,204,10.9,1267.420,356.03,3.32,53,113,565
04/14/2017 01:11:19,186,10.9,1270.040,356.61,3.32,52,115,565
04/14/2017 01:11:29,187,10.8,1272.510,355.58,3.32,51,113,565
04/14/2017 01:11:39,166,10.8,1275.150,355.74,3.32,54,117,565
04/14/2017 01:11:49,187,10.8,1277.650,355.50,3.32,52,114,565
04/14/2017 01:11:59,178,10.8,1280.090,355.28,3.33,52,113,565
04/14/2017 01:12:09,196,10.8,1282.740,355.00,3.33,52,113,565
04/14/2017 01:12:19,201,10.8,1285.300,355.54,3.33,52,134,565
04/14/2017 01:12:29,189,10.8,1287.810,354.31,3.33,52,115,565
04/14/2017 01:12:39,192,10.8,1290.320,355.02,3.33,53,115,565
04/14/2017 01:12:49,182,10.8,1292.880,355.14,3.33,50,114,565
04/14/2017 01:12:59,203,10.8,1295.510,353.97,3.33,53,113,565
04/14/2017 01:13:09,179,10.9,1298.180,354.15,3.33,51,114,565
04/14/2017 01:13:19,181,10.8,1300.680,353.38,3.33,52,114,565
04/14/2017 01:13:29,181,10.8,1303.180,353.89,3.33,52,115,565
04/14/2017 01:13:39,199,10.9,1305.680,353.92,3.33,52,114,565
04/14/2017 01:13:49,178,10.8,1308.240,354.86,3.33,51,115,565
04/14/2017 01:13:59,182,10.8,1310.860,354.07,3.34,53,114,565
04/14/2017 01:14:09,200,10.8,1313.290,352.87,3.34,51,113,565
04/14/2017 01:14:19,191,10.9,1315.900,353.93,3.34,52,114,565
04/14/2017 01:14:29,175,10.8,1318.480,352.90,3.34,53,114,565
04/14/2017 01:14:39,192,10.9,1320.940,353.45,3.34,52,114,565
04/14/2017 01:14:49,190,10.8,1323.530,352.90,3.34,52,115,565
04/14/2017 01:14:59,157,10.9,1326.120,353.35,3.34,52,114,565
04/14/2017 01:15:09,191,10.8,1328.790,352.16,3.35,52,115,565
04/14/2017 01:15:19,169,10.8,1331.250,353.02,3.35,52,114,565
04/14/2017 01:15:29,191,10.8,1333.750,352.48,3.35,51,114,565
04/14/2017 01:15:39,192,10.8,1336.370,350.74,3.35,53,115,565
04/14/2017 01:15:49,202,10.8,1338.840,351.83,3.35,52,114,565
04/14/2017 01:15:59,188,10.8,1341.470,350.51,3.35,52,113,565
04/14/2017 01:16:09,191,10.8,1343.950,350.90,3.36,52,120,565
04/14/2017 01:16:19,205,10.8,1346.540,350.42,3.36,52,113,565
04/14/2017 01:16:29,200,10.9,1349.100,350.26,3.36,53,114,565
04/14/2017 01:16:39,208,10.8,1351.600,350.43,3.36,53,114,565
04/14/2017 01:16:49,184,10.8,1354.060,349.88,3.37,52,113,565
04/14/2017 01:16:59,178,10.9,1356.690,349.47,3.37,51,113,565
04/14/2017 01:17:09,178,10.8,1359.160,349.31,3.37,52,114,565
04/14/2017 01:17:19,171,10.9,1361.710,348.45,3.38,52,114,565
04/14/2017 01:17:29,189,10.8,1364.310,348.77,3.38,52,113,565
04/14/2017 01:17:39,170,10.8,1366.880,348.08,3.39,53,114,565
04/14/2017 01:17:49,174,10.8,1369.460,347.51,3.40,52,113,565
04/14/2017 01:17:59,174,10.9,1371.860,347.49,3.40,52,114,565
04/14/2017 01:18:09,178,10.8,1374.490,347.97,3.40,52,114,565
04/14/2017 01:18:19,192,10.8,1377.110,347.23,3.41,52,114,565
04/14/2017 01:18:29,184,10.8,1379.560,347.15,3.41,53,113,565
04/14/2017 01:18:39,172,10.8,1382.170,346.52,3.41,52,114,565
04/14/2017 01:18:49,210,10.8,1384.570,346.09,3.42,51,113,565
04/14/2017 01:18:59,197,10.8,1387.250,345.95,3.42,52,114,565
04/14/2017 01:19:09,203,10.8,1389.710,345.62,3.43,53,113,565
04/14/2017 01:19:19,202,10.8,1392.340,344.57,3.43,52,113,565
04/14/2017 01:19:29,196,10.8,1394.760,343.33,3.44,52,113,565
04/14/2017 01:19:39,194,10.8,1397.410,343.45,3.44,53,116,565
04/14/2017 01:19:49,195,10.8,1399.940,343.21,3.45,52,113,565
04/14/2017 01:19:59,196,10.8,1402.390,342.88,3.46,52,113,565
04/14/2017 01:20:09,191,10.8,1404.920,343.21,3.46,53,114,565
04/14/2017 01:20:19,175,10.8,1407.570,342.22,3.47,51,115,565
04/14/2017 01:20:29,176,10.9,1410.080,341.83,3.47,52,113,565
04/14/2017 01:20:39,147,10.9,1412.580,340.32,3.48,52,113,565
04/14/2017 01:20:49,178,10.9,1415.070,339.86,3.48,52,115,565
04/14/2017 01:20:59,179,10.8,1417.710,339.23,3.49,52,114,565
04/14/2017 01:21:09,177,10.8,1420.210,339.32,3.49,53,115,565
04/14/2017 01:21:19,192,10.8,1422.700,338.81,3.49,52,114,565
04/14/2017 01:21:29,170,10.8,1425.250,338.14,3.50,52,114,565
04/14/2017 01:21:39,182,10.8,1427.830,337.93,3.50,54,114,565
04/14/2017 01:21:49,203,10.8,1430.370,338.21,3.50,52,113,565
04/14/2017 01:21:59,232,10.8,1432.840,336.98,3.51,52,114,565
04/14/2017 01:22:09,203,10.8,1435.310,336.37,3.51,52,113,565
04/14/2017 01:22:19,179,10.8,1437.830,336.57,3.52,53,114,565
04/14/2017 01:22:29,203,10.8,1440.280,336.05,3.52,51,114,565
04/14/2017 01:22:39,175,10.8,1442.830,335.40,3.53,54,117,565
04/14/2017 01:22:49,186,10.8,1445.410,335.70,3.53,53,112,565
04/14/2017 01:22:59,218,10.9,1447.830,334.89,3.53,53,114,565
04/14/2017 01:23:09,223,10.8,1450.290,333.71,3.54,53,113,565
04/14/2017 01:23:19,158,10.8,1452.840,334.07,3.54,52,114,565
04/14/2017 01:23:29,209,10.8,1455.390,333.98,3.54,52,112,565
04/14/2017 01:23:39,187,10.8,1457.900,333.02,3.54,54,115,565
04/14/2017 01:23:49,204,10.8,1460.380,333.28,3.54,52,115,565
04/14/2017 01:23:59,185,10.8,1462.970,332.94,3.54,53,113,565
04/14/2017 01:24:09,188,10.8,1465.480,332.29,3.55,52,114,565
04/14/2017 01:24:19,212,10.8,1467.960,332.01,3.55,53,115,565
04/14/2017 01:24:29,212,10.8,1470.320,330.89,3.55,53,113,565
04/14/2017 01:24:39,187,10.8,1472.930,331.45,3.56,54,114,565
04/14/2017 01:24:49,217,10.8,1475.390,331.60,3.56,53,114,565
04/14/2017 01:24:59,237,10.8,1477.800,330.54,3.57,52,113,565
04/14/2017 01:25:09,196,10.9,1480.310,330.21,3.57,53,113,565
04/14/2017 01:25:19,203,10.8,1482.830,330.62,3.57,53,114,565
04/14/2017 01:25:29,177,10.8,1485.350,330.29,3.58,53,112,565
04/14/2017 01:25:39,176,10.8,1488.030,330.46,3.58,52,113,565
04/14/2017 01:25:49,219,10.8,1490.490,329.48,3.58,52,113,565
04/14/2017 01:25:59,201,10.8,1492.980,330.25,3.58,53,114,565
04/14/2017 01:26:09,191,10.8,1495.400,329.97,3.58,53,114,565
04/14/2017 01:26:19,203,10.8,1498.040,329.27,3.58,53,123,565
04/14/2017 01:26:29,190,10.9,1500.530,329.73,3.58,53,116,565
04/14/2017 01:26:39,208,10.8,1503.000,328.85,3.58,53,114,565
04/14/2017 01:26:49,182,10.8,1505.520,329.56,3.58,52,115,565
04/14/2017 01:26:59,195,10.8,1507.970,329.35,3.58,54,114,565
04/14/2017 01:27:09,204,10.8,1510.430,328.69,3.58,53,115,565
04/14/2017 01:27:19,211,10.8,1512.900,328.26,3.58,53,113,565
04/14/2017 01:27:29,203,10.9,1515.450,328.75,3.58,53,113,565
04/14/2017 01:27:39,177,10.8,1517.980,328.35,3.58,52,113,565
04/14/2017 01:27:49,205,10.8,1520.580,328.05,3.58,53,115,565
04/14/2017 01:27:59,202,10.8,1523.100,328.36,3.58,53,114,565
04/14/2017 01:28:09,198,10.8,1525.530,328.55,3.58,53,113,565
04/14/2017 01:28:19,186,10.8,1528.120,328.67,3.58,53,115,565
04/14/2017 01:28:29,195,10.8,1530.570,328.13,3.58,54,112,565
04/14/2017 01:28:39,188,10.8,1533.180,328.31,3.58,54,114,565
04/14/2017 01:28:49,159,10.8,1535.680,327.69,3.58,53,113,565
04/14/2017 01:28:59,216,10.9,1538.140,327.51,3.58,51,114,565
04/14/2017 01:29:09,199,10.9,1540.800,327.31,3.57,53,117,565
04/14/2017 01:29:19,185,10.9,1543.320,327.76,3.57,54,114,565
04/14/2017 01:29:29,188,10.8,1545.730,327.66,3.57,54,121,565
04/14/2017 01:29:39,178,10.9,1548.110,327.67,3.57,52,116,565
04/14/2017 01:29:49,200,10.8,1550.700,327.50,3.57,53,115,565
04/14/2017 01:29:59,201,10.8,1553.190,327.25,3.57,53,114,565
04/14/2017 01:30:09,206,10.8,1555.720,326.83,3.57,53,114,565
04/14/2017 01:30:19,153,10.8,1558.190,327.27,3.57,53,113,565
04/14/2017 01:30:29,189,10.8,1560.800,326.81,3.57,51,114,565
04/14/2017 01:30:39,189,10.8,1563.210,326.54,3.57,54,114,565
04/14/2017 01:30:49,200,10.8,1565.750,327.22,3.56,53,115,565
04/14/2017 01:30:59,207,10.9,1568.140,326.63,3.56,54,113,565
04/14/2017 01:31:09,190,10.8,1570.590,326.83,3.56,52,114,565
04/14/2017 01:31:19,229,10.8,1573.100,327.13,3.56,54,114,565
04/14/2017 01:31:29,203,10.8,1575.570,327.04,3.56,53,114,565
04/14/2017 01:31:39,215,10.8,1578.110,325.74,3.56,54,113,565
04/14/2017 01:31:49,197,10.8,1580.560,326.23,3.55,53,114,565
04/14/2017 01:31:59,226,10.8,1583.070,326.60,3.55,53,114,565
04/14/2017 01:32:09,211,10.8,1585.490,326.42,3.55,51,115,565
04/14/2017 01:32:19,172,10.8,1587.960,325.75,3.54,51,114,565
04/14/2017 01:32:29,213,10.8,1590.440,326.43,3.54,52,113,565
04/14/2017 01:32:39,185,10.8,1592.920,325.55,3.54,54,114,565
04/14/2017 01:32:49,204,10.8,1595.440,325.42,3.54,53,112,565
04/14/2017 01:32:59,232,10.8,1598.020,326.39,3.53,53,116,565
04/14/2017 01:33:09,202,10.8,1600.340,326.43,3.53,53,113,565
04/14/2017 01:33:19,205,10.8,1602.820,325.58,3.53,52,115,565
04/14/2017 01:33:29,186,10.8,1605.300,326.11,3.53,53,112,565
04/14/2017 01:33:39,196,10.8,1607.950,325.52,3.53,53,114,565
04/14/2017 01:33:49,201,10.8,1610.150,325.76,3.53,52,114,565
04/14/2017 01:33:59,197,10.8,1612.790,325.10,3.53,51,113,565
04/14/2017 01:34:09,175,10.8,1615.070,325.67,3.52,53,115,565
04/14/2017 01:34:19,199,10.8,1617.420,325.68,3.52,53,112,565
04/14/2017 01:34:29,118,10.9,1620.040,325.36,3.52,53,113,565
04/14/2017 01:34:39,215,10.8,1622.290,325.11,3.51,53,115,565
04/14/2017 01:34:49,246,10.8,1624.570,325.31,3.51,54,115,565
04/14/2017 01:34:59,240,10.8,1627.080,325.14,3.51,53,113,565
04/14/2017 01:35:09,209,10.8,1629.490,325.62,3.51,52,113,565
04/14/2017 01:35:19,220,10.8,1631.870,325.59,3.50,52,112,565
04/14/2017 01:35:29,191,10.8,1634.360,325.18,3.50,54,112,565
04/14/2017 01:35:39,208,10.8,1636.670,325.38,3.50,52,113,565
04/14/2017 01:35:49,220,10.8,1639.210,326.34,3.49,53,115,565
04/14/2017 01:35:59,208,10.8,1641.510,325.04,3.49,53,118,564
04/14/2017 01:36:09,214,10.8,1644.020,325.38,3.49,50,113,564
04/14/2017 01:36:19,232,10.8,1646.370,325.40,3.48,54,115,565
04/14/2017 01:36:29,227,10.8,1648.740,326.64,3.48,52,114,565
04/14/2017 01:36:39,222,10.8,1651.280,325.69,3.48,53,115,565
04/14/2017 01:36:49,194,10.8,1653.560,324.75,3.48,54,113,565
04/14/2017 01:36:59,214,10.8,1655.910,325.29,3.47,53,113,565
04/14/2017 01:37:09,193,10.8,1658.420,325.87,3.47,53,115,565
04/14/2017 01:37:19,226,10.8,1660.770,325.54,3.47,53,114,565
04/14/2017 01:37:29,196,10.8,1663.080,325.55,3.47,54,114,565
04/14/2017 01:37:39,237,10.8,1665.460,326.07,3.46,54,114,565
04/14/2017 01:37:49,176,10.8,1667.870,324.71,3.46,52,113,565
04/14/2017 01:37:59,204,10.8,1670.190,325.68,3.46,53,114,565
04/14/2017 01:38:09,216,10.8,1672.570,325.38,3.46,53,114,565
04/14/2017 01:38:19,226,10.8,1675.030,325.32,3.45,54,114,565
04/14/2017 01:38:29,213,10.8,1677.470,326.08,3.45,54,114,565
04/14/2017 01:38:39,161,10.9,1679.710,325.38,3.45,53,116,565
04/14/2017 01:38:49,243,10.8,1682.100,325.31,3.44,52,114,565
04/14/2017 01:38:59,221,10.8,1684.470,324.96,3.44,53,115,565
04/14/2017 01:39:09,218,10.8,1686.950,325.39,3.44,53,113,565
04/14/2017 01:39:19,231,10.8,1689.270,324.80,3.44,52,114,565
04/14/2017 01:39:29,241,10.8,1691.660,325.55,3.44,53,140,565
04/14/2017 01:39:39,201,10.9,1694.150,325.10,3.44,52,115,565
04/14/2017 01:39:49,226,10.8,1696.430,325.19,3.44,53,115,565
04/14/2017 01:39:59,215,10.8,1698.700,325.41,3.43,52,113,565
04/14/2017 01:40:09,258,10.8,1701.050,325.04,3.43,54,114,565
04/14/2017 01:40:19,217,10.8,1703.360,324.98,3.43,53,115,565
04/14/2017 01:40:29,240,10.8,1705.760,324.43,3.43,53,113,565
04/14/2017 01:40:39,193,10.8,1708.130,324.57,3.43,52,113,565
04/14/2017 01:40:49,193,10.8,1710.520,325.38,3.43,53,114,565
04/14/2017 01:40:59,232,10.8,1712.780,324.62,3.42,53,112,565
04/14/2017 01:41:09,195,10.8,1715.160,325.41,3.42,53,115,565
04/14/2017 01:41:19,223,10.8,1717.630,325.04,3.41,53,114,565
04/14/2017 01:41:29,215,10.8,1719.970,324.31,3.41,53,114,565
04/14/2017 01:41:39,196,10.8,1722.370,325.21,3.41,54,114,565
04/14/2017 01:41:49,252,10.8,1724.720,324.81,3.40,53,118,565
04/14/2017 01:41:59,223,10.8,1727.100,324.71,3.40,52,113,565
04/14/2017 01:42:09,252,10.8,1729.390,325.20,3.40,53,114,565
04/14/2017 01:42:19,241,10.8,1731.820,324.29,3.40,52,112,565
04/14/2017 01:42:29,241,10.8,1734.170,324.67,3.40,53,115,565
04/14/2017 01:42:39,210,10.8,1736.560,324.35,3.40,53,115,565
04/14/2017 01:42:49,233,10.8,1738.890,325.20,3.40,53,113,565
04/14/2017 01:42:59,272,10.8,1741.300,324.47,3.39,53,114,565
04/14/2017 01:43:09,208,10.8,1743.700,325.29,3.39,53,112,565
04/14/2017 01:43:19,240,10.8,1745.960,325.48,3.39,52,113,565
04/14/2017 01:43:29,208,10.8,1748.270,325.33,3.39,54,114,565
04/14/2017 01:43:39,229,10.8,1750.510,324.72,3.38,52,117,565
04/14/2017 01:43:49,228,10.8,1752.920,325.57,3.38,54,112,565
04/14/2017 01:43:59,238,10.8,1755.220,324.64,3.38,54,113,565
04/14/2017 01:44:09,245,10.8,1757.560,324.81,3.37,53,113,565
04/14/2017 01:44:19,239,10.8,1759.860,324.44,3.37,53,113,565
04/14/2017 01:44:29,242,10.8,1762.140,325.49,3.37,53,115,565
04/14/2017 01:44:39,235,10.8,1764.440,325.21,3.37,53,113,565
04/14/2017 01:44:49,233,10.8,1766.900,325.19,3.37,52,113,565
04/14/2017 01:44:59,225,10.8,1769.200,325.84,3.36,53,114,565
04/14/2017 01:45:09,256,10.8,1771.760,324.71,3.36,52,114,565
04/14/2017 01:45:19,236,10.8,1773.940,325.51,3.36,53,113,565
04/14/2017 01:45:29,221,10.8,1776.400,325.72,3.36,52,113,565
04/14/2017 01:45:39,189,10.8,1778.620,324.64,3.36,53,112,565
04/14/2017 01:45:49,207,10.9,1780.950,324.95,3.35,55,114,565
04/14/2017 01:45:59,219,10.8,1783.230,325.12,3.35,51,112,565
04/14/2017 01:46:09,215,10.8,1785.690,325.00,3.35,53,112,565
04/14/2017 01:46:19,244,10.8,1788.030,325.45,3.35,54,114,565
04/14/2017 01:46:29,238,10.8,1790.360,324.89,3.34,54,113,565
04/14/2017 01:46:39,247,10.8,1792.680,325.21,3.34,54,112,565
04/14/2017 01:46:49,226,10.8,1794.990,324.75,3.34,53,114,565
04/14/2017 01:46:59,212,10.8,1797.300,325.76,3.34,53,112,565
04/14/2017 01:47:09,259,10.8,1799.630,324.34,3.34,52,114,565
04/14/2017 01:47:19,248,10.8,1801.950,325.00,3.33,53,114,565
04/14/2017 01:47:29,245,10.8,1804.450,324.53,3.33,52,115,565
04/14/2017 01:47:39,252,10.8,1806.770,324.51,3.33,52,113,565
04/14/2017 01:47:49,214,10.8,1809.050,325.10,3.33,52,114,565
04/14/2017 01:47:59,242,10.8,1811.330,325.17,3.33,53,112,565
04/14/2017 01:48:09,238,10.8,1813.420,324.80,3.33,55,112,565
04/14/2017 01:48:19,218,10.9,1815.630,325.67,3.33,54,121,565
04/14/2017 01:48:29,233,10.8,1817.840,325.61,3.32,53,115,565
04/14/2017 01:48:39,231,10.8,1820.180,325.20,3.32,53,112,565
04/14/2017 01:48:49,238,10.8,1822.460,325.07,3.31,54,113,565
04/14/2017 01:48:59,222,10.8,1824.670,324.62,3.31,53,114,565
04/14/2017 01:49:09,255,10.8,1827.020,325.46,3.31,54,112,565
04/14/2017 01:49:19,229,10.8,1829.280,324.69,3.31,53,115,565
04/14/2017 01:49:29,225,10.8,1831.610,324.86,3.30,52,112,565
04/14/2017 01:49:39,237,10.8,1833.950,324.52,3.30,53,112,565
04/14/2017 01:49:49,215,10.8,1836.240,325.23,3.30,53,113,565
04/14/2017 01:49:59,215,10.8,1838.430,324.91,3.30,54,114,565
04/14/2017 01:50:09,214,10.8,1840.890,324.60,3.30,53,116,565
04/14/2017 01:50:19,245,10.8,1843.090,324.34,3.29,53,114,565
04/14/2017 01:50:29,232,10.8,1845.480,325.06,3.29,52,113,565
04/14/2017 01:50:39,234,10.8,1847.630,324.66,3.29,55,113,565
04/14/2017 01:50:49,253,10.8,1849.970,324.89,3.29,54,112,565
04/14/2017 01:50:59,250,10.8,1852.320,324.53,3.29,53,111,565
04/14/2017 01:51:09,241,10.8,1854.560,324.48,3.28,52,111,565
04/14/2017 01:51:19,262,10.8,1856.840,323.66,3.28,54,112,565
04/14/2017 01:51:29,255,10.7,1859.130,323.31,3.28,53,112,565
04/14/2017 01:51:39,263,10.8,1861.440,324.07,3.27,51,112,565
04/14/2017 01:51:49,252,10.8,1863.860,324.79,3.27,54,112,565
04/14/2017 01:51:59,288,10.8,1866.060,324.04,3.27,53,111,565
04/14/2017 01:52:09,267,10.8,1868.370,324.03,3.27,53,112,565
04/14/2017 01:52:19,225,10.8,1870.710,324.04,3.26,52,111,565
04/14/2017 01:52:29,241,10.8,1872.920,323.84,3.26,53,111,565
04/14/2017 01:52:39,258,10.8,1875.300,323.57,3.26,53,111,565
04/14/2017 01:52:49,221,10.8,1877.590,323.36,3.26,53,112,565
04/14/2017 01:52:59,250,10.8,1879.790,323.42,3.26,54,112,565
04/14/2017 01:53:09,245,10.8,1882.120,323.03,3.26,53,112,565
04/14/2017 01:53:19,245,10.8,1884.570,323.61,3.26,53,112,565
04/14/2017 01:53:29,239,10.8,1886.780,323.61,3.25,54,111,565
04/14/2017 01:53:39,296,10.8,1889.040,323.62,3.25,53,111,565
04/14/2017 01:53:49,255,10.8,1891.330,323.90,3.25,51,111,565
04/14/2017 01:53:59,299,10.7,1893.600,323.89,3.25,54,110,565
04/14/2017 01:54:09,274,10.9,1895.880,324.08,3.24,54,112,565
04/14/2017 01:54:19,223,10.8,1898.010,324.04,3.24,53,111,565
04/14/2017 01:54:29,227,10.8,1900.410,323.46,3.24,54,112,565
04/14/2017 01:54:39,267,10.8,1902.560,323.90,3.24,52,111,565
04/14/2017 01:54:49,215,10.8,1904.800,323.92,3.23,53,112,565
04/14/2017 01:54:59,250,10.8,1907.030,324.18,3.23,53,113,565
04/14/2017 01:55:09,275,10.8,1909.290,324.27,3.23,53,112,565
04/14/2017 01:55:19,244,10.8,1911.510,324.38,3.23,53,111,565
04/14/2017 01:55:29,271,10.8,1913.790,324.56,3.22,53,111,565
04/14/2017 01:55:39,260,10.8,1916.170,324.44,3.22,53,111,565
04/14/2017 01:55:49,267,10.8,1918.450,323.99,3.22,51,113,565
04/14/2017 01:55:59,226,10.8,1920.720,324.08,3.21,52,112,565
04/14/2017 01:56:09,243,10.8,1923.020,324.85,3.21,54,111,565
04/14/2017 01:56:19,256,10.8,1925.190,324.20,3.21,51,112,565
04/14/2017 01:56:29,237,10.8,1927.430,324.13,3.20,53,112,565
04/14/2017 01:56:39,249,10.8,1929.840,323.97,3.20,53,111,565
04/14/2017 01:56:49,237,10.8,1932.140,324.30,3.20,52,111,565
04/14/2017 01:56:59,235,10.8,1934.490,324.05,3.20,52,113,565
04/14/2017 01:57:09,251,10.7,1936.820,325.05,3.20,53,110,565
04/14/2017 01:57:19,255,10.8,1939.010,323.82,3.20,52,111,565
04/14/2017 01:57:29,247,10.8,1941.320,324.20,3.20,54,113,565
04/14/2017 01:57:39,237,10.8,1943.660,323.74,3.19,53,113,565
04/14/2017 01:57:49,243,10.8,1946.000,324.62,3.19,53,109,565
04/14/2017 01:57:59,242,10.8,1948.370,324.60,3.19,53,112,565
04/14/2017 01:58:09,257,10.8,1950.760,324.28,3.19,52,112,565
04/14/2017 01:58:19,227,10.8,1952.960,323.49,3.18,52,114,565
04/14/2017 01:58:29,244,10.8,1955.300,323.41,3.18,54,113,565
04/14/2017 01:58:39,237,10.8,1957.640,324.18,3.18,53,111,565
04/14/2017 01:58:49,242,10.8,1959.920,325.03,3.18,52,110,565
04/14/2017 01:58:59,229,10.8,1962.050,323.83,3.18,53,112,565
04/14/2017 01:59:09,260,10.8,1964.600,324.15,3.17,52,111,565
04/14/2017 01:59:19,195,10.8,1966.700,324.17,3.17,53,113,565
04/14/2017 01:59:29,273,10.8,1969.000,324.28,3.17,52,110,565
04/14/2017 01:59:39,282,10.8,1971.260,324.48,3.17,53,111,565
04/14/2017 01:59:49,254,10.8,1973.610,324.21,3.17,54,113,565
04/14/2017 01:59:59,242,10.8,1975.730,323.82,3.17,54,112,565
04/14/2017 02:00:09,236,10.8,1978.180,323.62,3.17,54,111,565
04/14/2017 02:00:19,255,10.8,1980.440,324.32,3.17,53,112,565
04/14/2017 02:00:29,242,10.8,1982.600,324.05,3.17,52,111,565
04/14/2017 02:00:39,275,10.8,1984.890,323.64,3.16,53,112,565
04/14/2017 02:00:49,243,10.7,1987.230,323.91,3.16,53,110,565
04/14/2017 02:00:59,266,10.9,1989.430,324.50,3.15,52,110,565
04/14/2017 02:01:09,257,10.9,1991.620,323.90,3.16,54,113,565
04/14/2017 02:01:19,245,10.8,1993.860,323.52,3.16,53,111,565
04/14/2017 02:01:29,227,10.8,1996.200,323.25,3.15,53,110,565
04/14/2017 02:01:39,241,10.8,1998.500,323.55,3.15,53,112,565
04/14/2017 02:01:49,269,10.8,2000.810,323.46,3.15,52,111,565
04/14/2017 02:01:59,234,10.8,2003.080,323.33,3.15,53,111,565
04/14/2017 02:02:09,246,10.8,2005.340,323.01,3.15,52,114,565
04/14/2017 02:02:19,261,10.8,2007.620,323.64,3.15,53,112,565
04/14/2017 02:02:29,249,10.8,2009.960,322.84,3.15,52,111,565
04/14/2017 02:02:39,292,10.8,2012.180,323.09,3.14,53,111,565
04/14/2017 02:02:49,245,10.8,2014.330,322.40,3.14,53,112,565
04/14/2017 02:02:59,270,10.8,2016.540,322.60,3.14,52,110,565
04/14/2017 02:03:09,258,10.8,2018.850,323.17,3.14,52,110,565
04/14/2017 02:03:19,267,10.8,2021.040,323.06,3.13,52,111,565
04/14/2017 02:03:29,236,10.8,2023.370,322.91,3.13,54,111,565
04/14/2017 02:03:39,250,10.8,2025.690,323.64,3.12,53,110,565
04/14/2017 02:03:49,273,10.8,2027.740,323.41,3.12,53,112,565
04/14/2017 02:03:59,253,10.8,2030.190,322.43,3.12,54,109,565
04/14/2017 02:04:09,258,10.8,2032.450,323.04,3.11,52,111,565
04/14/2017 02:04:19,248,10.8,2034.580,323.16,3.11,54,111,565
04/14/2017 02:04:29,264,10.8,2036.870,322.92,3.11,53,112,565
04/14/2017 02:04:39,257,10.8,2039.150,322.77,3.11,55,111,565
04/14/2017 02:04:49,253,10.8,2041.270,323.78,3.10,52,111,565
04/14/2017 02:04:59,302,10.8,2043.550,324.10,3.10,54,112,565
04/14/2017 02:05:09,240,10.8,2045.850,323.60,3.09,54,112,565
04/14/2017 02:05:19,278,10.8,2047.960,323.72,3.09,52,112,565
04/14/2017 02:05:29,284,10.8,2050.190,323.38,3.09,54,111,565
04/14/2017 02:05:39,284,10.8,2052.520,322.75,3.09,53,110,565
04/14/2017 02:05:49,266,10.8,2054.620,323.07,3.09,54,112,565
04/14/2017 02:05:59,261,10.8,2056.770,322.64,3.08,53,111,565
04/14/2017 02:06:09,272,10.9,2058.980,323.64,3.08,52,115,565
04/14/2017 02:06:19,281,10.7,2061.170,323.10,3.08,52,111,565
04/14/2017 02:06:29,242,10.8,2063.500,323.14,3.08,53,115,565
04/14/2017 02:06:39,294,10.8,2065.720,322.48,3.07,52,111,565
04/14/2017 02:06:49,311,10.8,2067.860,323.25,3.07,54,111,565
04/14/2017 02:06:59,277,10.8,2070.050,323.40,3.07,53,111,565
04/14/2017 02:07:09,281,10.8,2072.370,323.47,3.07,52,113,565
04/14/2017 02:07:19,244,10.8,2074.570,323.77,3.06,52,112,565
04/14/2017 02:07:29,245,10.8,2076.760,323.61,3.06,52,112,565
04/14/2017 02:07:39,213,10.8,2078.890,324.00,3.06,51,113,565
04/14/2017 02:07:49,279,10.8,2080.960,323.77,3.06,53,111,565
04/14/2017 02:07:59,238,10.8,2083.180,323.95,3.05,52,112,565
04/14/2017 02:08:09,254,10.8,2085.400,323.95,3.05,52,111,565
04/14/2017 02:08:19,241,10.8,2087.680,323.43,3.05,54,109,565
04/14/2017 02:08:29,253,10.9,2089.890,323.09,3.05,53,113,565
04/14/2017 02:08:39,230,10.8,2092.060,323.09,3.05,51,112,565
04/14/2017 02:08:49,267,10.8,2094.370,323.09,3.04,53,112,565
04/14/2017 02:08:59,242,10.8,2096.560,323.08,3.04,54,110,565
04/14/2017 02:09:09,246,10.8,2098.790,322.89,3.03,53,111,565
04/14/2017 02:09:19,230,10.8,2100.950,322.51,3.03,55,113,565
04/14/2017 02:09:29,263,10.7,2103.130,322.89,3.03,53,112,565
04/14/2017 02:09:39,246,10.7,2105.230,323.32,3.03,54,109,565
04/14/2017 02:09:49,216,10.8,2107.480,322.98,3.02,53,111,565
04/14/2017 02:09:59,258,10.8,2109.680,323.30,3.02,54,111,565
04/14/2017 02:10:09,286,10.8,2111.850,322.81,3.02,53,111,565
04/14/2017 02:10:19,279,10.8,2114.140,323.12,3.02,54,111,565
04/14/2017 02:10:29,240,10.8,2116.360,322.67,3.01,52,110,565
04/14/2017 02:10:39,283,10.8,2118.540,323.22,3.01,54,113,565
04/14/2017 02:10:49,280,10.8,2120.910,323.26,3.01,53,110,565
04/14/2017 02:10:59,263,10.8,2123.140,322.81,3.01,52,111,565
04/14/2017 02:11:09,258,10.8,2125.270,323.94,3.01,52,110,565
04/14/2017 02:11:19,258,10.8,2127.450,323.08,3.00,53,110,565
04/14/2017 02:11:29,241,10.8,2129.670,323.20,3.00,52,111,565
04/14/2017 02:11:39,281,10.8,2132.060,322.90,2.99,53,112,565
04/14/2017 02:11:49,249,10.8,2134.260,322.99,2.99,56,111,565
04/14/2017 02:11:59,243,10.8,2136.400,322.98,2.99,53,110,565
04/14/2017 02:12:09,270,10.8,2138.560,323.04,2.99,54,110,565
04/14/2017 02:12:19,221,10.8,2140.870,323.55,2.99,53,110,565
04/14/2017 02:12:29,296,10.9,2143.040,323.17,2.98,52,109,565
04/14/2017 02:12:39,222,10.8,2145.200,322.99,2.98,53,111,565
04/14/2017 02:12:49,261,10.8,2147.230,323.49,2.98,53,112,565
04/14/2017 02:12:59,270,10.7,2149.580,323.30,2.98,54,111,565
04/14/2017 02:13:09,245,10.8,2151.710,323.15,2.98,53,112,565
04/14/2017 02:13:19,271,10.8,2153.830,323.19,2.97,54,112,565
04/14/2017 02:13:29,233,10.8,2155.870,323.27,2.97,53,112,565
04/14/2017 02:13:39,233,10.8,2158.180,323.34,2.97,52,111,565
04/14/2017 02:13:49,276,10.8,2160.130,323.65,2.97,53,117,565
04/14/2017 02:13:59,262,10.8,2162.300,322.79,2.96,54,111,565
04/14/2017 02:14:09,305,10.8,2164.590,322.95,2.96,53,110,565
04/14/2017 02:14:19,255,10.8,2166.660,323.64,2.96,54,110,565
04/14/2017 02:14:29,264,10.8,2168.830,323.34,2.96,53,113,566
04/14/2017 02:14:39,266,10.8,2170.880,323.36,2.95,53,116,565
04/14/2017 02:14:49,292,10.8,2172.990,322.75,2.95,53,112,565
04/14/2017 02:14:59,251,10.7,2175.290,322.43,2.95,54,111,565
04/14/2017 02:15:09,264,10.8,2177.370,322.69,2.95,54,112,565
04/14/2017 02:15:19,265,10.7,2179.380,322.79,2.95,53,112,565
04/14/2017 02:15:29,262,10.8,2181.690,323.28,2.95,54,111,565
04/14/2017 02:15:39,273,10.7,2183.540,322.23,2.94,53,110,565
04/14/2017 02:15:49,281,10.9,2185.710,322.94,2.94,54,110,565
04/14/2017 02:15:59,271,10.8,2188.020,322.69,2.94,54,111,566
04/14/2017 02:16:09,276,10.8,2190.090,323.19,2.94,53,111,565
04/14/2017 02:16:19,278,10.8,2192.110,322.98,2.94,53,111,565
04/14/2017 02:16:29,279,10.8,2194.180,323.07,2.94,53,112,566
04/14/2017 02:16:39,289,10.8,2196.350,323.29,2.94,54,111,565
04/14/2017 02:16:49,240,10.8,2198.430,322.47,2.93,53,113,566
04/14/2017 02:16:59,262,10.8,2200.560,322.72,2.93,52,111,565
04/14/2017 02:17:09,280,10.8,2202.690,323.25,2.93,53,111,565
04/14/2017 02:17:19,229,10.7,2204.980,323.00,2.93,52,111,565
04/14/2017 02:17:29,264,10.8,2207.090,321.78,2.93,52,112,565
04/14/2017 02:17:39,300,10.8,2209.270,322.40,2.92,53,111,565
04/14/2017 02:17:49,288,10.7,2211.360,322.83,2.92,52,111,565
04/14/2017 02:17:59,277,10.9,2213.500,322.92,2.92,53,113,566
04/14/2017 02:18:09,270,10.8,2215.600,323.31,2.92,52,112,565
04/14/2017 02:18:19,253,10.8,2217.660,322.85,2.91,53,117,565
04/14/2017 02:18:29,239,10.7,2219.800,323.08,2.90,54,113,566
04/14/2017 02:18:39,233,10.8,2221.850,322.61,2.90,53,112,565
04/14/2017 02:18:49,245,10.8,2223.890,323.10,2.90,53,113,565
04/14/2017 02:18:59,266,10.8,2225.870,323.19,2.90,52,112,565
04/14/2017 02:19:09,264,10.8,2227.770,323.75,2.89,52,114,565
04/14/2017 02:19:19,244,10.7,2229.810,323.70,2.89,55,112,565
04/14/2017 02:19:29,270,10.7,2231.990,322.91,2.89,52,112,565
04/14/2017 02:19:39,225,10.8,2233.980,322.97,2.89,53,110,565
04/14/2017 02:19:49,258,10.8,2235.980,323.50,2.89,53,110,565
04/14/2017 02:19:59,260,10.8,2238.110,322.93,2.89,53,112,565
04/14/2017 02:20:09,255,10.7,2240.210,323.39,2.88,52,111,565
04/14/2017 02:20:19,272,10.8,2242.360,322.91,2.88,53,110,565
04/14/2017 02:20:29,265,10.7,2244.500,323.48,2.88,55,110,566
04/14/2017 02:20:39,297,10.8,2246.540,322.51,2.88,53,111,565
04/14/2017 02:20:49,246,10.7,2248.540,323.52,2.88,54,112,565
04/14/2017 02:20:59,282,10.8,2250.540,322.63,2.88,53,112,565
04/14/2017 02:21:09,251,10.8,2252.710,323.08,2.87,53,112,566
04/14/2017 02:21:19,286,10.8,2254.980,322.79,2.87,54,112,565
04/14/2017 02:21:29,257,10.7,2256.990,322.65,2.87,53,112,566
04/14/2017 02:21:39,266,10.8,2258.900,322.33,2.86,54,112,566
04/14/2017 02:21:49,265,10.8,2260.940,322.72,2.86,52,115,566
04/14/2017 02:21:59,253,10.8,2263.090,322.83,2.85,54,112,565
04/14/2017 02:22:09,253,10.8,2265.080,322.36,2.85,53,113,566
04/14/2017 02:22:19,269,10.8,2266.920,323.04,2.85,53,111,566
04/14/2017 02:22:29,267,10.8,2268.930,323.26,2.85,54,123,565
04/14/2017 02:22:39,246,10.8,2270.810,322.52,2.85,53,115,566
04/14/2017 02:22:49,275,10.8,2272.510,323.06,2.85,53,111,565
04/14/2017 02:22:59,282,10.7,2274.540,322.76,2.85,52,111,566
04/14/2017 02:23:09,258,10.8,2276.760,322.56,2.85,53,114,566
04/14/2017 02:23:19,279,10.8,2278.930,323.15,2.85,53,112,566
04/14/2017 02:23:29,234,10.8,2280.850,322.86,2.85,54,112,566
04/14/2017 02:23:39,235,10.8,2282.780,322.49,2.84,53,112,566
04/14/2017 02:23:49,289,10.8,2284.780,322.99,2.84,53,112,566
04/14/2017 02:23:59,264,10.8,2286.910,323.01,2.83,53,112,565
04/14/2017 02:24:09,245,10.8,2288.930,322.81,2.83,53,113,565
04/14/2017 02:24:19,314,10.8,2291.000,322.67,2.82,52,113,565
04/14/2017 02:24:29,248,10.8,2293.250,322.72,2.82,54,120,566
04/14/2017 02:24:39,211,10.8,2295.190,323.17,2.82,54,113,566
04/14/2017 02:24:49,252,10.7,2297.410,323.08,2.82,54,112,566
04/14/2017 02:24:59,277,10.8,2299.600,323.15,2.82,53,113,565
04/14/2017 02:25:09,251,10.8,2301.640,323.80,2.82,53,112,566
04/14/2017 02:25:19,263,10.8,2303.620,322.60,2.81,54,112,566
04/14/2017 02:25:29,250,10.7,2305.740,323.65,2.81,54,114,566
04/14/2017 02:25:39,275,10.8,2307.770,323.76,2.81,53,113,566
04/14/2017 02:25:49,250,10.8,2309.980,322.78,2.81,52,111,566
04/14/2017 02:25:59,294,10.8,2312.170,322.76,2.81,54,113,566
04/14/2017 02:26:09,248,10.8,2314.190,323.24,2.81,53,111,566
04/14/2017 02:26:19,251,10.8,2316.070,323.54,2.80,52,112,566
04/14/2017 02:26:29,286,10.7,2318.170,323.60,2.80,53,113,566
04/14/2017 02:26:39,317,10.8,2320.330,322.90,2.79,54,112,566
04/14/2017 02:26:49,290,10.7,2322.450,323.56,2.79,55,114,566
04/14/2017 02:26:59,311,10.8,2324.440,323.98,2.78,52,115,566
04/14/2017 02:27:09,274,10.8,2326.630,324.24,2.78,53,112,566
04/14/2017 02:27:19,248,10.8,2328.600,324.65,2.77,54,118,566
04/14/2017 02:27:29,262,10.7,2330.770,324.79,2.76,52,126,566
04/14/2017 02:27:39,283,10.8,2332.720,324.55,2.75,53,115,566
04/14/2017 02:27:49,239,10.8,2334.790,326.14,2.74,55,116,566
04/14/2017 02:27:59,293,10.8,2337.060,325.80,2.74,53,115,566
04/14/2017 02:28:09,264,10.8,2339.020,325.95,2.73,53,115,566
04/14/2017 02:28:19,239,10.8,2341.200,326.78,2.73,53,116,566
04/14/2017 02:28:29,243,10.7,2343.450,326.04,2.73,53,117,566
04/14/2017 02:28:39,273,10.8,2345.540,326.78,2.73,54,117,566
04/14/2017 02:28:49,255,10.8,2347.590,326.48,2.72,53,117,566
04/14/2017 02:28:59,274,10.8,2349.650,326.78,2.72,54,119,566
04/14/2017 02:29:09,260,10.7,2351.740,326.59,2.72,55,116,566
04/14/2017 02:29:19,293,10.8,2353.740,325.50,2.73,53,119,566
04/14/2017 02:29:29,267,10.8,2355.750,325.60,2.73,54,114,566
04/14/2017 02:29:39,290,10.8,2357.780,324.28,2.72,53,114,566
04/14/2017 02:29:49,273,10.8,2360.030,325.14,2.72,52,116,566
04/14/2017 02:29:59,259,10.8,2362.030,325.52,2.71,53,115,566
04/14/2017 02:30:09,252,10.7,2364.170,325.71,2.70,53,120,566
04/14/2017 02:30:19,255,10.7,2366.240,325.85,2.70,52,115,566
04/14/2017 02:30:29,239,10.7,2368.240,327.75,2.68,52,121,566
04/14/2017 02:30:39,301,10.8,2370.470,328.60,2.64,53,126,566
04/14/2017 02:30:49,280,10.8,2372.560,331.47,2.63,53,124,566
04/14/2017 02:30:59,280,10.8,2374.520,332.76,2.63,54,125,566
04/14/2017 02:31:09,285,10.8,2376.490,333.14,2.62,53,129,566
04/14/2017 02:31:19,250,10.7,2378.800,334.32,2.61,52,124,566
04/14/2017 02:31:29,282,10.8,2380.920,334.25,2.59,53,129,566
04/14/2017 02:31:39,294,10.8,2382.910,335.75,2.57,53,131,566
04/14/2017 02:31:49,271,10.8,2385.000,335.60,2.56,53,134,566
04/14/2017 02:31:59,269,10.8,2386.940,335.03,2.56,52,135,566
04/14/2017 02:32:09,248,10.8,2388.990,335.25,2.56,53,133,566
04/14/2017 02:32:19,253,10.8,2391.070,335.09,2.56,55,136,566
04/14/2017 02:32:29,266,10.8,2393.200,335.52,2.55,53,136,566
04/14/2017 02:32:39,300,10.8,2395.170,335.39,2.54,54,135,566
04/14/2017 02:32:49,242,10.7,2397.280,335.74,2.54,54,136,566
04/14/2017 02:32:59,275,10.7,2399.410,336.20,2.53,53,144,566
04/14/2017 02:33:09,269,10.8,2401.580,336.50,2.52,52,137,566
04/14/2017 02:33:19,293,10.8,2403.500,335.87,2.52,51,141,566
04/14/2017 02:33:29,258,10.8,2405.600,335.88,2.52,54,142,566
04/14/2017 02:33:39,267,10.8,2407.620,335.38,2.52,53,144,566
04/14/2017 02:33:49,246,10.7,2409.790,335.49,2.51,53,134,566
04/14/2017 02:33:59,260,10.8,2411.830,335.83,2.51,55,147,566
04/14/2017 02:34:09,275,10.8,2414.020,336.06,2.50,54,142,566
04/14/2017 02:34:19,246,10.7,2416.130,336.40,2.49,52,141,566
04/14/2017 02:34:29,249,10.7,2418.010,336.75,2.48,54,145,566
04/14/2017 02:34:39,240,10.8,2419.950,336.67,2.48,54,144,566
04/14/2017 02:34:49,296,10.8,2422.000,336.58,2.47,51,155,566
04/14/2017 02:34:59,257,10.7,2424.160,337.34,2.47,54,141,566
04/14/2017 02:35:09,287,10.8,2426.150,336.68,2.47,53,139,566
04/14/2017 02:35:19,265,10.8,2428.240,337.09,2.46,52,140,566
04/14/2017 02:35:29,233,10.8,2430.250,336.71,2.46,53,141,566
04/14/2017 02:35:39,249,10.8,2432.320,337.28,2.46,53,147,566
04/14/2017 02:35:49,215,10.7,2434.270,336.86,2.46,52,145,566
04/14/2017 02:35:59,267,10.8,2436.330,337.13,2.45,55,142,566
04/14/2017 02:36:09,274,10.8,2438.410,336.60,2.45,53,139,566
04/14/2017 02:36:19,285,10.7,2440.720,336.35,2.44,53,136,566
04/14/2017 02:36:29,235,10.7,2442.870,336.80,2.42,53,145,566
04/14/2017 02:36:39,217,10.7,2444.930,338.43,2.40,53,144,566
04/14/2017 02:36:49,234,10.7,2446.970,338.22,2.39,53,159,566
04/14/2017 02:36:59,293,10.7,2449.100,338.99,2.39,53,143,566
04/14/2017 02:37:09,216,10.7,2451.370,338.36,2.38,53,156,566
04/14/2017 02:37:19,234,10.7,2453.270,338.74,2.38,54,150,566
04/14/2017 02:37:29,241,10.7,2455.340,338.37,2.37,53,151,566
04/14/2017 02:37:39,269,10.8,2457.440,338.49,2.37,55,144,566
04/14/2017 02:37:49,227,10.8,2459.490,338.96,2.36,53,154,566
04/14/2017 02:37:59,230,10.8,2461.510,339.27,2.36,53,148,566
04/14/2017 02:38:09,240,10.7,2463.570,338.65,2.36,53,159,566
04/14/2017 02:38:19,245,10.9,2465.630,338.98,2.35,53,153,566
04/14/2017 02:38:29,246,10.8,2467.530,338.69,2.35,54,147,566
04/14/2017 02:38:39,273,10.8,2469.520,339.34,2.34,52,146,566
04/14/2017 02:38:49,256,10.8,2471.410,339.25,2.34,53,151,566
04/14/2017 02:38:59,219,10.8,2473.310,339.28,2.32,52,159,566
04/14/2017 02:39:09,206,10.7,2475.380,339.49,2.32,55,143,566
04/14/2017 02:39:19,254,10.8,2477.400,339.52,2.32,53,148,566
04/14/2017 02:39:29,256,10.8,2479.180,339.11,2.32,53,144,566
04/14/2017 02:39:39,263,10.8,2481.030,338.70,2.31,53,154,566
04/14/2017 02:39:49,229,10.8,2482.930,338.42,2.31,53,146,566
04/14/2017 02:39:59,260,10.8,2484.930,338.96,2.30,53,139,566
04/14/2017 02:40:09,222,10.8,2486.910,338.52,2.30,52,148,566
04/14/2017 02:40:19,224,10.8,2488.710,338.88,2.30,54,146,566
04/14/2017 02:40:29,224,10.8,2490.660,338.25,2.30,54,144,566
04/14/2017 02:40:39,259,10.8,2492.610,337.43,2.30,54,153,566
04/14/2017 02:40:49,268,10.8,2494.820,337.97,2.29,53,135,566
04/14/2017 02:40:59,234,10.9,2496.890,337.98,2.29,53,141,566
04/14/2017 02:41:09,209,10.8,2498.740,337.80,2.29,54,145,566
04/14/2017 02:41:19,238,10.9,2500.430,337.18,2.29,53,132,566
04/14/2017 02:41:29,215,10.7,2502.460,337.04,2.28,55,129,566
04/14/2017 02:41:39,231,10.8,2504.440,338.14,2.27,51,126,566
04/14/2017 02:41:49,220,10.8,2506.310,337.09,2.26,53,127,566
04/14/2017 02:41:59,236,10.8,2508.440,337.54,2.26,54,143,566
04/14/2017 02:42:09,219,10.8,2510.270,337.64,2.26,53,126,566
04/14/2017 02:42:19,237,10.8,2512.230,337.69,2.25,53,133,566
04/14/2017 02:42:29,278,10.8,2514.200,337.98,2.25,52,126,566
04/14/2017 02:42:39,225,10.9,2516.210,338.11,2.24,54,127,566
04/14/2017 02:42:49,208,10.8,2518.090,337.91,2.23,53,128,566
04/14/2017 02:42:59,215,10.8,2519.740,338.84,2.22,53,132,566
04/14/2017 02:43:09,240,10.7,2521.600,338.95,2.20,52,137,566
04/14/2017 02:43:19,201,10.8,2523.330,339.62,2.19,53,128,566
04/14/2017 02:43:29,223,10.8,2524.900,339.32,2.18,55,131,566
04/14/2017 02:43:39,263,10.8,2526.680,339.62,2.18,54,149,566
04/14/2017 02:43:49,259,10.8,2528.600,339.37,2.17,54,125,566

 Ramp exit:    SMOOTH RUNNING
 Profile exit: BOTTOM PRESSURE

 Vehicle motion stopped at 04/14/2017 02:43:53
 Sensor logging stopped at 04/14/2017 02:46:01
