
 Profile 324

 Sensors were turned on at  04/07/2017 08:00:02
 Vehicle began profiling at 04/07/2017 08:02:04

Date,[mA],[V],[dbar],Oxygen[uM],Optode Temp[C],Chl,NTU,Therm
04/07/2017 08:02:04,0,11.0,0.000,0.00,0.00,97,129,567
04/07/2017 08:02:14,200,10.8,0.000,0.00,0.00,88,130,567
04/07/2017 08:02:24,168,10.9,0.000,0.00,0.00,87,128,567
04/07/2017 08:02:37,315,10.7,183.220,383.60,3.61,87,129,567
04/07/2017 08:02:47,178,10.9,186.180,383.44,3.61,86,128,567
04/07/2017 08:02:57,142,10.9,188.930,383.53,3.61,86,126,567
04/07/2017 08:03:07,122,11.0,191.670,383.68,3.61,86,127,567
04/07/2017 08:03:17,110,11.0,194.320,383.04,3.61,86,125,567
04/07/2017 08:03:27,176,10.9,197.050,384.38,3.61,85,131,567
04/07/2017 08:03:37,187,10.9,199.620,383.60,3.61,86,126,566
04/07/2017 08:03:47,147,10.9,202.360,382.93,3.61,85,126,566
04/07/2017 08:03:57,103,11.0,204.890,383.33,3.60,80,126,566
04/07/2017 08:04:07,135,10.9,207.740,382.39,3.60,86,127,566
04/07/2017 08:04:17,163,10.9,210.360,382.47,3.60,85,126,566
04/07/2017 08:04:27,138,10.9,213.090,383.35,3.60,86,130,566
04/07/2017 08:04:37,116,10.9,215.790,381.54,3.60,85,125,566
04/07/2017 08:04:47,143,10.9,218.520,382.93,3.60,86,125,566
04/07/2017 08:04:57,131,10.9,221.220,382.55,3.60,84,125,566
04/07/2017 08:05:07,129,10.9,223.760,381.59,3.60,84,124,566
04/07/2017 08:05:17,141,10.9,226.550,382.33,3.60,84,125,566
04/07/2017 08:05:27,120,10.9,229.290,382.30,3.60,82,126,566
04/07/2017 08:05:37,152,10.9,231.900,382.08,3.60,85,125,566
04/07/2017 08:05:47,163,10.8,234.590,382.67,3.61,85,125,566
04/07/2017 08:05:57,118,10.9,237.250,380.92,3.61,86,126,566
04/07/2017 08:06:07,102,10.9,239.930,383.23,3.61,86,125,566
04/07/2017 08:06:17,139,10.9,242.610,381.93,3.60,80,123,566
04/07/2017 08:06:27,147,10.8,245.250,380.71,3.60,78,122,566
04/07/2017 08:06:37,134,10.9,248.020,381.69,3.60,85,126,566
04/07/2017 08:06:47,139,10.8,250.730,382.32,3.61,83,125,566
04/07/2017 08:06:57,144,10.9,253.340,381.35,3.60,82,124,566
04/07/2017 08:07:07,152,10.9,256.110,381.16,3.60,79,124,566
04/07/2017 08:07:17,127,10.9,258.780,380.87,3.59,75,124,566
04/07/2017 08:07:27,123,10.9,261.390,381.37,3.59,75,123,565
04/07/2017 08:07:37,137,10.9,264.090,380.51,3.59,77,123,566
04/07/2017 08:07:47,137,10.8,266.810,380.99,3.59,76,124,565
04/07/2017 08:07:57,126,10.9,269.400,380.84,3.60,78,124,565
04/07/2017 08:08:07,163,10.8,272.060,379.92,3.60,75,122,565
04/07/2017 08:08:17,132,10.9,274.800,379.54,3.59,76,121,565
04/07/2017 08:08:27,136,10.9,277.520,379.85,3.59,72,121,565
04/07/2017 08:08:37,136,10.9,280.140,379.22,3.58,74,124,565
04/07/2017 08:08:47,146,10.8,282.810,379.25,3.57,73,127,566
04/07/2017 08:08:57,148,10.8,285.520,380.53,3.57,75,122,565
04/07/2017 08:09:07,135,10.8,288.200,380.26,3.57,75,123,565
04/07/2017 08:09:17,143,10.9,290.880,379.82,3.57,73,124,565
04/07/2017 08:09:27,145,10.8,293.460,379.79,3.57,73,124,565
04/07/2017 08:09:37,139,10.8,296.080,380.21,3.57,74,122,565
04/07/2017 08:09:47,136,10.8,298.870,380.33,3.57,74,122,565
04/07/2017 08:09:57,137,10.9,301.370,378.98,3.57,74,121,565
04/07/2017 08:10:07,153,10.8,304.200,379.55,3.57,74,122,565
04/07/2017 08:10:17,176,10.8,306.830,379.36,3.57,74,126,565
04/07/2017 08:10:27,157,10.8,309.600,379.65,3.57,74,124,565
04/07/2017 08:10:37,117,10.9,312.230,379.68,3.57,74,123,565
04/07/2017 08:10:47,138,10.8,314.850,380.17,3.57,73,123,565
04/07/2017 08:10:57,160,10.8,317.480,378.75,3.57,74,123,565
04/07/2017 08:11:07,164,10.8,320.110,379.71,3.57,75,125,565
04/07/2017 08:11:17,150,10.8,322.770,380.13,3.57,75,123,565
04/07/2017 08:11:27,150,10.9,325.480,379.51,3.57,75,125,565
04/07/2017 08:11:37,154,10.8,328.060,379.68,3.57,75,124,565
04/07/2017 08:11:47,128,10.8,330.700,380.26,3.57,74,124,565
04/07/2017 08:11:57,135,10.8,333.460,379.70,3.57,75,122,565
04/07/2017 08:12:07,149,10.9,336.010,379.47,3.57,73,124,565
04/07/2017 08:12:17,125,10.8,338.650,379.62,3.57,75,124,565
04/07/2017 08:12:27,139,10.8,341.320,378.96,3.57,74,123,565
04/07/2017 08:12:37,142,10.8,343.950,379.69,3.57,74,123,565
04/07/2017 08:12:47,144,10.8,346.720,380.22,3.57,74,123,565
04/07/2017 08:12:57,135,10.9,349.320,379.40,3.57,74,124,565
04/07/2017 08:13:07,126,10.9,352.020,379.26,3.57,75,125,565
04/07/2017 08:13:17,133,10.9,354.610,379.33,3.57,73,123,565
04/07/2017 08:13:27,152,10.8,357.410,379.86,3.57,74,124,565
04/07/2017 08:13:37,164,10.8,359.950,379.58,3.57,74,124,565
04/07/2017 08:13:47,150,10.8,362.640,379.38,3.56,73,125,565
04/07/2017 08:13:57,137,10.8,365.380,378.78,3.57,73,124,565
04/07/2017 08:14:07,101,10.9,368.060,379.48,3.56,72,124,565
04/07/2017 08:14:17,146,10.9,370.690,378.71,3.56,72,123,565
04/07/2017 08:14:27,160,10.8,373.370,379.45,3.56,71,122,565
04/07/2017 08:14:37,161,10.8,375.930,378.95,3.56,73,125,565
04/07/2017 08:14:47,163,10.8,378.690,378.03,3.56,72,123,565
04/07/2017 08:14:57,164,10.8,381.340,378.79,3.56,72,121,565
04/07/2017 08:15:07,132,10.9,383.880,378.16,3.56,71,124,565
04/07/2017 08:15:17,119,10.9,386.700,378.29,3.56,71,124,565
04/07/2017 08:15:27,155,10.8,389.240,378.48,3.56,70,123,565
04/07/2017 08:15:37,179,10.8,391.930,378.48,3.56,71,123,565
04/07/2017 08:15:47,158,10.8,394.650,378.54,3.56,72,123,565
04/07/2017 08:15:57,134,10.9,397.190,378.32,3.56,71,123,565
04/07/2017 08:16:07,147,10.8,399.860,377.88,3.56,72,122,565
04/07/2017 08:16:17,172,10.8,402.550,378.91,3.56,72,124,565
04/07/2017 08:16:27,149,10.8,405.130,377.58,3.56,71,122,565
04/07/2017 08:16:37,148,10.8,407.810,377.88,3.56,72,124,565
04/07/2017 08:16:47,167,10.8,410.540,378.24,3.56,71,123,565
04/07/2017 08:16:57,165,10.8,413.170,377.24,3.56,72,123,565
04/07/2017 08:17:07,160,10.8,415.760,377.79,3.56,71,120,565
04/07/2017 08:17:17,153,10.8,418.570,377.48,3.56,71,124,565
04/07/2017 08:17:27,153,10.8,421.160,378.57,3.56,72,124,565
04/07/2017 08:17:37,160,10.8,423.770,378.59,3.57,72,122,565
04/07/2017 08:17:47,158,10.8,426.390,377.43,3.57,72,124,565
04/07/2017 08:17:57,153,10.8,429.040,377.44,3.57,73,125,565
04/07/2017 08:18:07,132,10.9,431.790,377.55,3.57,72,125,565
04/07/2017 08:18:17,151,10.8,434.480,377.06,3.57,71,124,565
04/07/2017 08:18:27,182,10.8,437.060,377.28,3.57,72,125,565
04/07/2017 08:18:37,156,10.8,439.660,377.16,3.57,72,123,565
04/07/2017 08:18:47,155,10.8,442.400,377.28,3.57,73,121,565
04/07/2017 08:18:57,154,10.8,445.050,377.11,3.57,73,125,565
04/07/2017 08:19:07,157,10.8,447.640,377.39,3.57,71,123,565
04/07/2017 08:19:17,140,10.8,450.350,377.75,3.57,71,122,565
04/07/2017 08:19:27,143,10.9,452.910,377.83,3.57,73,123,565
04/07/2017 08:19:37,168,10.8,455.680,377.22,3.57,73,124,565
04/07/2017 08:19:47,176,10.8,458.170,377.99,3.57,71,123,565
04/07/2017 08:19:57,136,10.9,460.950,376.80,3.57,72,123,565
04/07/2017 08:20:07,143,10.8,463.530,377.88,3.57,71,123,565
04/07/2017 08:20:17,156,10.8,466.270,376.88,3.57,72,122,565
04/07/2017 08:20:27,146,10.8,468.910,378.69,3.57,73,124,565
04/07/2017 08:20:37,155,10.8,471.450,376.48,3.57,72,123,565
04/07/2017 08:20:47,154,10.9,474.180,376.80,3.57,72,122,565
04/07/2017 08:20:57,151,10.8,476.840,377.00,3.57,71,123,565
04/07/2017 08:21:07,152,10.8,479.350,377.69,3.57,72,123,565
04/07/2017 08:21:17,163,10.8,482.150,376.68,3.57,71,122,565
04/07/2017 08:21:27,149,10.8,484.730,377.01,3.57,73,125,565
04/07/2017 08:21:37,142,10.9,487.350,376.19,3.57,71,122,565
04/07/2017 08:21:47,154,10.8,490.090,377.73,3.57,72,121,565
04/07/2017 08:21:57,175,10.8,492.680,376.70,3.57,71,123,565
04/07/2017 08:22:07,179,10.8,495.270,376.78,3.57,71,123,565
04/07/2017 08:22:17,150,10.8,497.980,376.90,3.57,72,123,565
04/07/2017 08:22:27,150,10.9,500.670,377.00,3.57,72,125,565
04/07/2017 08:22:37,159,10.8,503.260,376.63,3.57,72,124,565
04/07/2017 08:22:47,151,10.8,506.010,376.45,3.57,73,124,565
04/07/2017 08:22:57,136,10.9,508.500,377.60,3.57,71,125,565
04/07/2017 08:23:07,126,10.9,511.260,375.69,3.57,71,122,565
04/07/2017 08:23:17,140,10.9,513.780,376.98,3.57,72,122,565
04/07/2017 08:23:27,148,10.8,516.520,377.02,3.57,71,122,565
04/07/2017 08:23:37,148,10.8,519.240,377.12,3.57,72,123,565
04/07/2017 08:23:47,165,10.8,521.780,376.22,3.57,72,124,565
04/07/2017 08:23:57,166,10.8,524.420,376.26,3.57,71,123,565
04/07/2017 08:24:07,167,10.8,527.130,376.76,3.57,73,122,564
04/07/2017 08:24:17,124,10.8,529.750,376.87,3.57,72,123,565
04/07/2017 08:24:27,142,10.9,532.310,376.40,3.57,71,122,565
04/07/2017 08:24:37,155,10.8,534.890,376.61,3.57,73,125,565
04/07/2017 08:24:47,150,10.8,537.690,375.81,3.57,71,124,565
04/07/2017 08:24:57,167,10.8,540.360,376.49,3.57,72,124,565
04/07/2017 08:25:07,167,10.9,542.890,376.39,3.57,72,121,565
04/07/2017 08:25:17,125,10.9,545.600,376.60,3.57,73,122,565
04/07/2017 08:25:27,124,10.9,548.250,375.94,3.57,70,124,565
04/07/2017 08:25:37,174,10.8,550.900,375.01,3.57,71,124,565
04/07/2017 08:25:47,159,10.8,553.610,376.04,3.57,72,123,565
04/07/2017 08:25:57,147,10.9,556.070,376.14,3.57,73,122,565
04/07/2017 08:26:07,157,10.8,558.690,376.18,3.57,71,122,565
04/07/2017 08:26:17,149,10.9,561.350,376.50,3.57,72,123,565
04/07/2017 08:26:27,168,10.8,564.060,375.35,3.57,71,123,565
04/07/2017 08:26:37,130,10.9,566.770,375.70,3.57,72,121,565
04/07/2017 08:26:47,144,10.8,569.320,375.59,3.57,72,123,565
04/07/2017 08:26:57,167,10.8,572.000,375.07,3.57,73,123,565
04/07/2017 08:27:07,167,10.8,574.650,375.83,3.57,71,123,565
04/07/2017 08:27:17,143,10.8,577.200,375.24,3.57,73,124,565
04/07/2017 08:27:27,150,10.8,579.890,374.96,3.57,73,125,565
04/07/2017 08:27:37,167,10.8,582.640,374.88,3.57,71,124,565
04/07/2017 08:27:47,178,10.8,585.130,376.07,3.57,73,124,565
04/07/2017 08:27:57,165,10.8,587.810,375.87,3.57,73,122,564
04/07/2017 08:28:07,143,10.9,590.470,375.77,3.57,72,125,565
04/07/2017 08:28:17,167,10.9,592.970,376.76,3.57,72,126,565
04/07/2017 08:28:27,167,10.8,595.660,375.19,3.57,74,123,565
04/07/2017 08:28:37,164,10.8,598.320,375.01,3.57,72,122,565
04/07/2017 08:28:47,155,10.8,601.010,375.24,3.57,72,124,565
04/07/2017 08:28:57,157,10.8,603.640,375.69,3.57,72,122,565
04/07/2017 08:29:07,165,10.8,606.250,376.13,3.58,73,123,565
04/07/2017 08:29:17,178,10.8,608.800,375.27,3.57,72,123,565
04/07/2017 08:29:27,177,10.8,611.470,374.90,3.57,71,122,565
04/07/2017 08:29:37,165,10.8,614.240,375.29,3.57,71,126,565
04/07/2017 08:29:47,143,10.8,616.820,375.63,3.57,72,123,565
04/07/2017 08:29:57,154,10.8,619.460,374.80,3.57,73,123,565
04/07/2017 08:30:07,184,10.8,622.180,375.13,3.58,71,123,564
04/07/2017 08:30:17,190,10.8,624.800,375.59,3.58,73,124,565
04/07/2017 08:30:27,148,10.8,627.330,374.87,3.58,73,123,565
04/07/2017 08:30:37,147,10.8,630.050,374.91,3.58,71,124,565
04/07/2017 08:30:47,152,10.8,632.670,374.12,3.58,72,121,565
04/07/2017 08:30:57,149,10.8,635.250,375.50,3.58,70,121,564
04/07/2017 08:31:07,144,10.8,637.840,374.34,3.57,72,123,565
04/07/2017 08:31:17,152,10.8,640.600,375.10,3.58,72,122,564
04/07/2017 08:31:27,161,10.8,643.150,374.62,3.57,72,124,565
04/07/2017 08:31:37,143,10.8,645.860,374.22,3.57,72,123,565
04/07/2017 08:31:47,135,10.8,648.390,375.09,3.57,73,124,565
04/07/2017 08:31:57,143,10.8,651.060,374.11,3.58,71,124,565
04/07/2017 08:32:07,165,10.8,653.780,374.15,3.58,73,122,565
04/07/2017 08:32:17,157,10.8,656.300,374.25,3.57,73,122,565
04/07/2017 08:32:27,133,10.9,659.020,374.62,3.58,71,122,564
04/07/2017 08:32:37,138,10.8,661.600,374.70,3.58,73,124,565
04/07/2017 08:32:47,156,10.8,664.290,374.10,3.58,74,120,564
04/07/2017 08:32:57,166,10.8,666.870,373.87,3.58,70,123,565
04/07/2017 08:33:07,161,10.8,669.470,374.33,3.58,71,124,564
04/07/2017 08:33:17,157,10.8,672.210,374.03,3.58,72,122,565
04/07/2017 08:33:27,155,10.8,674.740,374.24,3.58,72,123,564
04/07/2017 08:33:37,157,10.8,677.470,373.52,3.58,72,122,565
04/07/2017 08:33:47,145,10.8,679.960,373.31,3.58,72,123,565
04/07/2017 08:33:57,147,10.8,682.760,373.94,3.58,72,122,565
04/07/2017 08:34:07,157,10.8,685.270,373.89,3.58,71,123,565
04/07/2017 08:34:17,146,10.8,688.000,373.56,3.58,72,122,565
04/07/2017 08:34:27,154,10.8,690.550,374.16,3.58,72,122,564
04/07/2017 08:34:37,128,10.8,693.260,374.29,3.58,71,123,565
04/07/2017 08:34:47,165,10.8,695.920,373.11,3.58,73,122,565
04/07/2017 08:34:57,158,10.8,698.520,373.81,3.58,72,122,564
04/07/2017 08:35:07,160,10.8,701.040,374.27,3.58,72,126,565
04/07/2017 08:35:17,163,10.8,703.840,373.66,3.58,72,124,565
04/07/2017 08:35:27,177,10.8,706.430,374.02,3.58,73,123,565
04/07/2017 08:35:37,152,10.8,708.970,373.75,3.58,73,123,565
04/07/2017 08:35:47,151,10.8,711.750,374.44,3.58,72,124,565
04/07/2017 08:35:57,169,10.8,714.260,373.65,3.58,71,122,565
04/07/2017 08:36:07,173,10.8,716.940,373.31,3.58,71,123,564
04/07/2017 08:36:17,157,10.8,719.580,373.45,3.58,72,120,565
04/07/2017 08:36:27,155,10.8,722.080,373.90,3.58,71,124,564
04/07/2017 08:36:37,156,10.8,724.870,373.23,3.58,72,123,565
04/07/2017 08:36:47,147,10.8,727.380,373.10,3.58,71,122,565
04/07/2017 08:36:57,145,10.8,730.130,372.80,3.57,69,122,565
04/07/2017 08:37:07,140,10.9,732.710,373.02,3.57,69,120,565
04/07/2017 08:37:17,177,10.8,735.270,372.92,3.57,69,121,565
04/07/2017 08:37:27,159,10.8,737.970,372.12,3.57,69,121,565
04/07/2017 08:37:37,162,10.8,740.570,372.95,3.57,68,121,565
04/07/2017 08:37:47,145,10.8,743.260,372.67,3.56,68,121,565
04/07/2017 08:37:57,161,10.8,745.850,372.28,3.56,70,121,565
04/07/2017 08:38:07,157,10.8,748.480,372.26,3.56,67,121,565
04/07/2017 08:38:17,162,10.8,751.170,371.83,3.56,68,121,565
04/07/2017 08:38:27,161,10.9,753.720,370.83,3.56,68,120,564
04/07/2017 08:38:37,152,10.8,756.340,372.06,3.55,67,122,565
04/07/2017 08:38:47,138,10.9,759.080,370.85,3.55,68,122,564
04/07/2017 08:38:57,167,10.8,761.590,370.52,3.55,68,120,565
04/07/2017 08:39:07,170,10.8,764.210,370.92,3.55,69,121,565
04/07/2017 08:39:17,163,10.8,766.930,371.26,3.54,68,121,564
04/07/2017 08:39:27,173,10.8,769.550,370.47,3.54,67,120,565
04/07/2017 08:39:37,149,10.9,772.220,371.62,3.54,66,120,565
04/07/2017 08:39:47,142,10.9,774.810,369.72,3.54,66,121,565
04/07/2017 08:39:57,162,10.8,777.370,369.92,3.54,67,120,565
04/07/2017 08:40:07,175,10.8,780.110,370.25,3.53,66,120,565
04/07/2017 08:40:17,177,10.8,782.640,369.52,3.53,65,122,565
04/07/2017 08:40:27,168,10.8,785.300,369.55,3.53,64,120,565
04/07/2017 08:40:37,155,10.8,787.920,369.10,3.52,64,118,565
04/07/2017 08:40:47,145,10.9,790.480,370.07,3.52,63,120,565
04/07/2017 08:40:57,156,10.8,793.140,368.77,3.52,64,117,565
04/07/2017 08:41:07,166,10.8,795.740,368.67,3.51,61,119,565
04/07/2017 08:41:17,181,10.8,798.440,368.45,3.51,61,120,565
04/07/2017 08:41:27,159,10.8,800.990,367.58,3.51,63,121,565
04/07/2017 08:41:37,149,10.9,803.710,367.32,3.49,58,119,565
04/07/2017 08:41:47,176,10.8,806.240,366.93,3.48,56,117,565
04/07/2017 08:41:57,177,10.8,808.820,365.10,3.47,57,120,565
04/07/2017 08:42:07,188,10.8,811.580,365.14,3.46,55,117,565
04/07/2017 08:42:17,164,10.8,814.140,364.82,3.45,55,117,565
04/07/2017 08:42:27,159,10.9,816.790,364.43,3.44,54,117,565
04/07/2017 08:42:37,179,10.8,819.350,363.03,3.44,54,118,565
04/07/2017 08:42:47,176,10.8,821.920,363.52,3.43,54,115,565
04/07/2017 08:42:57,176,10.8,824.740,363.35,3.43,54,117,565
04/07/2017 08:43:07,175,10.8,827.190,361.97,3.42,53,118,565
04/07/2017 08:43:17,154,10.8,829.890,362.15,3.42,52,116,565
04/07/2017 08:43:27,162,10.8,832.550,363.09,3.42,53,114,565
04/07/2017 08:43:37,159,10.8,835.010,361.69,3.42,52,116,565
04/07/2017 08:43:47,172,10.8,837.660,361.61,3.42,53,116,565
04/07/2017 08:43:57,171,10.8,840.290,361.82,3.42,52,116,565
04/07/2017 08:44:07,149,10.8,843.010,362.04,3.42,52,114,565
04/07/2017 08:44:17,153,10.9,845.550,361.58,3.42,53,115,565
04/07/2017 08:44:27,142,10.8,848.120,361.92,3.41,51,117,565
04/07/2017 08:44:37,162,10.8,850.840,361.60,3.41,53,115,565
04/07/2017 08:44:47,173,10.8,853.400,361.78,3.41,53,115,565
04/07/2017 08:44:57,164,10.8,855.940,361.30,3.41,52,116,565
04/07/2017 08:45:07,181,10.8,858.720,361.65,3.41,52,114,565
04/07/2017 08:45:17,156,10.8,861.130,362.33,3.41,52,116,565
04/07/2017 08:45:27,166,10.8,863.810,361.46,3.41,51,123,565
04/07/2017 08:45:37,188,10.8,866.570,360.84,3.41,54,123,565
04/07/2017 08:45:47,191,10.8,869.010,361.47,3.41,53,116,565
04/07/2017 08:45:57,180,10.8,871.700,361.22,3.40,50,116,565
04/07/2017 08:46:07,164,10.8,874.290,362.01,3.40,51,114,565
04/07/2017 08:46:17,160,10.8,876.750,361.86,3.40,51,117,565
04/07/2017 08:46:27,173,10.8,879.580,361.09,3.40,51,116,565
04/07/2017 08:46:37,160,10.8,882.160,362.52,3.40,53,115,565
04/07/2017 08:46:47,152,10.8,884.790,360.55,3.40,53,115,565
04/07/2017 08:46:57,176,10.8,887.360,361.54,3.40,54,113,565
04/07/2017 08:47:07,167,10.8,890.000,361.28,3.40,51,115,565
04/07/2017 08:47:17,155,10.9,892.610,361.48,3.40,53,115,565
04/07/2017 08:47:27,164,10.8,895.120,361.63,3.40,52,114,565
04/07/2017 08:47:37,170,10.9,897.770,360.95,3.40,54,116,565
04/07/2017 08:47:47,176,10.8,900.500,361.19,3.40,52,117,565
04/07/2017 08:47:57,183,10.8,902.980,361.32,3.40,50,116,565
04/07/2017 08:48:07,182,10.8,905.530,360.81,3.40,52,117,565
04/07/2017 08:48:17,156,10.9,908.310,361.24,3.40,54,114,565
04/07/2017 08:48:27,160,10.8,910.860,360.86,3.40,52,116,565
04/07/2017 08:48:37,161,10.8,913.430,361.16,3.39,51,119,565
04/07/2017 08:48:47,176,10.8,916.000,360.42,3.39,52,114,565
04/07/2017 08:48:57,152,10.9,918.660,360.52,3.39,52,115,565
04/07/2017 08:49:07,180,10.8,921.210,361.09,3.39,52,116,565
04/07/2017 08:49:17,166,10.8,923.880,360.49,3.39,53,115,565
04/07/2017 08:49:27,146,10.9,926.430,360.14,3.39,54,115,565
04/07/2017 08:49:37,162,10.8,929.030,360.13,3.39,53,114,565
04/07/2017 08:49:47,177,10.8,931.640,359.88,3.38,52,121,565
04/07/2017 08:49:57,192,10.8,934.220,360.73,3.38,52,115,565
04/07/2017 08:50:07,179,10.8,936.850,360.85,3.38,52,116,565
04/07/2017 08:50:17,171,10.8,939.520,360.86,3.38,52,122,565
04/07/2017 08:50:27,149,10.8,942.120,361.22,3.38,53,116,565
04/07/2017 08:50:37,160,10.8,944.610,360.52,3.38,52,115,565
04/07/2017 08:50:47,149,10.8,947.250,359.72,3.38,52,117,565
04/07/2017 08:50:57,166,10.8,949.810,359.42,3.38,52,117,565
04/07/2017 08:51:07,195,10.8,952.350,360.45,3.38,52,117,565
04/07/2017 08:51:17,169,10.8,954.980,360.65,3.38,51,116,565
04/07/2017 08:51:27,166,10.9,957.550,360.50,3.37,53,118,565
04/07/2017 08:51:37,178,10.8,960.160,359.72,3.37,52,116,565
04/07/2017 08:51:47,192,10.8,962.830,359.78,3.37,52,116,565
04/07/2017 08:51:57,141,10.9,965.360,359.81,3.37,53,114,565
04/07/2017 08:52:07,170,10.8,967.990,360.72,3.37,52,116,565
04/07/2017 08:52:17,165,10.8,970.680,359.95,3.37,51,115,565
04/07/2017 08:52:27,177,10.8,973.230,360.59,3.37,52,116,565
04/07/2017 08:52:37,177,10.8,975.770,360.12,3.37,52,116,565
04/07/2017 08:52:47,164,10.9,978.380,360.15,3.37,52,115,565
04/07/2017 08:52:57,196,10.8,981.010,360.08,3.37,51,116,565
04/07/2017 08:53:07,185,10.8,983.460,359.95,3.37,52,114,565
04/07/2017 08:53:17,175,10.8,986.130,360.05,3.37,52,114,565
04/07/2017 08:53:27,140,10.8,988.760,360.14,3.36,52,116,565
04/07/2017 08:53:37,163,10.8,991.330,360.08,3.36,53,115,565
04/07/2017 08:53:47,189,10.8,993.910,359.34,3.36,51,116,565
04/07/2017 08:53:57,189,10.8,996.570,359.69,3.36,51,117,565
04/07/2017 08:54:07,197,10.8,999.030,360.26,3.36,52,117,565
04/07/2017 08:54:17,195,10.9,1001.710,360.37,3.36,52,117,565
04/07/2017 08:54:27,201,10.8,1004.140,359.76,3.36,53,115,565
04/07/2017 08:54:37,172,10.8,1006.850,360.22,3.36,53,117,565
04/07/2017 08:54:47,180,10.8,1009.380,359.65,3.36,52,116,565
04/07/2017 08:54:57,168,10.9,1012.030,359.51,3.36,52,117,565
04/07/2017 08:55:07,167,10.8,1014.610,359.65,3.36,53,117,565
04/07/2017 08:55:17,168,10.8,1017.100,359.47,3.36,52,116,565
04/07/2017 08:55:27,178,10.8,1019.720,359.54,3.35,52,117,565
04/07/2017 08:55:37,194,10.8,1022.380,359.34,3.35,52,117,565
04/07/2017 08:55:47,183,10.8,1025.010,360.42,3.35,51,115,565
04/07/2017 08:55:57,161,10.8,1027.580,360.05,3.35,52,119,565
04/07/2017 08:56:07,175,10.9,1030.200,359.11,3.36,52,115,565
04/07/2017 08:56:17,181,10.8,1032.670,359.28,3.36,53,114,565
04/07/2017 08:56:27,196,10.8,1035.300,358.79,3.35,54,116,565
04/07/2017 08:56:37,183,10.8,1037.810,359.56,3.35,52,117,565
04/07/2017 08:56:47,181,10.8,1040.420,360.12,3.35,52,114,565
04/07/2017 08:56:57,188,10.8,1043.160,360.09,3.35,52,115,565
04/07/2017 08:57:07,182,10.8,1045.610,358.66,3.35,52,116,565
04/07/2017 08:57:17,182,10.8,1048.260,358.47,3.35,52,117,565
04/07/2017 08:57:27,173,10.9,1050.800,359.48,3.35,52,115,565
04/07/2017 08:57:37,173,10.8,1053.380,359.34,3.35,52,116,565
04/07/2017 08:57:47,178,10.8,1056.010,358.43,3.35,51,117,565
04/07/2017 08:57:57,191,10.9,1058.540,359.91,3.35,52,115,565
04/07/2017 08:58:07,176,10.9,1061.130,359.07,3.34,53,116,565
04/07/2017 08:58:17,178,10.8,1063.610,358.94,3.34,52,115,565
04/07/2017 08:58:27,180,10.8,1066.170,358.74,3.34,52,114,565
04/07/2017 08:58:37,191,10.8,1068.740,359.46,3.34,51,116,565
04/07/2017 08:58:47,173,10.8,1071.440,359.21,3.34,51,115,565
04/07/2017 08:58:57,187,10.8,1074.040,358.96,3.34,51,114,565
04/07/2017 08:59:07,193,10.9,1076.670,358.92,3.34,54,115,565
04/07/2017 08:59:17,179,10.8,1079.080,359.13,3.34,51,116,565
04/07/2017 08:59:27,166,10.8,1081.630,358.94,3.34,52,114,565
04/07/2017 08:59:37,183,10.8,1084.390,358.33,3.34,51,120,565
04/07/2017 08:59:47,184,10.8,1086.810,359.42,3.33,51,116,565
04/07/2017 08:59:57,189,10.9,1089.500,358.78,3.33,53,116,565
04/07/2017 09:00:07,168,10.9,1091.900,358.66,3.33,52,115,565
04/07/2017 09:00:17,161,10.9,1094.600,359.22,3.33,51,114,565
04/07/2017 09:00:27,170,10.8,1097.080,358.42,3.33,53,117,565
04/07/2017 09:00:37,183,10.8,1099.750,359.07,3.34,53,115,565
04/07/2017 09:00:47,187,10.8,1102.170,358.83,3.33,53,114,565
04/07/2017 09:00:57,175,10.8,1104.890,357.99,3.33,52,114,565
04/07/2017 09:01:07,183,10.8,1107.350,359.17,3.33,51,117,565
04/07/2017 09:01:17,178,10.9,1109.940,359.25,3.33,53,116,565
04/07/2017 09:01:27,184,10.8,1112.550,358.76,3.33,51,115,565
04/07/2017 09:01:37,192,10.8,1115.050,358.98,3.34,53,112,565
04/07/2017 09:01:47,186,10.8,1117.790,358.23,3.34,51,115,565
04/07/2017 09:01:57,179,10.8,1120.220,358.04,3.34,53,113,565
04/07/2017 09:02:07,169,10.8,1122.870,358.17,3.34,55,115,565
04/07/2017 09:02:17,167,10.9,1125.420,358.22,3.34,51,133,565
04/07/2017 09:02:27,197,10.8,1127.940,357.56,3.34,52,114,565
04/07/2017 09:02:37,181,10.8,1130.560,358.72,3.34,52,114,565
04/07/2017 09:02:47,160,10.9,1133.050,358.19,3.34,52,114,565
04/07/2017 09:02:57,183,10.8,1135.690,358.60,3.34,52,113,565
04/07/2017 09:03:07,183,10.8,1138.130,358.08,3.34,52,115,565
04/07/2017 09:03:17,191,10.8,1140.830,357.73,3.34,52,114,565
04/07/2017 09:03:27,177,10.8,1143.330,357.50,3.34,53,115,565
04/07/2017 09:03:37,161,10.9,1145.850,358.10,3.34,51,112,565
04/07/2017 09:03:47,165,10.8,1148.550,357.93,3.34,52,113,565
04/07/2017 09:03:57,178,10.8,1151.100,358.50,3.34,53,114,565
04/07/2017 09:04:07,174,10.8,1153.650,357.11,3.34,53,113,565
04/07/2017 09:04:17,174,10.8,1156.150,357.67,3.34,52,114,565
04/07/2017 09:04:27,178,10.8,1158.650,357.31,3.34,53,116,565
04/07/2017 09:04:37,180,10.8,1161.290,357.12,3.34,52,114,565
04/07/2017 09:04:47,174,10.9,1163.910,357.45,3.34,52,115,565
04/07/2017 09:04:57,190,10.8,1166.470,358.31,3.34,53,114,565
04/07/2017 09:05:07,174,10.8,1168.990,357.12,3.34,52,116,565
04/07/2017 09:05:17,186,10.8,1171.540,357.19,3.34,51,115,565
04/07/2017 09:05:27,183,10.8,1174.150,358.09,3.34,53,116,565
04/07/2017 09:05:37,186,10.8,1176.800,357.77,3.34,52,117,565
04/07/2017 09:05:47,178,10.8,1179.370,357.85,3.34,52,114,565
04/07/2017 09:05:57,180,10.8,1181.810,357.27,3.34,52,113,565
04/07/2017 09:06:07,193,10.8,1184.540,357.05,3.34,53,114,565
04/07/2017 09:06:17,207,10.8,1187.030,357.97,3.34,51,114,565
04/07/2017 09:06:27,168,10.9,1189.580,357.33,3.34,50,114,565
04/07/2017 09:06:37,187,10.8,1192.160,357.42,3.34,52,114,565
04/07/2017 09:06:47,188,10.8,1194.680,357.35,3.34,53,115,565
04/07/2017 09:06:57,178,10.8,1197.210,356.88,3.34,52,115,565
04/07/2017 09:07:07,187,10.9,1199.680,356.78,3.34,51,113,565
04/07/2017 09:07:17,198,10.8,1202.340,356.79,3.34,52,113,565
04/07/2017 09:07:27,175,10.8,1204.890,356.81,3.34,51,113,565
04/07/2017 09:07:37,198,10.8,1207.400,357.19,3.34,52,115,565
04/07/2017 09:07:47,193,10.8,1210.030,356.76,3.34,53,114,565
04/07/2017 09:07:57,175,10.8,1212.620,357.02,3.34,51,112,565
04/07/2017 09:08:07,173,10.8,1215.180,357.28,3.34,53,114,565
04/07/2017 09:08:17,195,10.8,1217.720,357.06,3.34,52,114,565
04/07/2017 09:08:27,191,10.8,1220.300,356.40,3.34,53,113,565
04/07/2017 09:08:37,169,10.9,1222.810,356.50,3.34,53,115,565
04/07/2017 09:08:47,162,10.9,1225.390,356.86,3.34,53,119,565
04/07/2017 09:08:57,177,10.8,1228.010,356.35,3.34,54,114,565
04/07/2017 09:09:07,181,10.9,1230.560,356.59,3.34,52,114,565
04/07/2017 09:09:17,198,10.8,1233.160,356.42,3.35,53,113,565
04/07/2017 09:09:27,188,10.8,1235.700,355.89,3.35,53,113,565
04/07/2017 09:09:37,188,10.8,1238.270,355.58,3.35,51,112,565
04/07/2017 09:09:47,200,10.8,1240.780,356.76,3.35,52,113,565
04/07/2017 09:09:57,174,10.8,1243.420,355.73,3.35,51,113,565
04/07/2017 09:10:07,202,10.8,1245.910,355.71,3.35,52,118,565
04/07/2017 09:10:17,190,10.8,1248.530,355.82,3.35,50,116,565
04/07/2017 09:10:27,178,10.8,1251.100,355.95,3.34,52,115,565
04/07/2017 09:10:37,163,10.9,1253.630,355.96,3.35,51,115,565
04/07/2017 09:10:47,203,10.8,1256.180,355.39,3.35,52,114,565
04/07/2017 09:10:57,190,10.9,1258.760,355.58,3.35,53,114,565
04/07/2017 09:11:07,178,10.8,1261.210,355.73,3.35,53,114,565
04/07/2017 09:11:17,182,10.8,1263.880,355.08,3.35,53,114,565
04/07/2017 09:11:27,187,10.8,1266.480,354.77,3.35,52,113,565
04/07/2017 09:11:37,166,10.8,1268.940,353.46,3.35,52,114,565
04/07/2017 09:11:47,172,10.9,1271.450,353.95,3.35,52,115,565
04/07/2017 09:11:57,191,10.8,1274.040,354.61,3.35,51,115,565
04/07/2017 09:12:07,191,10.8,1276.760,353.89,3.35,52,114,565
04/07/2017 09:12:17,207,10.8,1279.310,354.36,3.35,53,113,565
04/07/2017 09:12:27,178,10.8,1281.750,353.76,3.35,52,113,565
04/07/2017 09:12:37,184,10.8,1284.310,354.08,3.36,51,113,565
04/07/2017 09:12:47,175,10.9,1286.930,353.93,3.36,53,113,565
04/07/2017 09:12:57,199,10.8,1289.500,353.06,3.36,51,113,565
04/07/2017 09:13:07,189,10.9,1292.010,352.97,3.36,52,113,565
04/07/2017 09:13:17,189,10.9,1294.570,352.84,3.37,53,113,565
04/07/2017 09:13:27,185,10.8,1297.010,352.46,3.37,51,114,565
04/07/2017 09:13:37,196,10.8,1299.650,353.09,3.37,54,113,565
04/07/2017 09:13:47,204,10.8,1302.230,352.03,3.37,53,113,565
04/07/2017 09:13:57,188,10.8,1304.790,351.02,3.38,52,115,565
04/07/2017 09:14:07,163,10.8,1307.180,351.35,3.39,53,114,565
04/07/2017 09:14:17,177,10.8,1309.790,350.23,3.39,53,112,565
04/07/2017 09:14:27,179,10.8,1312.380,351.01,3.39,52,114,565
04/07/2017 09:14:37,188,10.8,1314.910,350.21,3.39,54,116,565
04/07/2017 09:14:47,179,10.9,1317.550,350.38,3.40,54,114,565
04/07/2017 09:14:57,176,10.8,1320.020,350.22,3.40,50,114,565
04/07/2017 09:15:07,193,10.8,1322.670,349.69,3.41,51,114,565
04/07/2017 09:15:17,190,10.8,1325.320,349.23,3.41,54,113,565
04/07/2017 09:15:27,188,10.8,1327.810,348.87,3.41,52,114,565
04/07/2017 09:15:37,165,10.8,1330.270,348.57,3.42,51,113,565
04/07/2017 09:15:47,189,10.8,1332.830,348.27,3.42,53,113,565
04/07/2017 09:15:57,181,10.8,1335.560,347.58,3.43,52,113,565
04/07/2017 09:16:07,181,10.8,1337.980,347.79,3.43,52,114,565
04/07/2017 09:16:17,174,10.8,1340.560,347.03,3.43,52,115,565
04/07/2017 09:16:27,186,10.8,1343.200,347.14,3.43,52,114,565
04/07/2017 09:16:37,195,10.9,1345.780,346.21,3.44,54,112,565
04/07/2017 09:16:47,155,10.8,1348.330,346.58,3.44,52,116,565
04/07/2017 09:16:57,188,10.8,1350.790,345.80,3.45,50,112,565
04/07/2017 09:17:07,151,10.9,1353.420,346.05,3.45,53,117,565
04/07/2017 09:17:17,193,10.8,1355.910,344.99,3.46,53,112,565
04/07/2017 09:17:27,183,10.8,1358.490,344.43,3.46,52,114,565
04/07/2017 09:17:37,175,10.9,1361.000,344.79,3.46,53,113,565
04/07/2017 09:17:47,184,10.9,1363.570,344.23,3.46,52,113,565
04/07/2017 09:17:57,191,10.8,1366.090,344.03,3.47,52,113,565
04/07/2017 09:18:07,201,10.8,1368.720,343.40,3.47,53,112,565
04/07/2017 09:18:17,190,10.8,1371.150,343.89,3.48,52,112,565
04/07/2017 09:18:27,190,10.8,1373.750,342.42,3.49,54,112,565
04/07/2017 09:18:37,196,10.8,1376.380,342.00,3.50,53,113,565
04/07/2017 09:18:47,194,10.8,1378.830,341.35,3.50,54,113,565
04/07/2017 09:18:57,181,10.9,1381.400,341.12,3.50,52,113,565
04/07/2017 09:19:07,178,10.8,1383.950,341.16,3.50,52,114,565
04/07/2017 09:19:17,188,10.8,1386.530,340.54,3.51,53,113,565
04/07/2017 09:19:27,189,10.8,1389.140,339.82,3.52,52,113,565
04/07/2017 09:19:37,166,10.8,1391.650,338.83,3.52,53,112,565
04/07/2017 09:19:47,213,10.8,1394.250,338.77,3.53,53,113,565
04/07/2017 09:19:57,185,10.8,1396.770,337.93,3.53,52,113,565
04/07/2017 09:20:07,179,10.8,1399.300,338.14,3.53,52,112,565
04/07/2017 09:20:17,191,10.8,1401.770,337.51,3.54,52,113,565
04/07/2017 09:20:27,172,10.9,1404.390,337.46,3.54,54,113,565
04/07/2017 09:20:37,192,10.8,1406.950,336.96,3.54,51,113,565
04/07/2017 09:20:47,176,10.8,1409.450,337.15,3.55,53,113,565
04/07/2017 09:20:57,181,10.8,1412.150,336.37,3.55,53,114,565
04/07/2017 09:21:07,169,10.9,1414.660,336.16,3.56,53,113,565
04/07/2017 09:21:17,179,10.8,1417.190,335.07,3.56,52,115,565
04/07/2017 09:21:27,185,10.8,1419.730,335.00,3.56,53,113,565
04/07/2017 09:21:37,199,10.9,1422.300,334.99,3.56,52,113,565
04/07/2017 09:21:47,184,10.8,1424.870,334.22,3.57,52,113,565
04/07/2017 09:21:57,195,10.8,1427.310,333.60,3.57,52,113,565
04/07/2017 09:22:07,188,10.8,1429.820,333.25,3.57,53,113,565
04/07/2017 09:22:17,188,10.8,1432.420,334.02,3.57,54,113,565
04/07/2017 09:22:27,193,10.8,1435.090,332.75,3.57,54,113,565
04/07/2017 09:22:37,184,10.8,1437.500,333.53,3.57,52,113,565
04/07/2017 09:22:47,185,10.9,1440.070,332.95,3.58,53,116,565
04/07/2017 09:22:57,196,10.8,1442.710,332.42,3.58,52,113,565
04/07/2017 09:23:07,180,10.8,1445.160,332.11,3.57,51,113,565
04/07/2017 09:23:17,170,10.8,1447.810,332.06,3.57,51,114,565
04/07/2017 09:23:27,179,10.8,1450.190,332.36,3.57,54,114,565
04/07/2017 09:23:37,181,10.8,1452.890,332.53,3.57,53,114,565
04/07/2017 09:23:47,188,10.8,1455.480,331.92,3.57,53,115,565
04/07/2017 09:23:57,183,10.8,1457.980,332.37,3.57,51,115,565
04/07/2017 09:24:07,204,10.8,1460.490,332.56,3.57,53,115,565
04/07/2017 09:24:17,190,10.8,1463.070,331.27,3.57,54,114,565
04/07/2017 09:24:27,195,10.8,1465.640,331.47,3.57,53,115,565
04/07/2017 09:24:37,179,10.8,1468.160,330.95,3.58,53,115,565
04/07/2017 09:24:47,194,10.8,1470.750,330.94,3.57,52,114,565
04/07/2017 09:24:57,176,10.8,1473.240,331.41,3.58,54,114,565
04/07/2017 09:25:07,183,10.8,1475.820,331.22,3.58,53,115,565
04/07/2017 09:25:17,188,10.9,1478.400,330.25,3.58,53,114,565
04/07/2017 09:25:27,159,10.8,1480.910,330.14,3.58,53,114,565
04/07/2017 09:25:37,181,10.9,1483.450,330.97,3.58,52,114,565
04/07/2017 09:25:47,173,10.8,1486.020,329.72,3.58,52,112,565
04/07/2017 09:25:57,203,10.8,1488.550,330.37,3.58,53,115,564
04/07/2017 09:26:07,178,10.8,1490.980,330.49,3.58,53,114,565
04/07/2017 09:26:17,150,10.9,1493.390,329.70,3.58,53,115,565
04/07/2017 09:26:27,204,10.8,1496.000,329.12,3.59,53,113,565
04/07/2017 09:26:37,197,10.8,1498.550,329.33,3.58,52,115,565
04/07/2017 09:26:47,207,10.8,1501.070,328.47,3.58,52,113,565
04/07/2017 09:26:57,178,10.9,1503.690,328.72,3.58,53,115,565
04/07/2017 09:27:07,188,10.8,1506.070,328.76,3.58,52,113,565
04/07/2017 09:27:17,202,10.8,1508.700,328.51,3.58,54,113,565
04/07/2017 09:27:27,185,10.8,1511.270,328.12,3.58,54,113,565
04/07/2017 09:27:37,207,10.8,1513.720,328.53,3.58,53,115,565
04/07/2017 09:27:47,209,10.8,1516.270,327.79,3.58,52,113,565
04/07/2017 09:27:57,196,10.8,1518.720,328.31,3.58,53,115,565
04/07/2017 09:28:07,206,10.8,1521.240,328.48,3.57,52,114,565
04/07/2017 09:28:17,207,10.8,1523.800,327.61,3.57,53,114,565
04/07/2017 09:28:27,192,10.8,1526.240,327.73,3.57,53,114,565
04/07/2017 09:28:37,190,10.8,1528.800,327.34,3.57,53,114,565
04/07/2017 09:28:47,187,10.8,1531.350,327.79,3.56,53,114,565
04/07/2017 09:28:57,199,10.8,1533.940,327.77,3.56,53,116,565
04/07/2017 09:29:07,196,10.8,1536.550,327.09,3.56,53,114,565
04/07/2017 09:29:17,198,10.8,1539.000,326.98,3.56,53,114,565
04/07/2017 09:29:27,197,10.8,1541.420,327.03,3.56,53,112,565
04/07/2017 09:29:37,208,10.8,1544.010,326.45,3.55,52,114,565
04/07/2017 09:29:47,174,10.9,1546.670,327.38,3.55,52,115,565
04/07/2017 09:29:57,196,10.8,1549.030,326.37,3.55,53,114,565
04/07/2017 09:30:07,201,10.8,1551.590,327.41,3.55,53,113,565
04/07/2017 09:30:17,212,10.8,1554.210,326.61,3.55,53,114,565
04/07/2017 09:30:27,175,10.8,1556.580,325.93,3.54,54,116,565
04/07/2017 09:30:37,177,10.8,1559.160,326.85,3.54,53,115,565
04/07/2017 09:30:47,193,10.8,1561.690,326.42,3.54,51,114,564
04/07/2017 09:30:57,181,10.8,1564.250,326.00,3.54,53,116,565
04/07/2017 09:31:07,201,10.8,1566.830,327.04,3.54,52,115,565
04/07/2017 09:31:17,203,10.8,1569.210,326.85,3.54,54,114,565
04/07/2017 09:31:27,185,10.8,1571.880,326.68,3.54,52,113,565
04/07/2017 09:31:37,213,10.8,1574.310,326.54,3.53,53,114,564
04/07/2017 09:31:47,204,10.8,1576.880,326.53,3.53,53,117,565
04/07/2017 09:31:57,208,10.8,1579.320,326.17,3.53,53,115,565
04/07/2017 09:32:07,184,10.8,1581.950,326.43,3.53,53,113,565
04/07/2017 09:32:17,196,10.8,1584.390,326.92,3.53,52,113,565
04/07/2017 09:32:27,193,10.8,1586.910,326.03,3.53,53,114,565
04/07/2017 09:32:37,216,11.0,1589.400,325.70,3.52,54,115,565
04/07/2017 09:32:47,232,10.9,1591.800,325.89,3.52,53,114,565
04/07/2017 09:32:57,175,10.8,1594.080,325.76,3.52,53,114,565
04/07/2017 09:33:07,214,10.8,1596.440,325.77,3.52,53,113,565
04/07/2017 09:33:17,207,10.8,1599.090,325.14,3.52,52,114,565
04/07/2017 09:33:27,198,10.8,1601.550,326.35,3.51,54,113,565
04/07/2017 09:33:37,195,10.9,1603.940,325.49,3.51,52,115,565
04/07/2017 09:33:47,209,10.8,1606.440,326.19,3.51,54,114,565
04/07/2017 09:33:57,209,10.8,1608.930,324.97,3.51,54,116,565
04/07/2017 09:34:07,205,10.9,1611.500,325.36,3.51,52,114,565
04/07/2017 09:34:17,180,10.9,1613.890,325.36,3.51,54,114,565
04/07/2017 09:34:27,203,10.8,1616.380,326.62,3.51,52,116,565
04/07/2017 09:34:37,207,10.8,1618.810,325.31,3.50,54,115,565
04/07/2017 09:34:47,184,10.9,1621.320,326.12,3.50,54,114,565
04/07/2017 09:34:57,174,10.8,1623.760,325.44,3.50,53,115,565
04/07/2017 09:35:07,190,10.8,1626.320,325.75,3.50,52,114,565
04/07/2017 09:35:17,192,10.8,1628.900,325.30,3.49,52,116,565
04/07/2017 09:35:27,177,10.9,1631.240,325.32,3.49,54,115,565
04/07/2017 09:35:37,204,10.9,1633.850,325.58,3.49,53,112,565
04/07/2017 09:35:47,186,10.8,1636.310,325.29,3.48,53,116,564
04/07/2017 09:35:57,181,10.8,1638.840,325.57,3.48,54,115,565
04/07/2017 09:36:07,201,10.9,1641.170,325.55,3.48,53,114,565
04/07/2017 09:36:17,176,10.8,1643.750,325.68,3.47,53,114,565
04/07/2017 09:36:27,166,10.8,1646.150,326.07,3.47,51,116,565
04/07/2017 09:36:37,213,10.8,1648.510,325.41,3.47,54,113,565
04/07/2017 09:36:47,180,10.9,1651.020,326.05,3.46,55,111,565
04/07/2017 09:36:57,215,10.8,1653.380,325.36,3.46,54,112,565
04/07/2017 09:37:07,210,10.8,1655.920,325.66,3.46,53,112,565
04/07/2017 09:37:17,203,10.8,1658.380,325.15,3.46,52,113,565
04/07/2017 09:37:27,200,10.8,1660.980,325.95,3.46,52,114,565
04/07/2017 09:37:37,188,10.8,1663.230,324.67,3.45,52,113,565
04/07/2017 09:37:47,191,10.9,1665.770,325.05,3.45,54,113,565
04/07/2017 09:37:57,211,10.8,1668.330,325.19,3.45,52,114,565
04/07/2017 09:38:07,190,10.8,1670.740,325.29,3.45,53,114,565
04/07/2017 09:38:17,161,10.9,1673.090,325.47,3.45,52,113,565
04/07/2017 09:38:27,196,10.8,1675.530,325.69,3.45,52,114,565
04/07/2017 09:38:37,196,10.8,1677.760,325.29,3.44,52,113,565
04/07/2017 09:38:47,182,10.9,1680.410,325.08,3.44,52,113,565
04/07/2017 09:38:57,184,10.8,1682.730,324.70,3.44,51,114,565
04/07/2017 09:39:07,184,10.8,1685.370,324.68,3.44,52,114,565
04/07/2017 09:39:17,212,10.8,1687.790,325.49,3.43,53,113,565
04/07/2017 09:39:27,206,10.8,1690.210,326.02,3.43,53,114,565
04/07/2017 09:39:37,199,10.9,1692.740,325.64,3.43,53,114,565
04/07/2017 09:39:47,187,10.8,1695.180,325.54,3.42,54,113,565
04/07/2017 09:39:57,206,10.8,1697.790,325.07,3.42,52,114,565
04/07/2017 09:40:07,181,10.8,1700.120,324.97,3.42,53,113,565
04/07/2017 09:40:17,203,10.8,1702.570,325.58,3.41,53,112,565
04/07/2017 09:40:27,182,10.8,1705.170,324.54,3.41,53,123,565
04/07/2017 09:40:37,198,10.8,1707.670,325.76,3.41,53,114,565
04/07/2017 09:40:47,197,10.8,1710.160,324.58,3.41,51,114,565
04/07/2017 09:40:57,198,10.9,1712.560,325.74,3.41,53,113,565
04/07/2017 09:41:07,198,10.8,1714.940,325.16,3.40,52,112,565
04/07/2017 09:41:17,220,10.8,1717.330,325.15,3.40,53,113,565
04/07/2017 09:41:27,160,10.8,1719.750,325.32,3.40,52,113,565
04/07/2017 09:41:37,223,10.8,1722.200,325.06,3.40,53,112,565
04/07/2017 09:41:47,176,10.8,1724.600,324.52,3.40,53,113,565
04/07/2017 09:41:57,198,10.8,1727.050,324.33,3.39,52,112,565
04/07/2017 09:42:07,219,10.8,1729.480,325.14,3.39,53,115,565
04/07/2017 09:42:17,186,10.9,1731.940,324.42,3.39,53,115,564
04/07/2017 09:42:27,226,10.8,1734.380,325.27,3.39,54,113,565
04/07/2017 09:42:37,231,10.8,1736.910,324.88,3.39,53,113,565
04/07/2017 09:42:47,157,10.8,1739.150,324.63,3.39,52,112,565
04/07/2017 09:42:57,206,10.8,1741.560,324.60,3.39,52,114,565
04/07/2017 09:43:07,196,10.8,1744.010,324.23,3.39,53,112,565
04/07/2017 09:43:17,202,10.9,1746.410,325.05,3.38,52,112,565
04/07/2017 09:43:27,153,10.9,1748.770,324.61,3.38,53,113,565
04/07/2017 09:43:37,225,10.8,1751.200,324.20,3.38,54,112,565
04/07/2017 09:43:47,225,10.8,1753.680,324.13,3.38,53,113,565
04/07/2017 09:43:57,205,10.8,1756.030,324.30,3.38,53,113,565
04/07/2017 09:44:07,206,10.8,1758.300,324.68,3.38,54,113,565
04/07/2017 09:44:17,216,10.8,1760.810,325.19,3.37,54,113,565
04/07/2017 09:44:27,234,10.8,1763.180,324.88,3.37,53,113,565
04/07/2017 09:44:37,215,10.8,1765.790,324.80,3.37,53,112,565
04/07/2017 09:44:47,227,10.8,1768.130,324.42,3.37,52,113,565
04/07/2017 09:44:57,222,10.8,1770.580,324.37,3.36,53,113,565
04/07/2017 09:45:07,232,10.8,1773.110,324.56,3.36,52,113,565
04/07/2017 09:45:17,219,10.8,1775.620,325.09,3.36,52,112,565
04/07/2017 09:45:27,188,10.8,1778.020,324.65,3.36,53,113,565
04/07/2017 09:45:37,212,10.8,1780.370,324.43,3.36,53,111,565
04/07/2017 09:45:47,184,10.8,1783.030,323.89,3.36,53,113,565
04/07/2017 09:45:57,207,10.8,1785.430,323.94,3.36,53,113,565
04/07/2017 09:46:07,195,10.8,1787.920,324.15,3.36,53,111,565
04/07/2017 09:46:17,185,10.8,1790.380,324.77,3.35,53,114,565
04/07/2017 09:46:27,230,10.8,1792.770,325.06,3.35,53,113,565
04/07/2017 09:46:37,207,10.8,1795.210,324.46,3.35,53,112,565
04/07/2017 09:46:47,207,10.8,1797.730,324.21,3.34,53,112,565
04/07/2017 09:46:57,186,10.8,1800.140,323.92,3.34,53,111,565
04/07/2017 09:47:07,196,10.8,1802.650,324.46,3.34,53,113,565
04/07/2017 09:47:17,188,10.9,1804.940,323.77,3.34,52,112,565
04/07/2017 09:47:27,180,10.8,1807.260,324.27,3.33,53,112,565
04/07/2017 09:47:37,193,10.8,1809.600,324.56,3.33,52,113,565
04/07/2017 09:47:47,205,10.9,1811.990,324.78,3.33,53,113,565
04/07/2017 09:47:57,188,10.9,1814.260,324.22,3.33,53,110,565
04/07/2017 09:48:07,224,10.8,1816.520,323.69,3.33,54,115,565
04/07/2017 09:48:17,211,10.8,1818.790,323.99,3.32,54,111,565
04/07/2017 09:48:27,227,10.8,1821.140,324.15,3.32,54,112,565
04/07/2017 09:48:37,210,10.8,1823.520,323.36,3.32,54,111,565
04/07/2017 09:48:47,169,10.8,1825.920,323.44,3.31,55,112,565
04/07/2017 09:48:57,225,10.8,1828.420,324.54,3.31,52,111,565
04/07/2017 09:49:07,213,10.8,1830.850,323.72,3.31,53,114,565
04/07/2017 09:49:17,203,10.8,1833.310,324.62,3.31,54,112,565
04/07/2017 09:49:27,209,10.8,1835.690,324.94,3.31,53,113,565
04/07/2017 09:49:37,218,10.8,1838.110,323.97,3.31,53,111,565
04/07/2017 09:49:47,224,10.8,1840.580,324.72,3.31,54,113,565
04/07/2017 09:49:57,182,10.8,1842.990,323.42,3.30,52,113,565
04/07/2017 09:50:07,231,10.8,1845.500,324.87,3.29,53,110,565
04/07/2017 09:50:17,204,10.8,1847.850,323.80,3.29,53,112,565
04/07/2017 09:50:27,211,10.8,1850.310,324.37,3.29,53,112,565
04/07/2017 09:50:37,220,10.8,1852.810,324.40,3.29,53,111,565
04/07/2017 09:50:47,210,10.8,1855.350,324.08,3.29,53,112,565
04/07/2017 09:50:57,211,10.8,1857.750,323.96,3.29,52,115,565
04/07/2017 09:51:07,199,10.8,1860.210,324.15,3.28,53,110,565
04/07/2017 09:51:17,198,10.8,1862.630,324.28,3.28,54,112,565
04/07/2017 09:51:27,236,10.8,1865.090,323.92,3.28,54,113,565
04/07/2017 09:51:37,228,10.8,1867.490,324.15,3.28,54,113,565
04/07/2017 09:51:47,233,10.8,1869.940,324.56,3.28,54,115,565
04/07/2017 09:51:57,199,10.8,1872.300,323.37,3.27,54,112,565
04/07/2017 09:52:07,194,10.8,1874.640,323.96,3.27,53,112,565
04/07/2017 09:52:17,227,10.8,1877.100,323.22,3.27,54,110,565
04/07/2017 09:52:27,210,10.8,1879.570,323.65,3.26,54,113,565
04/07/2017 09:52:37,207,10.8,1882.060,323.92,3.27,53,115,565
04/07/2017 09:52:47,211,10.8,1884.630,323.92,3.27,54,113,565
04/07/2017 09:52:57,229,10.8,1886.980,324.31,3.27,52,112,565
04/07/2017 09:53:07,237,10.8,1889.310,323.71,3.27,53,112,565
04/07/2017 09:53:17,204,10.8,1891.760,324.18,3.27,53,111,565
04/07/2017 09:53:27,209,10.8,1894.250,324.03,3.27,54,118,565
04/07/2017 09:53:37,243,10.8,1896.780,323.28,3.27,53,112,565
04/07/2017 09:53:47,195,10.8,1899.150,322.45,3.26,52,110,565
04/07/2017 09:53:57,210,10.8,1901.580,323.44,3.26,52,110,565
04/07/2017 09:54:07,228,10.8,1904.160,323.30,3.26,53,112,565
04/07/2017 09:54:17,189,10.8,1906.460,323.67,3.26,53,113,565
04/07/2017 09:54:27,199,10.8,1909.020,322.24,3.25,55,112,565
04/07/2017 09:54:37,230,10.8,1911.490,323.49,3.25,54,112,565
04/07/2017 09:54:47,212,10.8,1913.850,324.11,3.24,54,110,565
04/07/2017 09:54:57,205,10.8,1916.350,324.51,3.24,54,111,565
04/07/2017 09:55:07,238,10.8,1918.700,323.86,3.24,53,114,565
04/07/2017 09:55:17,211,10.9,1921.290,323.86,3.23,53,112,565
04/07/2017 09:55:27,194,10.8,1923.550,324.36,3.23,53,112,565
04/07/2017 09:55:37,219,10.8,1926.000,324.09,3.23,54,111,565
04/07/2017 09:55:47,225,10.8,1928.580,323.68,3.23,53,111,565
04/07/2017 09:55:57,214,10.8,1930.980,323.24,3.23,53,113,565
04/07/2017 09:56:07,216,10.8,1933.420,323.28,3.23,53,113,565
04/07/2017 09:56:17,156,10.9,1935.850,323.61,3.22,52,111,565
04/07/2017 09:56:27,202,10.8,1938.200,323.67,3.22,54,112,565
04/07/2017 09:56:37,225,10.8,1940.790,324.11,3.22,53,112,565
04/07/2017 09:56:47,206,10.8,1943.190,323.70,3.22,52,110,565
04/07/2017 09:56:57,231,10.8,1945.720,323.71,3.22,53,112,565
04/07/2017 09:57:07,199,10.8,1948.080,323.41,3.22,54,114,565
04/07/2017 09:57:17,223,10.8,1950.550,323.41,3.21,53,110,565
04/07/2017 09:57:27,216,10.8,1953.070,323.50,3.21,53,113,565
04/07/2017 09:57:37,214,10.8,1955.520,323.76,3.21,52,113,565
04/07/2017 09:57:47,222,10.8,1957.900,324.38,3.20,53,113,565
04/07/2017 09:57:57,209,10.8,1960.410,324.00,3.20,53,114,565
04/07/2017 09:58:07,213,10.8,1962.770,323.86,3.20,53,112,565
04/07/2017 09:58:17,199,10.8,1965.210,324.12,3.20,52,113,565
04/07/2017 09:58:27,198,10.8,1967.750,324.25,3.19,52,110,565
04/07/2017 09:58:37,196,10.8,1970.190,324.16,3.19,52,111,565
04/07/2017 09:58:47,197,10.8,1972.620,323.74,3.18,53,110,565
04/07/2017 09:58:57,247,10.8,1975.180,323.69,3.18,53,111,565
04/07/2017 09:59:07,228,10.8,1977.620,323.48,3.18,54,110,565
04/07/2017 09:59:17,176,10.8,1980.090,324.80,3.17,53,112,565
04/07/2017 09:59:27,212,10.8,1982.520,324.11,3.17,55,112,565
04/07/2017 09:59:37,189,10.8,1984.900,323.15,3.17,53,111,565
04/07/2017 09:59:47,225,10.8,1987.400,323.90,3.16,52,134,565
04/07/2017 09:59:57,197,10.8,1989.840,322.71,3.16,52,110,565
04/07/2017 10:00:07,218,10.8,1992.220,324.12,3.16,52,109,565
04/07/2017 10:00:17,213,10.8,1994.740,322.82,3.15,54,110,565
04/07/2017 10:00:27,228,10.8,1997.090,323.52,3.15,53,111,565
04/07/2017 10:00:37,220,10.8,1999.560,323.53,3.15,52,111,565
04/07/2017 10:00:47,221,10.9,2002.070,323.63,3.15,53,111,565
04/07/2017 10:00:57,195,10.8,2004.530,323.78,3.15,53,112,565
04/07/2017 10:01:07,185,10.8,2007.030,323.75,3.14,52,109,565
04/07/2017 10:01:17,227,10.8,2009.410,323.35,3.14,52,110,565
04/07/2017 10:01:27,214,10.8,2011.860,322.93,3.14,54,109,565
04/07/2017 10:01:37,238,10.8,2014.260,323.08,3.14,54,110,565
04/07/2017 10:01:47,228,10.8,2016.800,323.23,3.14,52,110,565
04/07/2017 10:01:57,227,10.8,2019.160,322.94,3.14,52,112,565
04/07/2017 10:02:07,208,10.8,2021.590,322.69,3.14,53,110,565
04/07/2017 10:02:17,213,10.8,2024.110,323.74,3.13,53,112,565
04/07/2017 10:02:27,219,10.8,2026.460,323.86,3.13,54,111,565
04/07/2017 10:02:37,199,10.8,2029.010,323.31,3.13,52,110,565
04/07/2017 10:02:47,238,10.8,2031.410,323.87,3.13,53,111,565
04/07/2017 10:02:57,243,10.8,2033.920,323.21,3.13,51,110,565
04/07/2017 10:03:07,207,10.8,2036.300,324.14,3.12,51,111,565
04/07/2017 10:03:17,236,10.8,2038.630,324.25,3.12,54,112,565
04/07/2017 10:03:27,225,10.8,2041.180,323.07,3.12,52,110,565
04/07/2017 10:03:37,176,10.9,2043.650,323.75,3.11,52,112,565
04/07/2017 10:03:47,229,10.8,2046.100,324.70,3.11,53,114,565
04/07/2017 10:03:57,254,10.8,2048.410,323.78,3.11,53,110,565
04/07/2017 10:04:07,239,10.8,2050.860,323.61,3.11,52,111,565
04/07/2017 10:04:17,219,10.8,2053.310,323.71,3.11,51,112,565
04/07/2017 10:04:27,218,10.8,2055.690,323.88,3.10,53,111,565
04/07/2017 10:04:37,200,10.8,2058.150,323.53,3.10,54,112,565
04/07/2017 10:04:47,246,10.8,2060.620,323.24,3.10,54,111,565
04/07/2017 10:04:57,218,10.8,2063.100,323.33,3.10,54,111,565
04/07/2017 10:05:07,251,10.8,2065.460,322.65,3.10,52,111,565
04/07/2017 10:05:17,192,10.8,2067.850,323.95,3.09,52,111,565
04/07/2017 10:05:27,222,10.8,2070.370,323.76,3.09,52,110,565
04/07/2017 10:05:37,227,10.8,2072.750,323.52,3.09,52,111,565
04/07/2017 10:05:47,237,10.8,2075.070,323.38,3.09,53,112,565
04/07/2017 10:05:57,233,10.8,2077.510,323.22,3.09,53,112,565
04/07/2017 10:06:07,223,10.8,2080.000,324.32,3.09,53,111,565
04/07/2017 10:06:17,221,10.8,2082.260,323.03,3.09,53,113,565
04/07/2017 10:06:27,223,10.8,2084.820,323.23,3.09,54,111,565
04/07/2017 10:06:37,192,10.8,2087.240,324.06,3.08,52,113,565
04/07/2017 10:06:47,241,10.8,2089.700,323.90,3.08,53,110,565
04/07/2017 10:06:57,235,10.8,2091.960,323.89,3.08,52,112,565
04/07/2017 10:07:07,232,10.8,2094.350,323.70,3.08,52,111,565
04/07/2017 10:07:17,232,10.8,2096.920,323.92,3.07,52,112,565
04/07/2017 10:07:27,226,10.8,2099.200,322.72,3.07,52,115,565
04/07/2017 10:07:37,241,10.8,2101.670,323.82,3.07,53,110,565
04/07/2017 10:07:47,223,10.8,2104.060,322.95,3.07,52,110,565
04/07/2017 10:07:57,226,10.8,2106.560,323.33,3.07,52,111,565
04/07/2017 10:08:07,224,10.8,2108.890,323.29,3.06,50,111,565
04/07/2017 10:08:17,226,10.8,2111.440,323.83,3.06,53,113,565
04/07/2017 10:08:27,227,10.8,2113.800,323.19,3.06,52,111,565
04/07/2017 10:08:37,216,10.8,2116.230,323.50,3.06,52,113,565
04/07/2017 10:08:47,207,10.8,2118.590,323.16,3.06,52,112,565
04/07/2017 10:08:57,215,10.8,2120.950,322.85,3.05,52,111,565
04/07/2017 10:09:07,228,10.8,2123.500,323.29,3.05,52,110,565
04/07/2017 10:09:17,243,10.8,2125.950,323.44,3.05,51,111,565
04/07/2017 10:09:27,234,10.8,2128.300,323.85,3.05,54,110,565
04/07/2017 10:09:37,215,10.9,2130.720,322.91,3.05,54,112,565
04/07/2017 10:09:47,228,10.8,2133.090,323.28,3.05,52,113,565
04/07/2017 10:09:57,227,10.8,2135.610,323.50,3.05,53,113,565
04/07/2017 10:10:07,211,10.8,2137.890,323.17,3.04,54,111,565
04/07/2017 10:10:17,229,10.8,2140.370,323.23,3.04,53,112,565
04/07/2017 10:10:27,216,10.8,2142.700,323.23,3.04,51,114,565
04/07/2017 10:10:37,224,10.8,2145.100,323.63,3.04,53,110,565
04/07/2017 10:10:47,219,10.8,2147.530,323.85,3.04,54,112,565
04/07/2017 10:10:57,239,10.8,2149.900,323.13,3.03,51,112,565
04/07/2017 10:11:07,234,10.8,2152.210,323.42,3.03,51,112,565
04/07/2017 10:11:17,245,10.8,2154.660,323.34,3.03,53,111,565
04/07/2017 10:11:27,235,10.8,2157.080,323.99,3.03,53,110,565
04/07/2017 10:11:37,246,10.8,2159.430,323.77,3.02,54,109,565
04/07/2017 10:11:47,216,10.8,2161.890,323.24,3.02,52,112,565
04/07/2017 10:11:57,219,10.8,2164.120,323.06,3.01,52,110,565
04/07/2017 10:12:07,216,10.8,2166.530,322.21,3.01,52,111,565
04/07/2017 10:12:17,234,10.8,2168.770,323.34,3.01,52,111,565
04/07/2017 10:12:27,190,10.8,2171.210,322.55,3.01,53,111,565
04/07/2017 10:12:37,229,10.8,2173.460,322.77,3.01,52,110,565
04/07/2017 10:12:47,245,10.8,2175.930,323.31,3.01,51,109,565
04/07/2017 10:12:57,220,10.8,2178.190,323.20,3.01,53,109,565
04/07/2017 10:13:07,242,10.8,2180.580,321.93,3.01,54,112,565
04/07/2017 10:13:17,237,10.7,2182.790,322.76,3.01,55,109,565
04/07/2017 10:13:27,257,10.8,2185.140,322.26,3.01,53,110,565
04/07/2017 10:13:37,194,10.8,2187.550,321.93,3.01,54,111,565
04/07/2017 10:13:47,231,10.8,2189.960,322.84,3.00,52,110,565
04/07/2017 10:13:57,259,10.8,2192.240,321.70,3.00,54,109,566
04/07/2017 10:14:07,225,10.8,2194.640,323.08,3.00,52,111,565
04/07/2017 10:14:17,234,10.8,2196.930,322.69,3.00,53,110,565
04/07/2017 10:14:27,247,10.8,2199.430,322.25,3.00,53,114,565
04/07/2017 10:14:37,261,10.8,2201.690,322.93,3.00,52,111,565
04/07/2017 10:14:47,226,10.8,2204.030,322.80,3.00,54,112,565
04/07/2017 10:14:57,271,10.7,2205.950,322.54,3.00,52,115,565
04/07/2017 10:15:07,245,10.8,2208.170,321.58,3.00,52,112,565
04/07/2017 10:15:17,250,10.8,2210.640,322.00,3.00,53,110,565
04/07/2017 10:15:27,250,10.8,2212.940,321.69,2.99,52,111,565
04/07/2017 10:15:37,266,10.8,2215.260,322.86,2.98,53,110,565
04/07/2017 10:15:47,230,10.8,2217.510,321.84,2.98,53,111,565
04/07/2017 10:15:57,233,10.9,2219.780,322.08,2.98,53,110,565
04/07/2017 10:16:07,235,10.8,2222.020,321.95,2.98,53,111,565
04/07/2017 10:16:17,280,10.8,2224.470,322.91,2.98,53,111,565
04/07/2017 10:16:27,227,10.8,2226.820,322.57,2.97,53,110,565
04/07/2017 10:16:37,222,10.8,2228.990,323.17,2.97,54,111,565
04/07/2017 10:16:47,249,10.8,2231.290,322.89,2.97,53,112,565
04/07/2017 10:16:57,251,10.8,2233.740,323.00,2.97,51,111,565
04/07/2017 10:17:07,238,10.8,2236.040,323.58,2.97,53,112,565
04/07/2017 10:17:17,234,10.8,2238.310,322.85,2.96,53,114,565
04/07/2017 10:17:27,262,10.8,2240.550,323.08,2.96,53,112,565
04/07/2017 10:17:37,252,10.8,2242.880,322.40,2.96,52,111,565
04/07/2017 10:17:47,228,10.8,2245.210,323.11,2.96,54,112,565
04/07/2017 10:17:57,280,10.8,2247.360,322.33,2.96,53,112,565
04/07/2017 10:18:07,236,10.8,2249.670,322.92,2.95,54,112,565
04/07/2017 10:18:17,239,10.8,2251.940,323.61,2.95,54,112,565
04/07/2017 10:18:27,240,10.8,2254.320,323.22,2.95,53,114,565
04/07/2017 10:18:37,258,10.9,2256.480,322.96,2.95,53,113,565
04/07/2017 10:18:47,250,10.8,2258.860,323.92,2.94,53,118,565
04/07/2017 10:18:57,215,10.8,2261.160,322.75,2.94,53,113,565
04/07/2017 10:19:07,118,10.8,2263.280,323.83,2.94,53,113,565
04/07/2017 10:19:17,188,10.7,2265.290,323.20,2.94,54,111,565
04/07/2017 10:19:27,223,10.8,2267.520,323.31,2.94,53,115,565
04/07/2017 10:19:37,230,10.9,2269.740,323.62,2.93,53,114,565
04/07/2017 10:19:47,214,10.8,2271.970,323.49,2.93,52,113,565
04/07/2017 10:19:57,242,10.8,2274.220,322.73,2.93,53,116,566
04/07/2017 10:20:07,249,10.8,2276.580,323.48,2.93,54,114,565
04/07/2017 10:20:17,224,10.8,2278.910,323.78,2.92,53,113,565
04/07/2017 10:20:27,239,10.8,2281.070,322.84,2.92,53,113,565
04/07/2017 10:20:37,235,10.8,2283.450,323.74,2.92,54,117,565
04/07/2017 10:20:47,211,10.8,2285.580,323.21,2.91,53,111,565
04/07/2017 10:20:57,207,10.8,2287.830,323.55,2.91,54,114,565
04/07/2017 10:21:07,225,10.8,2290.220,324.16,2.91,52,112,565
04/07/2017 10:21:17,239,10.8,2292.370,323.78,2.90,53,114,565
04/07/2017 10:21:27,225,10.8,2294.460,323.29,2.90,53,114,566
04/07/2017 10:21:37,247,10.8,2296.900,323.18,2.90,51,116,566
04/07/2017 10:21:47,263,10.8,2299.060,323.28,2.90,53,112,566
04/07/2017 10:21:57,258,10.8,2301.420,323.44,2.90,55,113,566
04/07/2017 10:22:07,253,10.8,2303.800,323.30,2.89,54,112,565
04/07/2017 10:22:17,239,10.8,2306.200,323.24,2.89,54,115,565
04/07/2017 10:22:27,222,10.8,2308.410,323.54,2.89,53,113,565
04/07/2017 10:22:37,231,10.9,2310.620,323.26,2.88,54,112,565
04/07/2017 10:22:47,223,10.8,2312.920,323.09,2.88,53,112,565
04/07/2017 10:22:57,286,10.8,2315.140,323.51,2.88,54,113,565
04/07/2017 10:23:07,258,10.8,2317.430,323.20,2.88,52,113,566
04/07/2017 10:23:17,289,10.9,2319.690,322.67,2.88,51,112,565
04/07/2017 10:23:27,249,10.8,2321.820,323.76,2.88,52,111,566
04/07/2017 10:23:37,204,10.8,2324.190,323.38,2.87,54,112,565
04/07/2017 10:23:47,191,10.8,2326.400,322.20,2.87,53,113,565
04/07/2017 10:23:57,240,10.7,2328.460,323.26,2.87,52,111,565
04/07/2017 10:24:07,256,10.8,2330.640,323.08,2.86,52,114,566
04/07/2017 10:24:17,252,10.8,2333.100,323.16,2.86,53,117,566
04/07/2017 10:24:27,206,10.8,2335.270,322.87,2.86,52,113,566
04/07/2017 10:24:37,217,10.8,2337.500,323.54,2.86,52,114,566
04/07/2017 10:24:47,238,10.8,2339.580,322.88,2.85,53,112,565
04/07/2017 10:24:57,226,10.8,2342.040,323.10,2.85,54,114,565
04/07/2017 10:25:07,233,10.8,2344.050,323.18,2.85,52,112,566
04/07/2017 10:25:17,183,10.9,2346.090,323.58,2.84,52,113,566
04/07/2017 10:25:27,232,10.8,2348.090,323.02,2.84,53,114,565
04/07/2017 10:25:37,259,10.8,2350.370,323.26,2.83,53,115,565
04/07/2017 10:25:47,272,10.8,2352.600,324.04,2.83,54,114,566
04/07/2017 10:25:57,252,10.8,2354.770,324.44,2.83,54,116,566
04/07/2017 10:26:07,274,10.8,2357.000,323.78,2.82,53,114,566
04/07/2017 10:26:17,237,10.8,2359.300,323.61,2.82,54,120,566
04/07/2017 10:26:27,237,10.8,2361.380,323.85,2.82,53,116,566
04/07/2017 10:26:37,221,10.8,2363.410,324.08,2.81,53,115,566
04/07/2017 10:26:47,221,10.8,2365.680,323.45,2.81,53,116,566
04/07/2017 10:26:57,277,10.8,2367.870,324.08,2.81,52,114,566
04/07/2017 10:27:07,241,10.9,2370.120,323.53,2.80,54,113,565
04/07/2017 10:27:17,241,10.8,2372.290,324.27,2.80,54,117,566
04/07/2017 10:27:27,213,10.8,2374.420,323.57,2.80,51,112,566
04/07/2017 10:27:37,265,10.8,2376.620,322.63,2.80,53,114,565
04/07/2017 10:27:47,250,10.8,2379.000,323.12,2.79,55,113,566
04/07/2017 10:27:57,218,10.8,2381.180,322.99,2.79,55,112,566
04/07/2017 10:28:07,223,10.8,2383.340,322.37,2.79,52,115,566
04/07/2017 10:28:17,235,10.8,2385.620,323.88,2.78,53,118,566
04/07/2017 10:28:27,241,10.8,2387.840,323.82,2.77,53,115,566
04/07/2017 10:28:37,270,10.8,2390.180,324.89,2.77,52,116,566
04/07/2017 10:28:47,200,10.8,2392.350,324.69,2.77,54,119,565
04/07/2017 10:28:57,283,10.8,2394.360,324.57,2.76,54,114,566
04/07/2017 10:29:07,243,10.8,2396.630,324.73,2.76,52,118,565
04/07/2017 10:29:17,235,10.8,2398.790,324.11,2.76,52,115,565
04/07/2017 10:29:27,234,10.8,2400.870,324.45,2.76,52,115,566
04/07/2017 10:29:37,205,10.8,2403.210,324.15,2.75,53,115,566
04/07/2017 10:29:47,230,10.8,2405.500,325.04,2.74,53,116,566
04/07/2017 10:29:57,245,10.8,2407.730,324.99,2.74,53,114,566
04/07/2017 10:30:07,255,10.8,2409.870,324.03,2.74,53,115,565
04/07/2017 10:30:17,207,10.8,2412.240,324.02,2.74,53,115,566
04/07/2017 10:30:27,252,10.9,2414.270,324.43,2.73,51,115,566
04/07/2017 10:30:37,243,10.8,2416.580,324.74,2.73,54,113,566
04/07/2017 10:30:47,220,10.8,2418.720,323.85,2.72,53,115,566
04/07/2017 10:30:57,259,10.8,2420.870,324.47,2.72,52,114,566
04/07/2017 10:31:07,236,10.8,2423.000,324.04,2.72,52,114,566
04/07/2017 10:31:17,236,10.8,2425.430,323.88,2.71,52,115,566
04/07/2017 10:31:27,230,10.8,2427.500,324.52,2.71,52,114,566
04/07/2017 10:31:37,247,10.8,2429.740,324.30,2.71,52,114,566
04/07/2017 10:31:47,251,10.8,2432.060,324.85,2.70,53,116,566
04/07/2017 10:31:57,245,10.8,2434.230,326.12,2.69,54,116,566
04/07/2017 10:32:07,263,10.8,2436.440,325.84,2.69,53,116,565
04/07/2017 10:32:17,234,10.8,2438.540,325.85,2.68,54,114,566
04/07/2017 10:32:27,262,10.9,2440.790,325.66,2.69,53,113,566
04/07/2017 10:32:37,259,10.8,2443.010,324.46,2.70,54,112,566
04/07/2017 10:32:47,230,10.8,2445.270,323.98,2.69,53,111,566
04/07/2017 10:32:57,271,10.8,2447.460,322.97,2.69,51,114,566
04/07/2017 10:33:07,223,10.8,2449.580,322.36,2.68,53,112,566
04/07/2017 10:33:17,235,10.8,2451.810,323.04,2.68,53,114,566
04/07/2017 10:33:27,232,10.8,2454.030,323.22,2.67,53,118,566
04/07/2017 10:33:37,227,10.8,2456.100,323.29,2.67,53,114,566
04/07/2017 10:33:47,244,10.8,2458.380,323.30,2.67,54,114,566
04/07/2017 10:33:57,240,10.9,2460.560,323.23,2.67,54,114,566
04/07/2017 10:34:07,263,10.8,2462.710,323.00,2.67,55,113,566
04/07/2017 10:34:17,240,10.8,2464.800,323.05,2.66,52,115,566
04/07/2017 10:34:27,221,10.8,2466.820,323.75,2.66,53,113,566
04/07/2017 10:34:37,208,10.8,2469.100,323.83,2.65,54,113,566
04/07/2017 10:34:47,219,10.8,2471.100,323.92,2.65,52,114,566
04/07/2017 10:34:57,227,10.8,2473.270,323.42,2.64,54,114,566
04/07/2017 10:35:07,222,10.8,2475.470,323.75,2.64,53,114,566
04/07/2017 10:35:17,240,10.8,2477.650,323.62,2.63,52,125,566
04/07/2017 10:35:27,228,10.8,2479.750,323.69,2.62,53,114,566
04/07/2017 10:35:37,220,10.8,2481.920,323.50,2.62,53,115,566
04/07/2017 10:35:47,223,10.8,2483.950,324.42,2.62,52,113,566
04/07/2017 10:35:57,209,10.8,2486.060,324.56,2.61,55,113,566
04/07/2017 10:36:07,223,10.7,2488.310,324.66,2.60,54,114,566
04/07/2017 10:36:17,250,10.8,2490.660,324.72,2.60,54,124,566
04/07/2017 10:36:27,237,10.8,2492.720,324.57,2.60,54,115,566
04/07/2017 10:36:37,224,10.9,2494.840,324.70,2.59,54,115,566
04/07/2017 10:36:47,207,10.8,2497.020,326.16,2.58,52,116,566
04/07/2017 10:36:57,213,10.8,2499.070,326.65,2.57,53,116,566
04/07/2017 10:37:07,257,10.8,2500.910,326.42,2.56,52,118,566
04/07/2017 10:37:17,240,10.8,2503.120,328.18,2.56,53,115,566
04/07/2017 10:37:27,221,10.8,2505.150,327.55,2.56,54,114,566
04/07/2017 10:37:37,260,10.8,2507.170,325.99,2.55,53,118,566
04/07/2017 10:37:47,209,10.8,2509.250,326.71,2.55,53,115,566
04/07/2017 10:37:57,204,10.8,2511.330,326.81,2.55,54,116,566
04/07/2017 10:38:07,221,10.8,2513.350,325.78,2.55,54,116,566
04/07/2017 10:38:17,200,10.7,2515.330,326.14,2.54,53,114,566
04/07/2017 10:38:27,207,10.8,2517.340,326.14,2.53,53,116,566
04/07/2017 10:38:37,213,10.8,2519.290,325.77,2.53,54,116,566
04/07/2017 10:38:47,227,10.8,2521.310,326.43,2.52,54,114,566
04/07/2017 10:38:57,230,10.8,2523.440,326.94,2.52,53,116,566
04/07/2017 10:39:07,216,10.9,2525.270,326.58,2.52,54,116,566
04/07/2017 10:39:17,257,10.8,2527.380,326.83,2.51,53,113,566

 Ramp exit:    SMOOTH RUNNING
 Profile exit: BOTTOM PRESSURE

 Vehicle motion stopped at 04/07/2017 10:39:21
 Sensor logging stopped at 04/07/2017 10:41:29
