
 Profile 350

 Sensors were turned on at  04/29/2017 00:00:02
 Vehicle began profiling at 04/29/2017 00:02:04

Date,[mA],[V],[dbar],Oxygen[uM],Optode Temp[C],Chl,NTU,Therm
04/29/2017 00:02:04,0,11.1,0.000,0.00,0.00,75,135,567
04/29/2017 00:02:14,220,10.6,0.000,0.00,0.00,72,136,567
04/29/2017 00:02:24,266,10.7,0.000,0.00,0.00,72,135,567
04/29/2017 00:02:37,325,10.7,237.470,379.20,3.84,71,133,567
04/29/2017 00:02:47,234,10.8,240.060,379.18,3.83,72,134,566
04/29/2017 00:02:57,224,10.9,242.580,378.70,3.83,70,133,566
04/29/2017 00:03:07,199,10.9,245.100,378.18,3.83,68,131,566
04/29/2017 00:03:17,185,10.9,247.650,377.53,3.84,63,128,566
04/29/2017 00:03:27,237,10.9,250.190,375.34,3.85,62,125,566
04/29/2017 00:03:37,209,10.9,252.700,374.75,3.85,62,125,566
04/29/2017 00:03:47,262,10.9,255.280,374.07,3.85,60,128,566
04/29/2017 00:03:57,240,10.9,257.780,373.83,3.85,61,125,566
04/29/2017 00:04:07,201,10.9,260.330,375.12,3.85,61,124,566
04/29/2017 00:04:17,215,10.9,262.950,373.67,3.84,61,124,566
04/29/2017 00:04:27,192,10.9,265.340,372.95,3.83,60,127,566
04/29/2017 00:04:37,195,10.9,267.930,373.01,3.83,59,124,566
04/29/2017 00:04:47,205,10.9,270.560,372.22,3.82,58,124,566
04/29/2017 00:04:57,258,10.8,273.070,373.44,3.82,58,123,566
04/29/2017 00:05:07,239,10.8,275.460,373.47,3.82,59,122,566
04/29/2017 00:05:17,247,10.9,278.020,372.79,3.80,60,126,565
04/29/2017 00:05:27,214,10.9,280.510,372.40,3.80,59,122,566
04/29/2017 00:05:37,224,10.8,283.100,372.66,3.80,58,122,566
04/29/2017 00:05:47,220,10.9,285.680,371.91,3.79,58,123,566
04/29/2017 00:05:57,219,10.9,288.290,372.08,3.79,57,122,566
04/29/2017 00:06:07,211,10.9,290.710,372.36,3.79,57,121,565
04/29/2017 00:06:17,212,10.9,293.260,371.93,3.78,59,123,565
04/29/2017 00:06:27,213,10.9,295.840,371.58,3.78,57,122,565
04/29/2017 00:06:37,222,10.9,298.250,372.11,3.78,55,123,565
04/29/2017 00:06:47,235,10.8,300.780,370.72,3.77,57,122,565
04/29/2017 00:06:57,201,10.8,303.300,371.22,3.77,56,122,565
04/29/2017 00:07:07,207,10.8,305.870,372.07,3.77,54,121,565
04/29/2017 00:07:17,246,10.8,308.440,371.67,3.76,56,122,565
04/29/2017 00:07:27,222,10.8,310.950,370.69,3.75,56,122,565
04/29/2017 00:07:37,218,10.8,313.500,369.37,3.75,57,122,565
04/29/2017 00:07:47,222,10.8,316.110,370.62,3.74,57,123,565
04/29/2017 00:07:57,216,10.9,318.630,370.01,3.74,55,119,565
04/29/2017 00:08:07,198,10.8,321.070,370.06,3.74,55,119,565
04/29/2017 00:08:17,223,10.8,323.620,369.53,3.74,54,121,565
04/29/2017 00:08:27,255,10.8,326.160,370.17,3.74,55,120,565
04/29/2017 00:08:37,195,10.8,328.650,369.36,3.74,54,119,565
04/29/2017 00:08:47,262,10.8,331.180,369.20,3.74,54,122,565
04/29/2017 00:08:57,219,10.8,333.780,369.77,3.73,53,120,565
04/29/2017 00:09:07,224,10.8,336.280,369.52,3.73,55,121,565
04/29/2017 00:09:17,220,10.8,338.710,370.33,3.73,55,121,565
04/29/2017 00:09:27,242,10.8,341.130,369.61,3.73,55,119,565
04/29/2017 00:09:37,238,10.8,343.640,369.65,3.73,56,118,565
04/29/2017 00:09:47,230,10.8,346.220,368.86,3.73,55,121,565
04/29/2017 00:09:57,251,10.8,348.660,368.16,3.72,55,117,565
04/29/2017 00:10:07,226,10.8,351.170,368.35,3.72,55,120,565
04/29/2017 00:10:17,228,10.8,353.620,369.37,3.72,56,119,565
04/29/2017 00:10:27,244,10.8,356.250,369.15,3.72,55,126,565
04/29/2017 00:10:37,233,10.8,358.630,369.59,3.72,54,123,565
04/29/2017 00:10:47,248,10.8,361.160,369.01,3.72,55,120,565
04/29/2017 00:10:57,220,10.8,363.660,368.97,3.72,56,120,565
04/29/2017 00:11:07,227,10.7,366.070,368.99,3.72,53,120,565
04/29/2017 00:11:17,234,10.8,368.660,369.16,3.71,55,118,565
04/29/2017 00:11:27,225,10.7,371.030,368.27,3.71,54,119,565
04/29/2017 00:11:37,195,10.8,373.570,367.57,3.71,55,120,565
04/29/2017 00:11:47,230,10.7,376.080,368.66,3.71,54,119,565
04/29/2017 00:11:57,255,10.7,378.460,369.07,3.71,54,120,565
04/29/2017 00:12:07,224,10.7,381.060,368.91,3.70,59,121,565
04/29/2017 00:12:17,214,10.7,383.460,369.53,3.69,56,121,565
04/29/2017 00:12:27,256,10.7,385.970,369.62,3.69,55,118,565
04/29/2017 00:12:37,236,10.7,388.400,369.12,3.69,55,119,565
04/29/2017 00:12:47,211,10.7,390.840,368.51,3.69,54,118,565
04/29/2017 00:12:57,217,10.7,393.430,369.48,3.69,54,120,565
04/29/2017 00:13:07,262,10.7,395.870,368.64,3.68,55,119,565
04/29/2017 00:13:17,236,10.7,398.280,369.04,3.68,56,120,565
04/29/2017 00:13:27,241,10.7,400.770,370.08,3.67,56,119,565
04/29/2017 00:13:37,226,10.7,403.300,369.69,3.67,54,119,565
04/29/2017 00:13:47,207,10.7,405.780,368.94,3.67,54,121,565
04/29/2017 00:13:57,242,10.6,408.120,369.83,3.67,55,119,565
04/29/2017 00:14:07,259,10.7,410.600,369.63,3.67,55,118,565
04/29/2017 00:14:17,235,10.7,413.080,369.32,3.67,54,120,565
04/29/2017 00:14:27,233,10.7,415.470,370.48,3.67,55,121,565
04/29/2017 00:14:37,240,10.7,417.890,371.02,3.67,54,120,565
04/29/2017 00:14:47,240,10.7,420.340,369.50,3.67,55,119,565
04/29/2017 00:14:57,236,10.7,422.830,369.75,3.67,54,120,565
04/29/2017 00:15:07,241,10.7,425.200,369.82,3.67,55,118,565
04/29/2017 00:15:17,232,10.6,427.760,368.92,3.67,56,119,565
04/29/2017 00:15:27,251,10.6,430.130,369.68,3.66,55,120,565
04/29/2017 00:15:37,230,10.6,432.490,369.00,3.66,53,119,565
04/29/2017 00:15:47,215,10.6,434.930,369.96,3.66,54,120,565
04/29/2017 00:15:57,256,10.6,437.430,369.93,3.66,53,120,565
04/29/2017 00:16:07,217,10.6,439.850,369.79,3.66,53,118,565
04/29/2017 00:16:17,240,10.6,442.310,370.25,3.66,56,119,565
04/29/2017 00:16:27,218,10.6,444.720,368.97,3.65,55,120,565
04/29/2017 00:16:37,237,10.6,447.270,369.60,3.65,54,117,565
04/29/2017 00:16:47,248,10.6,449.580,369.49,3.64,57,123,565
04/29/2017 00:16:57,246,10.6,452.050,369.85,3.64,57,120,565
04/29/2017 00:17:07,236,10.6,454.540,371.47,3.62,64,123,565
04/29/2017 00:17:17,246,10.6,456.920,373.65,3.61,66,126,565
04/29/2017 00:17:27,208,10.6,459.420,374.56,3.61,67,125,565
04/29/2017 00:17:37,234,10.6,461.770,375.42,3.60,73,129,565
04/29/2017 00:17:47,241,10.6,464.300,377.29,3.60,72,128,565
04/29/2017 00:17:57,227,10.6,466.670,378.03,3.60,72,128,565
04/29/2017 00:18:07,217,10.6,469.080,378.09,3.60,74,130,565
04/29/2017 00:18:17,238,10.6,471.470,379.88,3.60,75,129,565
04/29/2017 00:18:27,227,10.5,474.010,380.13,3.60,73,128,565
04/29/2017 00:18:37,248,10.5,476.350,379.43,3.61,75,128,565
04/29/2017 00:18:47,241,10.6,478.700,379.71,3.61,74,128,565
04/29/2017 00:18:57,228,10.5,481.100,379.39,3.61,75,129,565
04/29/2017 00:19:07,245,10.5,483.590,379.88,3.61,75,128,565
04/29/2017 00:19:17,231,10.5,486.060,379.81,3.62,75,129,565
04/29/2017 00:19:27,243,10.5,488.430,380.45,3.62,75,129,565
04/29/2017 00:19:37,253,10.5,490.750,380.67,3.61,74,129,565
04/29/2017 00:19:47,247,10.5,493.070,380.08,3.61,76,133,564
04/29/2017 00:19:57,264,10.5,495.590,380.61,3.61,74,129,565
04/29/2017 00:20:07,246,10.5,497.880,380.33,3.62,76,132,565
04/29/2017 00:20:17,244,10.5,500.310,380.23,3.62,76,130,565
04/29/2017 00:20:27,238,10.5,502.640,381.11,3.62,77,129,565
04/29/2017 00:20:37,240,10.5,505.150,380.94,3.62,74,131,565
04/29/2017 00:20:47,216,10.5,507.530,380.06,3.62,76,128,565
04/29/2017 00:20:57,235,10.5,509.870,380.26,3.62,76,130,565
04/29/2017 00:21:07,213,10.5,512.310,381.29,3.62,76,128,565
04/29/2017 00:21:17,248,10.5,514.620,380.44,3.62,74,129,565
04/29/2017 00:21:27,256,10.4,517.040,381.07,3.62,77,128,565
04/29/2017 00:21:37,238,10.5,519.400,381.01,3.63,75,129,565
04/29/2017 00:21:47,225,10.5,521.870,381.75,3.63,76,129,565
04/29/2017 00:21:57,217,10.5,524.270,381.09,3.63,78,132,565
04/29/2017 00:22:07,256,10.5,526.490,381.37,3.63,77,132,565
04/29/2017 00:22:17,246,10.4,529.000,380.77,3.63,75,130,565
04/29/2017 00:22:27,235,10.5,531.340,381.13,3.63,76,128,565
04/29/2017 00:22:37,257,10.5,533.770,380.89,3.63,75,130,565
04/29/2017 00:22:47,238,10.4,536.080,380.54,3.63,75,130,565
04/29/2017 00:22:57,272,10.4,538.440,380.35,3.63,75,127,565
04/29/2017 00:23:07,239,10.4,540.930,380.92,3.63,74,128,564
04/29/2017 00:23:17,256,10.4,543.250,380.09,3.63,74,132,565
04/29/2017 00:23:27,264,10.4,545.470,380.32,3.63,76,131,565
04/29/2017 00:23:37,258,10.4,547.810,381.16,3.63,73,129,565
04/29/2017 00:23:47,239,10.4,550.080,380.63,3.63,75,129,565
04/29/2017 00:23:57,258,10.4,552.470,381.12,3.63,74,130,565
04/29/2017 00:24:07,228,10.4,554.810,380.76,3.63,73,129,565
04/29/2017 00:24:17,253,10.4,557.240,380.38,3.63,74,128,565
04/29/2017 00:24:27,278,10.4,559.610,379.93,3.63,75,128,565
04/29/2017 00:24:37,220,10.4,561.980,380.00,3.63,74,129,565
04/29/2017 00:24:47,240,10.4,564.230,380.06,3.63,73,128,565
04/29/2017 00:24:57,258,10.4,566.610,380.62,3.63,73,132,564
04/29/2017 00:25:07,210,10.4,569.020,380.12,3.63,74,128,565
04/29/2017 00:25:17,224,10.4,571.260,379.90,3.63,73,126,565
04/29/2017 00:25:27,254,10.4,573.670,379.47,3.63,74,129,565
04/29/2017 00:25:37,263,10.4,576.060,379.60,3.63,72,127,565
04/29/2017 00:25:47,262,10.4,578.390,379.61,3.63,72,134,565
04/29/2017 00:25:57,266,10.4,580.730,379.77,3.63,71,135,565
04/29/2017 00:26:07,230,10.4,583.070,380.07,3.63,73,130,565
04/29/2017 00:26:17,211,10.4,585.250,379.18,3.63,72,128,564
04/29/2017 00:26:27,257,10.3,587.630,381.01,3.63,71,127,565
04/29/2017 00:26:37,244,10.3,590.020,380.38,3.63,72,129,565
04/29/2017 00:26:47,211,10.4,592.380,379.98,3.63,71,129,565
04/29/2017 00:26:57,250,10.3,594.650,379.47,3.63,71,128,565
04/29/2017 00:27:07,236,10.3,596.960,379.53,3.63,70,129,565
04/29/2017 00:27:17,268,10.3,599.250,379.92,3.63,71,134,564
04/29/2017 00:27:27,237,10.3,601.530,378.93,3.63,70,129,565
04/29/2017 00:27:37,245,10.3,603.880,379.37,3.63,71,130,565
04/29/2017 00:27:47,217,10.3,606.300,378.83,3.63,72,129,565
04/29/2017 00:27:57,247,10.3,608.470,379.28,3.63,70,128,565
04/29/2017 00:28:07,242,10.3,610.800,379.18,3.63,72,128,565
04/29/2017 00:28:17,225,10.3,613.260,379.32,3.63,70,128,565
04/29/2017 00:28:27,255,10.3,615.510,379.58,3.63,72,130,565
04/29/2017 00:28:37,254,10.3,617.810,378.99,3.63,70,127,565
04/29/2017 00:28:47,228,10.3,620.130,379.08,3.63,72,128,565
04/29/2017 00:28:57,238,10.3,622.380,379.86,3.63,71,130,565
04/29/2017 00:29:07,230,10.3,624.720,379.55,3.63,70,128,565
04/29/2017 00:29:17,248,10.3,627.030,378.47,3.63,72,127,565
04/29/2017 00:29:27,268,10.3,629.370,378.54,3.63,69,128,565
04/29/2017 00:29:37,245,10.3,631.690,378.71,3.63,69,127,565
04/29/2017 00:29:47,212,10.3,633.880,379.27,3.63,69,128,565
04/29/2017 00:29:57,243,10.3,636.270,378.58,3.63,68,127,565
04/29/2017 00:30:07,257,10.3,638.480,377.71,3.63,68,127,565
04/29/2017 00:30:17,264,10.3,640.730,377.66,3.63,69,127,565
04/29/2017 00:30:27,238,10.3,643.200,377.91,3.63,67,125,565
04/29/2017 00:30:37,252,10.3,645.370,377.50,3.63,66,125,564
04/29/2017 00:30:47,249,10.3,647.740,377.76,3.63,67,127,565
04/29/2017 00:30:57,235,10.3,650.090,377.75,3.63,66,125,565
04/29/2017 00:31:07,258,10.2,652.230,377.96,3.63,66,125,565
04/29/2017 00:31:17,225,10.2,654.620,377.89,3.63,66,125,565
04/29/2017 00:31:27,238,10.2,656.940,377.76,3.63,66,127,565
04/29/2017 00:31:37,259,10.2,659.060,378.23,3.63,68,125,565
04/29/2017 00:31:47,267,10.2,661.500,377.24,3.62,66,126,565
04/29/2017 00:31:57,271,10.2,663.670,377.85,3.63,65,126,565
04/29/2017 00:32:07,220,10.2,665.980,377.12,3.63,66,126,564
04/29/2017 00:32:17,236,10.3,668.320,377.01,3.63,67,127,565
04/29/2017 00:32:27,217,10.2,670.550,376.65,3.63,66,127,565
04/29/2017 00:32:37,261,10.2,672.870,376.74,3.63,66,126,565
04/29/2017 00:32:47,280,10.2,675.040,376.57,3.63,66,126,565
04/29/2017 00:32:57,224,10.2,677.340,376.94,3.62,66,126,565
04/29/2017 00:33:07,262,10.2,679.690,377.26,3.61,64,125,565
04/29/2017 00:33:17,235,10.2,681.810,376.56,3.60,64,125,565
04/29/2017 00:33:27,235,10.2,684.230,375.60,3.60,63,124,565
04/29/2017 00:33:37,253,10.2,686.340,374.92,3.60,60,123,565
04/29/2017 00:33:47,236,10.2,688.600,374.13,3.60,60,122,565
04/29/2017 00:33:57,231,10.2,690.940,373.13,3.60,61,133,565
04/29/2017 00:34:07,230,10.2,693.030,372.82,3.60,58,121,565
04/29/2017 00:34:17,266,10.2,695.340,371.25,3.60,56,121,564
04/29/2017 00:34:27,254,10.2,697.580,371.52,3.61,56,118,564
04/29/2017 00:34:37,242,10.3,699.860,370.22,3.61,56,120,565
04/29/2017 00:34:47,251,10.2,702.070,370.36,3.61,55,120,565
04/29/2017 00:34:57,224,10.2,704.390,371.09,3.61,55,121,565
04/29/2017 00:35:07,201,10.2,706.610,370.25,3.61,55,121,565
04/29/2017 00:35:17,231,10.2,709.000,370.38,3.61,55,119,565
04/29/2017 00:35:27,222,10.2,711.190,370.76,3.60,56,121,565
04/29/2017 00:35:37,238,10.2,713.520,370.23,3.60,56,124,565
04/29/2017 00:35:47,246,10.2,715.770,369.65,3.60,56,117,565
04/29/2017 00:35:57,229,10.2,717.920,368.89,3.60,55,118,564
04/29/2017 00:36:07,230,10.2,720.190,368.39,3.60,55,120,565
04/29/2017 00:36:17,202,10.2,722.440,368.19,3.60,57,118,565
04/29/2017 00:36:27,209,10.2,724.810,367.80,3.60,55,119,565
04/29/2017 00:36:37,248,10.2,726.990,367.55,3.60,56,119,565
04/29/2017 00:36:47,226,10.2,729.200,367.82,3.60,54,118,564
04/29/2017 00:36:57,296,10.2,731.400,367.84,3.60,55,120,565
04/29/2017 00:37:07,271,10.1,733.550,368.11,3.60,55,117,565
04/29/2017 00:37:17,240,10.2,735.940,367.70,3.60,55,120,565
04/29/2017 00:37:27,221,10.2,738.050,368.82,3.60,55,119,565
04/29/2017 00:37:37,261,10.2,740.270,368.15,3.60,53,120,565
04/29/2017 00:37:47,210,10.2,742.600,368.80,3.60,56,117,565
04/29/2017 00:37:57,237,10.1,744.750,367.64,3.60,56,118,565
04/29/2017 00:38:07,246,10.2,746.900,367.01,3.60,54,116,565
04/29/2017 00:38:17,255,10.2,749.120,367.20,3.60,53,123,565
04/29/2017 00:38:27,247,10.2,751.410,367.67,3.60,55,119,565
04/29/2017 00:38:37,204,10.2,753.670,367.73,3.60,55,117,565
04/29/2017 00:38:47,210,10.1,755.840,367.23,3.59,55,118,565
04/29/2017 00:38:57,262,10.2,758.200,366.86,3.59,56,119,565
04/29/2017 00:39:07,239,10.2,760.330,367.97,3.59,55,118,565
04/29/2017 00:39:17,266,10.2,762.520,367.61,3.59,56,118,565
04/29/2017 00:39:27,229,10.2,764.820,367.34,3.59,55,119,565
04/29/2017 00:39:37,255,10.1,766.980,367.60,3.59,56,122,565
04/29/2017 00:39:47,240,10.1,769.260,367.41,3.59,56,120,565
04/29/2017 00:39:57,220,10.1,771.470,366.63,3.59,56,119,565
04/29/2017 00:40:07,230,10.1,773.640,367.43,3.59,57,118,565
04/29/2017 00:40:17,226,10.2,776.000,367.44,3.59,55,122,565
04/29/2017 00:40:27,258,10.1,778.220,367.09,3.59,55,119,565
04/29/2017 00:40:37,188,10.2,780.420,366.52,3.59,55,118,565
04/29/2017 00:40:47,254,10.1,782.650,367.05,3.59,57,119,565
04/29/2017 00:40:57,241,10.1,784.860,367.39,3.58,56,118,565
04/29/2017 00:41:07,219,10.1,787.070,367.05,3.58,55,120,565
04/29/2017 00:41:17,244,10.1,789.300,367.52,3.58,55,119,565
04/29/2017 00:41:27,239,10.1,791.500,367.16,3.58,57,119,565
04/29/2017 00:41:37,248,10.1,793.820,367.78,3.57,57,119,565
04/29/2017 00:41:47,268,10.1,796.050,368.55,3.57,57,122,565
04/29/2017 00:41:57,255,10.1,798.220,368.02,3.57,56,123,565
04/29/2017 00:42:07,228,10.1,800.390,368.35,3.56,56,128,565
04/29/2017 00:42:17,245,10.1,802.700,368.39,3.56,56,129,565
04/29/2017 00:42:27,257,10.1,804.960,369.15,3.56,56,119,565
04/29/2017 00:42:37,243,10.1,807.240,368.81,3.56,56,120,565
04/29/2017 00:42:47,251,10.1,809.370,368.62,3.55,56,125,565
04/29/2017 00:42:57,234,10.1,811.580,369.01,3.56,54,118,565
04/29/2017 00:43:07,241,10.1,813.880,368.13,3.56,55,120,565
04/29/2017 00:43:17,241,10.1,816.030,368.57,3.55,55,120,565
04/29/2017 00:43:27,233,10.1,818.310,370.10,3.54,57,120,565
04/29/2017 00:43:37,211,10.1,820.580,369.11,3.55,56,120,565
04/29/2017 00:43:47,206,10.1,822.730,369.24,3.55,55,119,565
04/29/2017 00:43:57,222,10.1,824.930,368.65,3.56,55,119,565
04/29/2017 00:44:07,217,10.1,827.100,367.95,3.56,56,120,565
04/29/2017 00:44:17,244,10.1,829.280,368.63,3.56,56,119,565
04/29/2017 00:44:27,239,10.1,831.490,367.55,3.56,56,122,565
04/29/2017 00:44:37,237,10.1,833.730,368.81,3.56,54,128,565
04/29/2017 00:44:47,268,10.1,835.950,367.99,3.57,56,127,565
04/29/2017 00:44:57,245,10.1,838.130,366.92,3.57,55,119,565
04/29/2017 00:45:07,252,10.1,840.320,368.13,3.57,55,119,565
04/29/2017 00:45:17,227,10.1,842.500,367.19,3.56,56,121,565
04/29/2017 00:45:27,243,10.1,844.750,368.20,3.54,56,120,565
04/29/2017 00:45:37,221,10.1,846.980,368.01,3.54,55,119,565
04/29/2017 00:45:47,262,10.1,849.090,366.61,3.54,56,119,565
04/29/2017 00:45:57,272,10.0,851.350,367.28,3.53,55,119,565
04/29/2017 00:46:07,217,10.1,853.620,368.29,3.53,56,118,565
04/29/2017 00:46:17,246,10.1,855.920,367.60,3.53,55,119,565
04/29/2017 00:46:27,275,10.0,858.010,367.65,3.54,55,119,565
04/29/2017 00:46:37,235,10.0,860.170,367.60,3.53,56,119,565
04/29/2017 00:46:47,229,10.1,862.400,366.76,3.52,55,118,565
04/29/2017 00:46:57,238,10.0,864.660,366.91,3.52,54,118,565
04/29/2017 00:47:07,236,10.1,866.730,366.88,3.52,53,119,565
04/29/2017 00:47:17,284,10.0,868.960,366.84,3.52,54,118,565
04/29/2017 00:47:27,216,10.1,871.250,365.08,3.54,55,117,565
04/29/2017 00:47:37,241,10.0,873.270,364.74,3.54,54,119,565
04/29/2017 00:47:47,244,10.1,875.590,364.59,3.54,55,119,565
04/29/2017 00:47:57,241,10.0,877.640,364.61,3.54,55,120,565
04/29/2017 00:48:07,265,10.0,879.790,365.06,3.54,53,119,565
04/29/2017 00:48:17,239,10.0,882.090,364.96,3.53,55,120,565
04/29/2017 00:48:27,229,10.0,884.190,366.00,3.53,55,118,565
04/29/2017 00:48:37,238,10.0,886.440,364.60,3.52,55,119,565
04/29/2017 00:48:47,249,10.0,888.520,364.21,3.52,52,119,565
04/29/2017 00:48:57,235,10.0,890.840,364.22,3.51,53,117,565
04/29/2017 00:49:07,242,10.0,892.950,363.77,3.51,53,117,565
04/29/2017 00:49:17,249,10.0,895.120,363.86,3.50,53,117,565
04/29/2017 00:49:27,246,10.0,897.240,363.06,3.50,52,117,565
04/29/2017 00:49:37,250,10.0,899.530,363.26,3.49,54,117,565
04/29/2017 00:49:47,234,10.0,901.540,363.70,3.49,53,118,565
04/29/2017 00:49:57,223,10.0,903.780,363.91,3.49,53,117,565
04/29/2017 00:50:07,248,10.0,905.850,363.03,3.49,53,118,565
04/29/2017 00:50:17,265,10.0,907.990,362.86,3.49,55,116,565
04/29/2017 00:50:27,281,10.0,910.260,362.97,3.49,54,119,565
04/29/2017 00:50:37,240,10.0,912.450,361.85,3.50,53,117,565
04/29/2017 00:50:47,233,10.0,914.530,362.10,3.49,53,117,565
04/29/2017 00:50:57,230,10.0,916.810,362.19,3.48,54,117,565
04/29/2017 00:51:07,258,10.0,918.890,363.67,3.48,53,118,565
04/29/2017 00:51:17,249,10.0,921.230,363.04,3.47,51,117,565
04/29/2017 00:51:27,262,10.0,923.320,362.53,3.48,53,118,565
04/29/2017 00:51:37,234,10.0,925.630,361.94,3.48,52,116,565
04/29/2017 00:51:47,251,10.0,927.790,361.13,3.48,53,118,565
04/29/2017 00:51:57,270,10.0,929.850,361.30,3.46,52,116,565
04/29/2017 00:52:07,244,10.0,932.000,360.62,3.46,52,116,565
04/29/2017 00:52:17,287,10.0,934.180,361.35,3.46,53,117,565
04/29/2017 00:52:27,265,10.0,936.390,361.33,3.46,51,117,565
04/29/2017 00:52:37,255,10.0,938.650,361.45,3.46,52,116,565
04/29/2017 00:52:47,225,10.0,940.780,360.56,3.45,51,118,565
04/29/2017 00:52:57,268,10.0,942.860,360.55,3.45,53,117,565
04/29/2017 00:53:07,286,10.0,945.070,360.26,3.45,51,117,565
04/29/2017 00:53:17,216,10.0,947.300,360.62,3.46,53,118,565
04/29/2017 00:53:27,230,10.0,949.340,360.21,3.46,53,117,565
04/29/2017 00:53:37,250,10.0,951.560,360.56,3.46,53,117,565
04/29/2017 00:53:47,235,10.0,953.640,360.58,3.46,52,117,565
04/29/2017 00:53:57,239,10.0,955.830,358.98,3.46,53,116,565
04/29/2017 00:54:07,262,10.0,958.010,361.07,3.44,51,137,565
04/29/2017 00:54:17,230,10.0,960.130,360.56,3.43,54,116,565
04/29/2017 00:54:27,238,10.0,962.350,361.26,3.43,53,117,565
04/29/2017 00:54:37,233,10.0,964.480,360.73,3.42,53,117,565
04/29/2017 00:54:47,225,10.0,966.660,360.51,3.42,53,116,565
04/29/2017 00:54:57,184,10.0,968.720,360.88,3.42,52,120,565
04/29/2017 00:55:07,207,10.0,971.000,361.54,3.42,52,117,565
04/29/2017 00:55:17,272,10.0,972.980,360.53,3.42,53,115,565
04/29/2017 00:55:27,248,10.0,975.230,361.00,3.42,53,117,565
04/29/2017 00:55:37,209,10.0,977.260,359.82,3.42,51,117,565
04/29/2017 00:55:47,261,9.9,979.540,360.70,3.42,52,118,565
04/29/2017 00:55:57,219,10.0,981.720,359.80,3.42,52,116,565
04/29/2017 00:56:07,225,9.9,983.810,359.84,3.43,53,114,565
04/29/2017 00:56:17,259,10.0,986.010,359.92,3.44,53,117,565
04/29/2017 00:56:27,249,10.0,988.190,359.18,3.43,52,115,565
04/29/2017 00:56:37,234,10.0,990.350,359.77,3.42,51,116,565
04/29/2017 00:56:47,259,10.0,992.600,358.99,3.42,51,115,565
04/29/2017 00:56:57,241,10.0,994.680,359.06,3.42,52,115,565
04/29/2017 00:57:07,237,10.0,996.730,359.58,3.42,53,116,565
04/29/2017 00:57:17,256,10.0,998.910,358.61,3.42,52,119,565
04/29/2017 00:57:27,228,10.0,1001.180,359.50,3.43,52,116,565
04/29/2017 00:57:37,265,10.0,1003.250,359.45,3.43,51,115,565
04/29/2017 00:57:47,234,9.9,1005.420,358.98,3.43,51,116,565
04/29/2017 00:57:57,231,10.0,1007.550,360.07,3.43,51,118,565
04/29/2017 00:58:07,249,9.9,1009.760,358.01,3.43,52,116,565
04/29/2017 00:58:17,279,9.9,1011.940,358.54,3.42,52,124,565
04/29/2017 00:58:27,251,9.9,1014.160,357.98,3.42,53,116,565
04/29/2017 00:58:37,245,10.0,1016.260,359.36,3.42,52,117,565
04/29/2017 00:58:47,241,10.0,1018.450,358.52,3.41,53,116,565
04/29/2017 00:58:57,245,9.9,1020.650,359.21,3.41,52,117,565
04/29/2017 00:59:07,247,9.9,1022.750,359.90,3.41,52,117,565
04/29/2017 00:59:17,242,9.9,1024.740,359.24,3.41,53,117,565
04/29/2017 00:59:27,230,9.9,1026.820,358.62,3.42,52,117,565
04/29/2017 00:59:37,251,9.9,1028.990,358.32,3.42,51,115,565
04/29/2017 00:59:47,235,9.9,1031.220,358.89,3.42,51,116,565
04/29/2017 00:59:57,207,9.9,1033.340,359.11,3.42,51,117,565
04/29/2017 01:00:07,247,9.9,1035.470,358.15,3.42,52,117,565
04/29/2017 01:00:17,265,9.9,1037.660,358.55,3.42,51,117,565
04/29/2017 01:00:27,208,9.9,1039.770,358.76,3.41,53,114,565
04/29/2017 01:00:37,277,9.9,1041.910,358.34,3.41,52,116,565
04/29/2017 01:00:47,264,9.9,1044.030,358.58,3.41,52,117,565
04/29/2017 01:00:57,258,9.9,1046.100,358.32,3.41,53,116,565
04/29/2017 01:01:07,234,9.9,1048.200,358.29,3.40,52,116,565
04/29/2017 01:01:17,221,9.9,1050.270,358.79,3.40,52,116,565
04/29/2017 01:01:27,256,9.9,1052.520,358.66,3.41,53,114,565
04/29/2017 01:01:37,238,9.9,1054.690,357.48,3.42,52,116,565
04/29/2017 01:01:47,230,9.9,1056.740,357.15,3.42,53,117,565
04/29/2017 01:01:57,265,9.9,1058.910,358.75,3.42,52,116,565
04/29/2017 01:02:07,212,9.9,1060.970,357.67,3.42,53,117,565
04/29/2017 01:02:17,228,9.9,1063.140,357.11,3.42,52,116,565
04/29/2017 01:02:27,270,9.9,1065.230,358.21,3.40,52,115,565
04/29/2017 01:02:37,273,9.9,1067.370,358.33,3.40,52,114,565
04/29/2017 01:02:47,229,9.9,1069.620,359.10,3.40,51,117,565
04/29/2017 01:02:57,248,9.9,1071.510,359.03,3.40,52,115,565
04/29/2017 01:03:07,243,9.9,1073.780,358.08,3.40,51,116,565
04/29/2017 01:03:17,246,9.9,1075.930,358.44,3.40,52,117,565
04/29/2017 01:03:27,251,9.9,1078.020,358.42,3.39,52,114,565
04/29/2017 01:03:37,249,9.9,1080.120,358.40,3.39,51,116,565
04/29/2017 01:03:47,240,9.9,1082.260,358.54,3.39,52,115,565
04/29/2017 01:03:57,246,9.9,1084.410,358.32,3.39,52,115,565
04/29/2017 01:04:07,243,9.9,1086.570,358.32,3.39,53,117,565
04/29/2017 01:04:17,257,9.9,1088.690,359.19,3.38,53,117,565
04/29/2017 01:04:27,271,9.9,1090.820,358.39,3.38,51,116,565
04/29/2017 01:04:37,248,9.9,1092.930,358.91,3.38,53,117,565
04/29/2017 01:04:47,239,9.9,1094.980,357.62,3.38,51,116,565
04/29/2017 01:04:57,238,9.9,1097.130,358.24,3.38,52,117,565
04/29/2017 01:05:07,245,9.9,1099.220,358.16,3.38,53,115,565
04/29/2017 01:05:17,237,9.9,1101.440,358.49,3.38,52,115,565
04/29/2017 01:05:27,234,9.9,1103.470,358.55,3.38,54,117,565
04/29/2017 01:05:37,229,9.9,1105.690,358.09,3.38,53,116,565
04/29/2017 01:05:47,211,9.9,1107.820,357.72,3.38,53,115,565
04/29/2017 01:05:57,258,9.9,1109.960,358.46,3.39,52,115,565
04/29/2017 01:06:07,262,9.9,1112.010,358.08,3.39,52,115,565
04/29/2017 01:06:17,278,9.9,1114.150,357.77,3.39,53,116,565
04/29/2017 01:06:27,179,9.9,1116.230,358.20,3.39,53,117,565
04/29/2017 01:06:37,252,9.9,1118.270,358.11,3.39,52,114,565
04/29/2017 01:06:47,244,9.9,1120.420,357.54,3.40,52,114,565
04/29/2017 01:06:57,243,9.9,1122.590,357.41,3.39,53,116,565
04/29/2017 01:07:07,205,9.9,1124.620,357.33,3.39,52,115,565
04/29/2017 01:07:17,242,9.9,1126.650,356.84,3.39,51,114,565
04/29/2017 01:07:27,286,9.8,1128.820,357.30,3.38,52,116,565
04/29/2017 01:07:37,234,9.9,1130.800,357.42,3.38,52,115,565
04/29/2017 01:07:47,115,9.9,1132.990,357.49,3.38,53,115,565
04/29/2017 01:07:57,280,9.8,1135.050,356.65,3.38,53,116,565
04/29/2017 01:08:07,249,9.9,1137.070,357.58,3.38,52,113,565
04/29/2017 01:08:17,231,9.9,1139.130,357.09,3.38,53,116,565
04/29/2017 01:08:27,235,9.9,1141.220,357.30,3.38,53,116,565
04/29/2017 01:08:37,270,9.8,1143.300,357.23,3.37,53,117,565
04/29/2017 01:08:47,246,9.8,1145.370,358.14,3.37,52,115,565
04/29/2017 01:08:57,243,9.9,1147.390,357.33,3.37,52,114,565
04/29/2017 01:09:07,260,9.9,1149.510,357.25,3.37,50,114,565
04/29/2017 01:09:17,215,9.9,1151.670,356.97,3.38,51,115,565
04/29/2017 01:09:27,286,9.8,1153.770,356.94,3.38,51,115,565
04/29/2017 01:09:37,258,9.9,1155.980,356.05,3.40,52,114,565
04/29/2017 01:09:47,245,9.9,1158.180,355.96,3.41,53,114,565
04/29/2017 01:09:57,255,9.8,1160.140,354.81,3.42,51,116,565
04/29/2017 01:10:07,278,9.9,1162.210,354.63,3.43,51,114,565
04/29/2017 01:10:17,245,9.8,1164.290,354.43,3.43,51,116,565
04/29/2017 01:10:27,241,9.8,1166.430,354.20,3.41,52,115,565
04/29/2017 01:10:37,251,9.9,1168.520,355.64,3.40,52,115,565
04/29/2017 01:10:47,232,9.8,1170.570,356.14,3.40,52,114,565
04/29/2017 01:10:57,245,9.8,1172.680,355.43,3.39,51,114,565
04/29/2017 01:11:07,240,9.9,1174.690,355.27,3.40,54,113,565
04/29/2017 01:11:17,271,9.9,1176.770,355.35,3.40,52,113,565
04/29/2017 01:11:27,253,9.8,1178.750,355.44,3.40,52,116,565
04/29/2017 01:11:37,257,9.8,1180.940,355.54,3.40,52,113,565
04/29/2017 01:11:47,246,9.9,1183.000,356.09,3.40,52,114,565
04/29/2017 01:11:57,263,9.8,1184.990,354.75,3.40,52,115,565
04/29/2017 01:12:07,256,9.8,1187.160,355.05,3.40,52,115,565
04/29/2017 01:12:17,228,9.8,1189.140,354.60,3.40,52,116,565
04/29/2017 01:12:27,262,9.8,1191.220,355.06,3.39,53,114,565
04/29/2017 01:12:37,238,9.8,1193.410,355.38,3.39,52,115,565
04/29/2017 01:12:47,218,9.9,1195.560,354.64,3.40,53,114,565
04/29/2017 01:12:57,245,9.8,1197.760,355.47,3.40,53,113,565
04/29/2017 01:13:07,250,9.9,1199.660,354.07,3.41,52,119,565
04/29/2017 01:13:17,237,9.8,1201.740,354.40,3.41,53,114,565
04/29/2017 01:13:27,254,9.8,1203.810,354.64,3.41,52,114,565
04/29/2017 01:13:37,236,9.8,1205.960,353.99,3.41,53,113,565
04/29/2017 01:13:47,255,9.8,1207.850,353.85,3.41,51,113,565
04/29/2017 01:13:57,251,9.8,1209.950,355.10,3.39,52,114,565
04/29/2017 01:14:07,269,9.8,1211.940,355.46,3.38,51,114,565
04/29/2017 01:14:17,218,9.8,1214.270,355.35,3.38,51,114,565
04/29/2017 01:14:27,232,9.8,1216.250,355.49,3.38,53,115,565
04/29/2017 01:14:37,251,9.8,1218.310,355.46,3.37,53,112,565
04/29/2017 01:14:47,228,9.8,1220.280,356.36,3.37,51,116,565
04/29/2017 01:14:57,245,9.8,1222.620,356.40,3.37,53,113,565
04/29/2017 01:15:07,256,9.8,1224.830,355.62,3.37,51,115,565
04/29/2017 01:15:17,245,9.8,1226.480,355.58,3.37,53,113,565
04/29/2017 01:15:27,282,9.8,1228.790,354.42,3.39,53,115,565
04/29/2017 01:15:37,239,9.8,1230.920,353.78,3.39,52,113,565
04/29/2017 01:15:47,220,9.8,1232.750,353.56,3.40,51,113,565
04/29/2017 01:15:57,249,9.8,1235.170,354.34,3.40,52,113,565
04/29/2017 01:16:07,267,9.8,1237.160,353.83,3.40,53,114,565
04/29/2017 01:16:17,244,9.8,1239.150,354.51,3.39,52,113,565
04/29/2017 01:16:27,257,9.8,1241.190,353.93,3.39,53,113,565
04/29/2017 01:16:37,247,9.8,1243.330,352.69,3.39,53,113,565
04/29/2017 01:16:47,271,9.8,1245.230,354.37,3.39,52,114,565
04/29/2017 01:16:57,251,9.8,1247.320,354.03,3.39,52,112,565
04/29/2017 01:17:07,249,9.8,1249.350,353.65,3.39,51,113,565
04/29/2017 01:17:17,237,9.8,1251.360,352.98,3.40,53,115,565
04/29/2017 01:17:27,241,9.8,1253.380,353.22,3.40,53,114,565
04/29/2017 01:17:37,237,9.8,1255.530,352.51,3.40,52,114,565
04/29/2017 01:17:47,271,9.8,1257.720,351.53,3.41,52,114,565
04/29/2017 01:17:57,259,9.8,1259.660,352.30,3.41,53,113,565
04/29/2017 01:18:07,245,9.8,1261.660,352.94,3.41,53,113,565
04/29/2017 01:18:17,267,9.8,1263.680,351.88,3.42,52,113,565
04/29/2017 01:18:27,216,9.8,1265.780,351.52,3.43,52,113,565
04/29/2017 01:18:37,253,9.8,1267.900,351.37,3.42,52,114,565
04/29/2017 01:18:47,267,9.8,1269.890,351.37,3.41,53,113,565
04/29/2017 01:18:57,281,9.8,1271.980,351.41,3.42,52,113,565
04/29/2017 01:19:07,267,9.8,1273.990,351.53,3.42,52,114,565
04/29/2017 01:19:17,225,9.8,1275.990,351.52,3.42,53,114,565
04/29/2017 01:19:27,259,9.8,1278.110,351.14,3.43,53,113,565
04/29/2017 01:19:37,250,9.8,1280.170,350.39,3.44,51,113,565
04/29/2017 01:19:47,240,9.8,1282.200,349.45,3.46,54,115,565
04/29/2017 01:19:57,221,9.9,1284.290,348.57,3.47,54,113,565
04/29/2017 01:20:07,303,9.8,1286.260,346.84,3.50,51,114,565
04/29/2017 01:20:17,211,9.8,1288.390,346.84,3.50,53,113,565
04/29/2017 01:20:27,250,9.8,1290.500,347.63,3.51,51,114,565
04/29/2017 01:20:37,268,9.8,1292.560,346.18,3.50,52,114,565
04/29/2017 01:20:47,267,9.8,1294.600,346.50,3.49,51,114,565
04/29/2017 01:20:57,273,9.8,1296.600,345.85,3.48,52,112,565
04/29/2017 01:21:07,243,9.8,1298.480,346.90,3.48,54,116,565
04/29/2017 01:21:17,230,9.8,1300.510,347.18,3.48,52,114,565
04/29/2017 01:21:27,245,9.8,1302.740,348.27,3.49,52,114,565
04/29/2017 01:21:37,290,9.8,1304.680,345.40,3.52,53,113,565
04/29/2017 01:21:47,288,9.8,1306.790,346.08,3.49,52,114,565
04/29/2017 01:21:57,248,9.8,1308.860,345.88,3.49,52,114,565
04/29/2017 01:22:07,235,9.8,1310.940,345.11,3.50,53,114,565
04/29/2017 01:22:17,249,9.8,1313.100,345.07,3.51,52,114,565
04/29/2017 01:22:27,276,9.8,1314.930,344.43,3.51,53,114,565
04/29/2017 01:22:37,245,9.8,1317.030,345.00,3.51,52,113,565
04/29/2017 01:22:47,254,9.8,1319.160,344.73,3.49,52,113,565
04/29/2017 01:22:57,254,9.8,1321.190,345.75,3.49,53,113,565
04/29/2017 01:23:07,248,9.8,1323.240,344.28,3.51,52,114,565
04/29/2017 01:23:17,270,9.8,1325.370,344.71,3.50,53,114,565
04/29/2017 01:23:27,243,9.8,1327.260,343.95,3.50,51,112,565
04/29/2017 01:23:37,268,9.8,1329.310,344.93,3.49,52,112,565
04/29/2017 01:23:47,264,9.8,1331.310,344.09,3.50,52,114,565
04/29/2017 01:23:57,266,9.8,1333.400,345.51,3.50,54,115,565
04/29/2017 01:24:07,235,9.8,1335.430,344.28,3.50,53,112,565
04/29/2017 01:24:17,254,9.8,1337.530,344.02,3.50,53,114,565
04/29/2017 01:24:27,281,9.8,1339.600,343.00,3.51,52,113,565
04/29/2017 01:24:37,273,9.7,1341.550,342.45,3.52,51,119,565
04/29/2017 01:24:47,233,9.8,1343.480,342.78,3.52,52,123,565
04/29/2017 01:24:57,246,9.8,1345.580,342.89,3.52,51,111,565
04/29/2017 01:25:07,271,9.8,1347.640,341.17,3.53,53,114,565
04/29/2017 01:25:17,234,9.8,1349.530,340.94,3.53,53,114,565
04/29/2017 01:25:27,233,9.7,1351.640,341.59,3.53,52,120,565
04/29/2017 01:25:37,249,9.7,1353.650,340.90,3.54,53,117,565
04/29/2017 01:25:47,233,9.8,1355.630,340.02,3.55,54,114,565
04/29/2017 01:25:57,267,9.8,1357.650,340.94,3.55,52,114,565
04/29/2017 01:26:07,296,9.7,1359.750,339.81,3.55,53,115,565
04/29/2017 01:26:17,267,9.7,1361.660,341.77,3.56,53,114,565
04/29/2017 01:26:27,287,9.7,1363.790,339.99,3.56,52,114,565
04/29/2017 01:26:37,279,9.8,1365.830,341.63,3.56,52,116,565
04/29/2017 01:26:47,249,9.7,1367.710,340.23,3.56,52,115,565
04/29/2017 01:26:57,257,9.7,1369.790,339.78,3.57,52,115,565
04/29/2017 01:27:07,217,9.7,1371.860,338.97,3.57,53,114,565
04/29/2017 01:27:17,278,9.8,1373.880,340.54,3.57,52,117,565
04/29/2017 01:27:27,254,9.7,1375.980,339.12,3.57,53,116,565
04/29/2017 01:27:37,225,9.7,1378.040,339.56,3.57,53,118,565
04/29/2017 01:27:47,276,9.8,1379.860,340.72,3.57,54,117,565
04/29/2017 01:27:57,249,9.7,1382.100,340.39,3.57,53,117,565
04/29/2017 01:28:07,265,9.7,1383.870,338.12,3.57,53,114,565
04/29/2017 01:28:17,278,9.7,1385.870,338.47,3.57,52,115,565
04/29/2017 01:28:27,242,9.7,1387.900,338.47,3.57,54,115,565
04/29/2017 01:28:37,250,9.8,1389.970,338.51,3.57,53,115,565
04/29/2017 01:28:47,247,9.7,1392.000,339.21,3.57,53,117,565
04/29/2017 01:28:57,261,9.8,1394.050,337.69,3.57,52,118,565
04/29/2017 01:29:07,241,9.8,1396.050,338.20,3.57,52,117,565
04/29/2017 01:29:17,253,9.7,1398.140,336.59,3.57,52,118,565
04/29/2017 01:29:27,263,9.7,1400.060,338.63,3.57,54,120,565
04/29/2017 01:29:37,245,9.7,1402.100,338.23,3.57,54,118,565
04/29/2017 01:29:47,252,9.7,1404.150,339.32,3.57,53,118,565
04/29/2017 01:29:57,221,9.7,1406.180,339.64,3.57,53,117,565
04/29/2017 01:30:07,254,9.8,1408.000,337.23,3.57,52,118,565
04/29/2017 01:30:17,248,9.7,1410.160,339.66,3.57,53,116,565
04/29/2017 01:30:27,231,9.7,1412.190,338.43,3.57,52,117,565
04/29/2017 01:30:37,251,9.7,1414.160,337.63,3.57,53,117,565
04/29/2017 01:30:47,242,9.7,1416.310,338.27,3.57,54,116,565
04/29/2017 01:30:57,257,9.8,1418.230,337.38,3.57,52,118,565
04/29/2017 01:31:07,291,9.7,1420.310,338.65,3.57,53,118,565
04/29/2017 01:31:17,272,9.8,1422.340,336.11,3.57,52,119,565
04/29/2017 01:31:27,243,9.7,1424.290,337.69,3.57,53,117,565
04/29/2017 01:31:37,214,9.7,1426.440,336.10,3.57,53,120,565
04/29/2017 01:31:47,247,9.7,1428.500,336.97,3.58,52,118,565
04/29/2017 01:31:57,258,9.7,1430.340,336.70,3.58,52,120,565
04/29/2017 01:32:07,271,9.7,1432.240,335.47,3.59,52,117,565
04/29/2017 01:32:17,298,9.7,1434.210,335.22,3.59,53,116,565
04/29/2017 01:32:27,296,9.7,1436.030,334.58,3.58,53,115,565
04/29/2017 01:32:37,290,9.7,1437.960,335.40,3.59,53,117,565
04/29/2017 01:32:47,252,9.7,1439.940,335.43,3.59,52,116,565
04/29/2017 01:32:57,248,9.7,1441.810,334.43,3.59,52,116,565
04/29/2017 01:33:07,282,9.7,1443.690,334.94,3.59,52,118,565
04/29/2017 01:33:17,296,9.7,1445.780,334.78,3.59,53,117,565
04/29/2017 01:33:27,234,9.7,1447.520,335.53,3.59,53,117,565
04/29/2017 01:33:37,289,9.7,1449.310,333.40,3.59,52,117,565
04/29/2017 01:33:47,294,9.7,1451.340,334.43,3.58,51,116,565
04/29/2017 01:33:57,289,9.7,1453.280,334.37,3.58,53,117,565
04/29/2017 01:34:07,282,9.8,1455.180,333.96,3.58,52,118,565
04/29/2017 01:34:17,279,9.7,1457.130,334.27,3.59,54,118,565
04/29/2017 01:34:27,275,9.7,1459.120,333.96,3.59,52,116,565
04/29/2017 01:34:37,293,9.7,1460.990,333.10,3.59,53,118,565
04/29/2017 01:34:47,305,9.7,1463.100,332.00,3.60,52,116,565
04/29/2017 01:34:57,240,9.7,1464.860,331.31,3.60,53,116,565
04/29/2017 01:35:07,270,9.7,1466.790,330.70,3.60,53,117,565
04/29/2017 01:35:17,232,9.7,1468.860,329.94,3.61,53,113,565
04/29/2017 01:35:27,307,9.7,1470.740,329.22,3.61,51,119,565
04/29/2017 01:35:37,247,9.7,1472.780,329.45,3.61,53,114,565
04/29/2017 01:35:47,312,9.7,1474.590,329.45,3.61,53,114,565
04/29/2017 01:35:57,237,9.7,1476.520,329.24,3.61,52,114,565
04/29/2017 01:36:07,292,9.7,1478.430,329.42,3.60,54,113,565
04/29/2017 01:36:17,261,9.7,1480.320,329.16,3.61,53,114,565
04/29/2017 01:36:27,246,9.7,1482.250,328.88,3.61,53,115,565
04/29/2017 01:36:37,255,9.7,1484.250,329.16,3.61,54,114,565
04/29/2017 01:36:47,279,9.7,1486.200,329.01,3.59,52,113,565
04/29/2017 01:36:57,286,9.7,1487.980,329.95,3.58,53,115,565
04/29/2017 01:37:07,270,9.7,1490.050,329.48,3.58,54,114,565
04/29/2017 01:37:17,240,9.7,1491.720,329.60,3.58,53,114,565
04/29/2017 01:37:27,283,9.7,1493.740,329.66,3.58,53,114,565
04/29/2017 01:37:37,249,9.7,1495.650,329.56,3.58,51,116,565
04/29/2017 01:37:47,294,9.7,1497.480,329.43,3.59,53,115,565
04/29/2017 01:37:57,258,9.7,1499.500,328.73,3.59,51,113,565
04/29/2017 01:38:07,288,9.7,1501.370,327.84,3.59,53,113,565
04/29/2017 01:38:17,268,9.7,1503.210,328.41,3.58,53,115,565
04/29/2017 01:38:27,255,9.7,1505.290,328.06,3.58,52,116,565
04/29/2017 01:38:37,225,9.7,1507.160,327.90,3.58,51,114,565
04/29/2017 01:38:47,246,9.7,1508.880,328.12,3.58,53,113,565
04/29/2017 01:38:57,294,9.7,1510.880,328.33,3.58,54,113,565
04/29/2017 01:39:07,249,9.7,1512.670,328.21,3.58,52,114,565
04/29/2017 01:39:17,277,9.7,1514.630,328.13,3.58,53,114,565
04/29/2017 01:39:27,276,9.7,1516.600,328.78,3.58,53,113,565
04/29/2017 01:39:37,265,9.7,1518.460,327.13,3.58,52,113,565
04/29/2017 01:39:47,274,9.7,1520.340,327.64,3.58,52,115,565
04/29/2017 01:39:57,254,9.7,1522.290,327.61,3.58,53,114,565
04/29/2017 01:40:07,292,9.7,1524.130,327.75,3.58,52,115,565
04/29/2017 01:40:17,291,9.7,1525.870,328.31,3.58,53,115,565
04/29/2017 01:40:27,309,9.7,1527.670,327.16,3.58,53,114,565
04/29/2017 01:40:37,260,9.7,1529.680,327.59,3.57,54,116,565
04/29/2017 01:40:47,263,9.6,1531.470,327.29,3.57,54,116,565
04/29/2017 01:40:57,278,9.7,1533.310,326.56,3.57,53,116,565
04/29/2017 01:41:07,224,9.7,1535.060,326.62,3.57,53,114,565
04/29/2017 01:41:17,292,9.7,1537.030,326.69,3.57,54,112,565
04/29/2017 01:41:27,298,9.7,1538.950,327.05,3.57,52,114,565
04/29/2017 01:41:37,238,9.6,1540.780,327.42,3.57,53,115,565
04/29/2017 01:41:47,256,9.7,1542.700,326.53,3.57,55,113,565
04/29/2017 01:41:57,224,9.7,1544.610,327.11,3.57,54,114,565
04/29/2017 01:42:07,272,9.7,1546.530,326.55,3.57,52,113,565
04/29/2017 01:42:17,299,9.7,1548.610,326.75,3.57,53,113,565
04/29/2017 01:42:27,294,9.6,1550.360,325.85,3.56,53,132,565
04/29/2017 01:42:37,272,9.6,1552.350,325.92,3.56,53,114,565
04/29/2017 01:42:47,308,9.6,1554.280,326.57,3.55,52,116,565
04/29/2017 01:42:57,282,9.6,1556.230,325.68,3.55,53,114,565
04/29/2017 01:43:07,225,9.6,1558.070,325.34,3.55,53,113,565
04/29/2017 01:43:17,296,9.6,1560.020,325.72,3.55,52,113,565
04/29/2017 01:43:27,276,9.6,1561.920,324.94,3.54,54,114,565
04/29/2017 01:43:37,256,9.6,1563.860,326.20,3.54,52,113,565
04/29/2017 01:43:47,281,9.6,1565.590,326.33,3.54,53,115,565
04/29/2017 01:43:57,296,9.7,1567.620,325.65,3.54,54,113,565
04/29/2017 01:44:07,262,9.6,1569.410,325.71,3.54,52,116,565
04/29/2017 01:44:17,256,9.6,1571.200,325.91,3.54,54,115,565
04/29/2017 01:44:27,305,9.7,1573.170,325.88,3.54,54,115,565
04/29/2017 01:44:37,274,9.6,1575.000,326.00,3.54,52,113,565
04/29/2017 01:44:47,291,9.6,1576.850,325.61,3.54,52,114,565
04/29/2017 01:44:57,271,9.6,1578.720,324.49,3.54,52,113,565
04/29/2017 01:45:07,276,9.6,1580.670,324.40,3.53,53,113,565
04/29/2017 01:45:17,283,9.6,1582.580,325.17,3.53,54,113,565
04/29/2017 01:45:27,282,9.6,1584.510,324.91,3.53,53,115,565
04/29/2017 01:45:37,284,9.6,1586.510,324.32,3.53,54,131,565
04/29/2017 01:45:47,264,9.6,1588.570,324.69,3.53,55,113,565
04/29/2017 01:45:57,226,9.6,1590.480,325.27,3.53,53,115,565
04/29/2017 01:46:07,266,9.6,1592.280,325.37,3.53,52,114,565
04/29/2017 01:46:17,240,9.6,1594.180,324.91,3.53,53,113,565
04/29/2017 01:46:27,257,9.6,1596.070,324.93,3.53,52,114,565
04/29/2017 01:46:37,263,9.7,1597.960,325.97,3.53,53,116,565
04/29/2017 01:46:47,278,9.6,1599.950,325.81,3.52,54,113,565
04/29/2017 01:46:57,238,9.6,1601.970,324.46,3.52,52,116,565
04/29/2017 01:47:07,270,9.6,1603.890,324.25,3.52,53,115,565
04/29/2017 01:47:17,251,9.7,1605.730,324.82,3.52,54,113,565
04/29/2017 01:47:27,287,9.7,1607.690,324.69,3.52,54,113,565
04/29/2017 01:47:37,283,9.7,1609.650,324.94,3.52,54,114,565
04/29/2017 01:47:47,280,9.6,1611.520,324.92,3.51,54,114,565
04/29/2017 01:47:57,276,9.7,1613.590,324.53,3.51,53,113,565
04/29/2017 01:48:07,222,9.6,1615.380,324.28,3.51,52,114,565
04/29/2017 01:48:17,259,9.6,1617.450,324.50,3.51,52,114,565
04/29/2017 01:48:27,250,9.7,1619.160,324.52,3.51,52,116,565
04/29/2017 01:48:37,279,9.6,1621.210,324.99,3.50,53,115,565
04/29/2017 01:48:47,274,9.6,1623.020,324.89,3.50,53,114,565
04/29/2017 01:48:57,276,9.6,1625.120,324.85,3.50,53,112,565
04/29/2017 01:49:07,216,9.6,1627.040,323.98,3.50,53,115,565
04/29/2017 01:49:17,218,9.7,1628.900,324.42,3.50,53,114,565
04/29/2017 01:49:27,287,9.7,1630.820,324.82,3.50,52,114,565
04/29/2017 01:49:37,274,9.7,1632.820,325.16,3.50,53,115,565
04/29/2017 01:49:47,214,9.6,1634.780,325.06,3.50,53,115,565
04/29/2017 01:49:57,239,9.6,1636.650,325.23,3.50,52,118,565
04/29/2017 01:50:07,247,9.6,1638.680,325.27,3.50,53,114,565
04/29/2017 01:50:17,241,9.6,1640.560,324.40,3.50,53,114,565
04/29/2017 01:50:27,290,9.6,1642.510,325.54,3.49,52,112,565
04/29/2017 01:50:37,319,9.6,1644.460,325.18,3.49,53,113,565
04/29/2017 01:50:47,249,9.6,1646.400,325.08,3.49,52,114,565
04/29/2017 01:50:57,246,9.7,1648.220,324.08,3.49,52,114,565
04/29/2017 01:51:07,246,9.6,1650.030,325.74,3.49,54,113,565
04/29/2017 01:51:17,226,9.7,1651.970,324.92,3.49,53,114,565
04/29/2017 01:51:27,280,9.7,1654.060,325.16,3.49,54,116,565
04/29/2017 01:51:37,297,9.6,1655.850,325.74,3.48,53,114,565
04/29/2017 01:51:47,247,9.6,1657.790,325.41,3.48,53,114,565
04/29/2017 01:51:57,243,9.6,1659.660,325.73,3.48,53,119,565
04/29/2017 01:52:07,214,9.6,1661.690,325.16,3.47,53,114,565
04/29/2017 01:52:17,245,9.6,1663.600,324.78,3.47,53,114,565
04/29/2017 01:52:27,286,9.7,1665.510,324.83,3.47,52,113,565
04/29/2017 01:52:37,230,9.6,1667.440,324.67,3.47,53,114,565
04/29/2017 01:52:47,247,9.6,1669.340,324.12,3.47,53,113,565
04/29/2017 01:52:57,285,9.6,1671.200,324.18,3.47,54,115,565
04/29/2017 01:53:07,262,9.6,1673.120,324.20,3.47,53,113,565
04/29/2017 01:53:17,248,9.6,1675.130,324.52,3.47,52,112,565
04/29/2017 01:53:27,246,9.6,1676.940,324.30,3.47,51,114,565
04/29/2017 01:53:37,248,9.6,1678.910,324.67,3.47,52,114,565
04/29/2017 01:53:47,274,9.6,1680.530,326.08,3.47,52,114,565
04/29/2017 01:53:57,252,9.6,1682.190,324.12,3.47,54,114,565
04/29/2017 01:54:07,271,9.6,1684.160,324.85,3.47,52,113,565
04/29/2017 01:54:17,265,9.6,1685.860,324.09,3.47,53,113,565
04/29/2017 01:54:27,160,9.7,1687.470,325.02,3.47,51,114,565
04/29/2017 01:54:37,289,9.6,1689.210,324.97,3.47,53,114,565
04/29/2017 01:54:47,267,9.6,1691.260,324.45,3.47,53,114,565
04/29/2017 01:54:57,236,9.6,1693.210,324.44,3.47,53,113,565
04/29/2017 01:55:07,259,9.6,1695.120,324.51,3.47,54,112,565
04/29/2017 01:55:17,234,9.6,1696.910,324.91,3.46,53,113,565
04/29/2017 01:55:27,263,9.6,1698.610,324.96,3.46,52,114,565
04/29/2017 01:55:37,276,9.7,1700.420,324.74,3.46,52,113,565
04/29/2017 01:55:47,238,9.6,1702.380,324.78,3.46,53,112,565
04/29/2017 01:55:57,293,9.6,1704.260,325.12,3.46,54,115,565
04/29/2017 01:56:07,251,9.6,1706.110,324.61,3.45,54,116,565
04/29/2017 01:56:17,263,9.7,1708.010,325.19,3.45,54,113,565
04/29/2017 01:56:27,170,9.6,1709.830,324.86,3.45,54,115,565
04/29/2017 01:56:37,146,9.6,1711.600,325.06,3.45,52,115,565
04/29/2017 01:56:47,266,9.7,1713.420,325.34,3.45,52,114,565
04/29/2017 01:56:57,230,9.6,1715.370,325.32,3.44,52,114,565
04/29/2017 01:57:07,259,9.6,1717.160,325.94,3.44,53,114,565
04/29/2017 01:57:17,272,9.6,1718.950,325.14,3.44,54,116,565
04/29/2017 01:57:27,261,9.6,1720.830,325.34,3.44,53,112,565
04/29/2017 01:57:37,278,9.6,1722.670,324.31,3.44,53,114,565
04/29/2017 01:57:47,265,9.6,1724.560,325.16,3.43,52,113,565
04/29/2017 01:57:57,291,9.6,1726.320,325.32,3.43,53,117,565
04/29/2017 01:58:07,256,9.6,1727.910,325.10,3.43,52,115,565
04/29/2017 01:58:17,242,9.6,1729.720,325.47,3.42,52,113,565
04/29/2017 01:58:27,237,9.6,1731.290,324.68,3.42,53,115,565
04/29/2017 01:58:37,236,9.6,1732.970,326.14,3.42,52,115,565
04/29/2017 01:58:47,241,9.7,1734.580,324.86,3.42,53,115,565
04/29/2017 01:58:57,225,9.6,1736.220,325.49,3.42,53,115,565
04/29/2017 01:59:07,259,9.6,1737.920,325.60,3.42,54,114,565
04/29/2017 01:59:17,284,9.6,1739.710,325.15,3.42,53,114,565
04/29/2017 01:59:27,224,9.6,1741.190,325.58,3.41,52,112,565
04/29/2017 01:59:37,250,9.6,1743.100,325.09,3.41,54,116,565
04/29/2017 01:59:47,295,9.6,1744.840,325.68,3.41,53,114,565
04/29/2017 01:59:57,245,9.6,1746.700,324.60,3.41,52,115,565
04/29/2017 02:00:07,240,9.7,1748.210,324.37,3.41,54,113,565
04/29/2017 02:00:17,231,9.6,1749.760,325.47,3.41,51,114,565
04/29/2017 02:00:27,263,9.6,1751.610,325.00,3.40,54,114,565
04/29/2017 02:00:37,255,9.6,1753.340,326.28,3.40,53,115,565
04/29/2017 02:00:47,206,9.6,1755.080,325.04,3.40,52,113,565
04/29/2017 02:00:57,264,9.6,1756.580,325.37,3.40,52,114,565
04/29/2017 02:01:07,272,9.6,1758.500,326.46,3.40,53,115,565
04/29/2017 02:01:17,245,9.6,1760.120,325.36,3.39,53,114,565
04/29/2017 02:01:27,242,9.6,1761.950,325.07,3.39,52,113,565
04/29/2017 02:01:37,268,9.6,1763.620,324.44,3.39,52,113,565
04/29/2017 02:01:47,255,9.6,1765.460,324.22,3.39,52,114,565
04/29/2017 02:01:57,229,9.6,1767.300,325.28,3.39,54,114,565
04/29/2017 02:02:07,224,9.6,1768.850,324.09,3.39,53,114,565
04/29/2017 02:02:17,246,9.6,1770.790,323.73,3.39,52,113,565
04/29/2017 02:02:27,298,9.6,1772.700,323.78,3.39,54,112,565
04/29/2017 02:02:37,250,9.7,1774.270,324.06,3.39,52,113,565
04/29/2017 02:02:47,274,9.6,1775.700,324.25,3.38,52,113,565
04/29/2017 02:02:57,238,9.6,1777.440,324.79,3.38,53,114,565
04/29/2017 02:03:07,253,9.6,1779.160,323.92,3.38,53,114,565
04/29/2017 02:03:17,243,9.6,1780.820,323.88,3.38,54,113,565
04/29/2017 02:03:27,288,9.6,1782.810,325.24,3.37,54,112,565
04/29/2017 02:03:37,295,9.6,1784.680,325.00,3.37,52,113,565
04/29/2017 02:03:47,191,9.6,1786.450,325.01,3.37,52,113,565
04/29/2017 02:03:57,265,9.6,1788.220,325.13,3.37,53,112,565
04/29/2017 02:04:07,234,9.6,1790.070,324.33,3.36,53,113,565
04/29/2017 02:04:17,282,9.6,1791.970,324.97,3.36,53,112,565
04/29/2017 02:04:27,276,9.6,1793.770,324.72,3.36,52,112,565
04/29/2017 02:04:37,304,9.6,1795.740,324.57,3.36,52,113,565
04/29/2017 02:04:47,260,9.6,1797.700,324.30,3.35,53,116,565
04/29/2017 02:04:57,257,9.6,1799.520,323.49,3.35,54,113,565
04/29/2017 02:05:07,248,9.6,1801.210,324.04,3.35,52,113,565
04/29/2017 02:05:17,214,9.6,1803.150,323.85,3.35,53,114,565
04/29/2017 02:05:27,273,9.6,1804.730,323.20,3.35,52,113,565
04/29/2017 02:05:37,209,9.7,1806.340,323.34,3.35,54,113,565
04/29/2017 02:05:47,253,9.6,1808.110,323.72,3.35,53,113,565
04/29/2017 02:05:57,278,9.6,1810.010,323.62,3.34,52,112,565
04/29/2017 02:06:07,247,9.6,1811.790,323.11,3.33,52,111,565
04/29/2017 02:06:17,264,9.6,1813.590,323.83,3.33,52,111,565
04/29/2017 02:06:27,238,9.6,1815.570,323.44,3.33,54,111,565
04/29/2017 02:06:37,217,9.6,1817.320,323.71,3.33,54,111,565
04/29/2017 02:06:47,267,9.6,1819.230,323.55,3.33,51,112,565
04/29/2017 02:06:57,264,9.6,1820.940,323.72,3.33,53,111,565
04/29/2017 02:07:07,267,9.6,1822.880,323.80,3.32,52,110,565
04/29/2017 02:07:17,247,9.6,1824.720,323.58,3.32,52,111,565
04/29/2017 02:07:27,252,9.6,1826.630,323.50,3.32,52,112,565
04/29/2017 02:07:37,242,9.6,1828.390,323.03,3.32,52,111,565
04/29/2017 02:07:47,241,9.6,1830.230,323.27,3.31,52,111,565
04/29/2017 02:07:57,226,9.6,1831.910,324.78,3.31,52,113,565
04/29/2017 02:08:07,256,9.7,1833.690,324.12,3.31,54,115,565
04/29/2017 02:08:17,260,9.6,1835.590,325.15,3.30,52,116,565
04/29/2017 02:08:27,290,9.6,1837.530,325.39,3.29,54,116,565
04/29/2017 02:08:37,202,9.6,1839.320,326.04,3.29,51,113,565
04/29/2017 02:08:47,248,9.6,1841.120,326.33,3.29,52,116,565
04/29/2017 02:08:57,282,9.6,1842.760,325.79,3.28,52,114,565
04/29/2017 02:09:07,283,9.6,1844.620,326.02,3.28,53,114,565
04/29/2017 02:09:17,279,9.6,1846.450,326.45,3.28,52,114,565
04/29/2017 02:09:27,277,9.6,1848.400,325.80,3.28,53,113,565
04/29/2017 02:09:37,284,9.6,1850.320,325.73,3.28,52,115,565
04/29/2017 02:09:47,247,9.6,1852.200,325.26,3.28,52,113,565
04/29/2017 02:09:57,238,9.6,1853.900,326.55,3.27,53,114,565
04/29/2017 02:10:07,261,9.6,1855.830,326.40,3.26,52,115,565
04/29/2017 02:10:17,257,9.6,1857.830,325.93,3.26,52,116,565
04/29/2017 02:10:27,251,9.6,1859.640,326.06,3.25,53,114,565
04/29/2017 02:10:37,224,9.6,1861.500,326.67,3.25,53,116,565
04/29/2017 02:10:47,276,9.6,1863.190,326.56,3.25,53,115,565
04/29/2017 02:10:57,300,9.6,1865.170,326.41,3.24,53,115,565
04/29/2017 02:11:07,244,9.6,1866.840,326.73,3.23,53,116,565
04/29/2017 02:11:17,282,9.6,1868.870,327.48,3.23,53,117,565
04/29/2017 02:11:27,274,9.6,1870.690,326.98,3.23,53,116,565
04/29/2017 02:11:37,269,9.6,1872.510,326.54,3.23,53,114,565
04/29/2017 02:11:47,254,9.6,1874.360,327.07,3.23,52,116,565
04/29/2017 02:11:57,253,9.6,1876.320,326.88,3.23,53,114,565
04/29/2017 02:12:07,270,9.6,1878.180,326.88,3.23,52,114,565
04/29/2017 02:12:17,293,9.6,1880.030,325.94,3.23,53,114,565
04/29/2017 02:12:27,253,9.6,1881.920,326.03,3.23,53,116,565
04/29/2017 02:12:37,250,9.6,1883.610,326.70,3.22,53,114,565
04/29/2017 02:12:47,257,9.6,1885.380,326.33,3.22,52,116,565
04/29/2017 02:12:57,298,9.6,1887.280,326.91,3.21,53,115,565
04/29/2017 02:13:07,269,9.6,1889.260,326.80,3.21,52,117,565
04/29/2017 02:13:17,277,9.6,1891.030,326.72,3.21,53,116,565
04/29/2017 02:13:27,253,9.6,1892.830,326.89,3.20,53,119,565
04/29/2017 02:13:37,279,9.6,1894.880,327.21,3.19,53,117,565
04/29/2017 02:13:47,253,9.6,1896.610,327.29,3.19,52,118,565
04/29/2017 02:13:57,302,9.6,1898.520,328.10,3.18,54,117,565
04/29/2017 02:14:07,236,9.6,1900.270,328.46,3.17,53,117,565
04/29/2017 02:14:17,267,9.6,1902.080,327.55,3.18,53,118,565
04/29/2017 02:14:27,251,9.6,1903.940,328.14,3.17,52,118,565
04/29/2017 02:14:37,248,9.6,1905.650,328.20,3.17,53,117,565
04/29/2017 02:14:47,276,9.6,1907.520,328.08,3.17,53,123,565
04/29/2017 02:14:57,273,9.6,1909.380,328.22,3.17,54,118,565
04/29/2017 02:15:07,222,9.6,1911.270,327.64,3.17,52,118,565
04/29/2017 02:15:17,287,9.6,1913.100,328.42,3.16,53,118,565
04/29/2017 02:15:27,256,9.6,1914.950,327.91,3.16,53,117,565
04/29/2017 02:15:37,304,9.6,1916.810,327.64,3.16,54,117,565
04/29/2017 02:15:47,259,9.6,1918.570,328.02,3.16,53,118,565
04/29/2017 02:15:57,287,9.6,1920.410,327.78,3.16,53,116,565
04/29/2017 02:16:07,235,9.6,1922.250,328.01,3.16,54,117,565
04/29/2017 02:16:17,243,9.6,1923.850,327.12,3.16,53,119,565
04/29/2017 02:16:27,225,9.6,1925.590,327.99,3.16,52,117,565
04/29/2017 02:16:37,311,9.6,1927.410,327.79,3.16,54,121,565
04/29/2017 02:16:47,233,9.6,1929.220,328.29,3.16,53,118,565
04/29/2017 02:16:57,259,9.6,1931.040,327.68,3.16,53,116,565
04/29/2017 02:17:07,272,9.6,1932.830,328.43,3.15,53,116,565
04/29/2017 02:17:17,291,9.5,1934.720,327.30,3.15,53,119,565
04/29/2017 02:17:27,261,9.6,1936.390,327.68,3.14,53,119,565
04/29/2017 02:17:37,236,9.5,1938.180,326.52,3.14,53,122,565
04/29/2017 02:17:47,214,9.6,1940.050,327.00,3.14,53,118,565
04/29/2017 02:17:57,274,9.5,1941.910,326.85,3.14,53,116,565
04/29/2017 02:18:07,246,9.6,1943.810,326.52,3.14,53,117,565
04/29/2017 02:18:17,273,9.6,1945.680,326.45,3.14,53,117,565
04/29/2017 02:18:27,264,9.6,1947.380,326.21,3.14,51,115,565
04/29/2017 02:18:37,248,9.6,1949.370,326.40,3.15,53,115,566
04/29/2017 02:18:47,266,9.6,1951.230,325.72,3.15,53,113,565
04/29/2017 02:18:57,238,9.6,1952.940,324.63,3.16,53,113,565
04/29/2017 02:19:07,273,9.6,1954.600,323.65,3.16,53,110,565
04/29/2017 02:19:17,278,9.5,1956.630,323.70,3.16,54,111,565
04/29/2017 02:19:27,268,9.5,1958.410,323.45,3.16,53,112,565
04/29/2017 02:19:37,264,9.6,1960.270,323.67,3.16,53,111,565
04/29/2017 02:19:47,268,9.6,1962.280,323.45,3.16,51,120,565
04/29/2017 02:19:57,262,9.6,1964.000,324.29,3.16,52,111,565
04/29/2017 02:20:07,292,9.6,1965.920,322.98,3.16,53,111,565
04/29/2017 02:20:17,271,9.5,1967.690,323.38,3.16,53,110,565
04/29/2017 02:20:27,285,9.6,1969.610,323.05,3.15,54,111,565
04/29/2017 02:20:37,246,9.6,1971.510,323.52,3.15,51,112,565
04/29/2017 02:20:47,291,9.5,1973.220,322.87,3.15,54,111,566
04/29/2017 02:20:57,265,9.6,1974.990,323.43,3.15,52,112,565
04/29/2017 02:21:07,286,9.6,1976.810,322.99,3.15,54,110,565
04/29/2017 02:21:17,260,9.6,1978.710,323.55,3.14,52,110,565
04/29/2017 02:21:27,243,9.5,1980.600,323.76,3.14,54,113,565
04/29/2017 02:21:37,308,9.6,1982.420,323.60,3.14,53,113,565
04/29/2017 02:21:47,276,9.6,1984.220,323.98,3.13,52,112,566
04/29/2017 02:21:57,291,9.6,1986.110,323.07,3.13,52,112,566
04/29/2017 02:22:07,251,9.6,1987.720,323.07,3.13,51,111,565
04/29/2017 02:22:17,260,9.6,1989.740,323.89,3.13,52,118,565
04/29/2017 02:22:27,260,9.6,1991.560,323.09,3.12,53,111,566
04/29/2017 02:22:37,218,9.6,1993.370,322.56,3.12,52,111,565
04/29/2017 02:22:47,296,9.6,1995.110,323.75,3.12,53,111,565
04/29/2017 02:22:57,276,9.6,1997.100,323.44,3.12,54,112,566
04/29/2017 02:23:07,280,9.5,1999.000,324.36,3.11,53,112,565
04/29/2017 02:23:17,276,9.6,2000.890,323.46,3.11,53,122,565
04/29/2017 02:23:27,277,9.5,2002.650,323.39,3.11,52,119,565
04/29/2017 02:23:37,285,9.5,2004.480,323.27,3.11,52,113,566
04/29/2017 02:23:47,256,9.5,2006.510,323.23,3.11,54,112,565
04/29/2017 02:23:57,296,9.5,2008.280,323.30,3.11,51,111,566
04/29/2017 02:24:07,225,9.5,2010.100,322.72,3.11,54,111,566
04/29/2017 02:24:17,253,9.5,2012.070,322.48,3.11,51,112,565
04/29/2017 02:24:27,288,9.6,2013.900,323.79,3.11,52,111,565
04/29/2017 02:24:37,253,9.6,2015.570,323.54,3.11,53,111,566
04/29/2017 02:24:47,249,9.5,2017.560,323.19,3.10,52,111,566
04/29/2017 02:24:57,281,9.6,2019.360,323.53,3.09,52,111,566
04/29/2017 02:25:07,256,9.6,2021.380,323.07,3.09,53,110,565
04/29/2017 02:25:17,263,9.5,2023.090,323.09,3.09,54,111,566
04/29/2017 02:25:27,265,9.6,2025.040,322.46,3.09,54,112,565
04/29/2017 02:25:37,293,9.6,2026.690,323.51,3.09,54,111,565
04/29/2017 02:25:47,259,9.6,2028.770,323.70,3.08,53,112,565
04/29/2017 02:25:57,229,9.6,2030.590,323.17,3.08,54,111,566
04/29/2017 02:26:07,274,9.6,2032.400,323.48,3.08,54,110,566
04/29/2017 02:26:17,290,9.6,2034.270,323.13,3.08,54,110,565
04/29/2017 02:26:27,270,9.6,2036.290,323.44,3.08,53,112,566
04/29/2017 02:26:37,254,9.6,2037.980,323.22,3.08,53,111,566
04/29/2017 02:26:47,271,9.6,2039.900,322.95,3.08,53,111,565
04/29/2017 02:26:57,258,9.6,2041.710,323.13,3.08,54,111,566
04/29/2017 02:27:07,316,9.6,2043.410,323.52,3.08,55,110,565
04/29/2017 02:27:17,278,9.6,2045.460,323.20,3.08,53,109,566
04/29/2017 02:27:27,253,9.6,2047.050,322.68,3.07,51,111,566
04/29/2017 02:27:37,252,9.6,2049.010,323.64,3.07,52,118,566
04/29/2017 02:27:47,249,9.5,2050.750,323.35,3.07,53,112,566
04/29/2017 02:27:57,254,9.5,2052.750,322.71,3.07,53,112,566
04/29/2017 02:28:07,251,9.5,2054.520,322.91,3.07,53,110,566
04/29/2017 02:28:17,238,9.5,2056.240,322.93,3.07,54,111,566
04/29/2017 02:28:27,264,9.5,2058.070,323.45,3.06,53,114,566
04/29/2017 02:28:37,273,9.5,2060.060,323.20,3.06,54,111,566
04/29/2017 02:28:47,286,9.6,2061.960,322.89,3.06,52,109,566
04/29/2017 02:28:57,273,9.6,2063.770,322.45,3.06,53,110,565
04/29/2017 02:29:07,290,9.6,2065.550,322.55,3.06,53,111,566
04/29/2017 02:29:17,265,9.6,2067.460,322.37,3.06,53,111,566
04/29/2017 02:29:27,239,9.6,2069.260,322.86,3.05,53,112,566
04/29/2017 02:29:37,253,9.6,2071.020,322.57,3.05,55,110,566
04/29/2017 02:29:47,296,9.6,2072.920,322.34,3.05,52,109,566
04/29/2017 02:29:57,247,9.5,2074.860,323.42,3.05,54,110,565
04/29/2017 02:30:07,242,9.6,2076.530,322.53,3.05,52,112,566
04/29/2017 02:30:17,238,9.5,2078.460,322.53,3.05,53,114,565
04/29/2017 02:30:27,306,9.6,2080.300,323.39,3.05,52,111,566
04/29/2017 02:30:37,248,9.6,2082.170,322.61,3.05,54,112,566
04/29/2017 02:30:47,268,9.5,2083.910,322.75,3.05,53,112,565
04/29/2017 02:30:57,297,9.5,2085.840,322.19,3.05,54,114,566
04/29/2017 02:31:07,264,9.6,2087.720,321.98,3.05,52,109,566
04/29/2017 02:31:17,259,9.6,2089.520,322.51,3.05,53,112,565
04/29/2017 02:31:27,250,9.5,2091.270,322.58,3.04,52,111,566
04/29/2017 02:31:37,292,9.5,2092.980,322.02,3.04,53,111,566
04/29/2017 02:31:47,243,9.6,2094.890,322.77,3.04,53,111,566
04/29/2017 02:31:57,272,9.5,2096.790,321.90,3.04,54,113,566
04/29/2017 02:32:07,260,9.5,2098.650,322.38,3.04,53,110,566
04/29/2017 02:32:17,289,9.5,2100.500,322.10,3.03,51,111,566
04/29/2017 02:32:27,281,9.5,2102.270,323.84,3.03,53,112,566
04/29/2017 02:32:37,258,9.6,2104.010,322.71,3.03,54,111,566
04/29/2017 02:32:47,246,9.5,2105.770,322.33,3.03,52,110,566
04/29/2017 02:32:57,268,9.6,2107.510,322.42,3.03,53,115,566
04/29/2017 02:33:07,259,9.6,2109.350,322.31,3.03,52,110,566
04/29/2017 02:33:17,252,9.5,2111.300,322.25,3.03,53,111,566
04/29/2017 02:33:27,260,9.6,2113.080,321.75,3.03,53,111,566
04/29/2017 02:33:37,253,9.6,2114.930,321.92,3.03,52,111,566
04/29/2017 02:33:47,291,9.5,2116.820,322.17,3.03,52,113,566
04/29/2017 02:33:57,330,9.5,2118.720,321.85,3.03,53,111,566
04/29/2017 02:34:07,246,9.5,2120.500,322.39,3.02,52,111,566
04/29/2017 02:34:17,238,9.5,2122.220,321.84,3.02,53,110,566
04/29/2017 02:34:27,268,9.5,2124.110,322.71,3.02,53,111,566
04/29/2017 02:34:37,274,9.5,2125.920,322.19,3.02,54,109,566
04/29/2017 02:34:47,279,9.6,2127.690,322.04,3.02,54,113,566
04/29/2017 02:34:57,273,9.5,2129.590,322.00,3.02,54,113,566
04/29/2017 02:35:07,287,9.5,2131.560,322.15,3.02,52,111,566
04/29/2017 02:35:17,269,9.6,2133.410,322.44,3.01,54,112,566
04/29/2017 02:35:27,240,9.5,2135.200,322.31,3.01,54,111,566
04/29/2017 02:35:37,285,9.6,2137.060,323.37,3.00,52,111,566
04/29/2017 02:35:47,277,9.5,2139.010,322.69,3.00,53,111,566
04/29/2017 02:35:57,302,9.5,2140.770,322.77,2.99,52,113,566
04/29/2017 02:36:07,250,9.5,2142.650,324.29,2.98,52,112,566
04/29/2017 02:36:17,263,9.6,2144.620,323.30,2.98,54,114,566
04/29/2017 02:36:27,255,9.5,2146.490,323.78,2.98,53,115,566
04/29/2017 02:36:37,281,9.5,2148.420,323.43,2.97,53,115,566
04/29/2017 02:36:47,229,9.5,2150.470,324.11,2.97,53,112,566
04/29/2017 02:36:57,241,9.5,2152.150,324.25,2.97,53,113,566
04/29/2017 02:37:07,260,9.6,2154.090,323.56,2.97,53,113,566
04/29/2017 02:37:17,249,9.6,2155.860,323.71,2.97,54,113,566
04/29/2017 02:37:27,255,9.5,2157.660,324.23,2.97,54,114,566
04/29/2017 02:37:37,232,9.5,2159.600,323.76,2.96,52,115,566
04/29/2017 02:37:47,239,9.5,2161.300,323.83,2.96,54,113,566
04/29/2017 02:37:57,248,9.6,2163.190,323.42,2.96,53,113,566
04/29/2017 02:38:07,246,9.5,2165.000,323.74,2.96,53,114,566
04/29/2017 02:38:17,276,9.5,2166.620,324.12,2.95,52,112,566
04/29/2017 02:38:27,278,9.6,2168.430,324.31,2.94,52,113,566
04/29/2017 02:38:37,268,9.6,2170.250,324.38,2.94,54,115,566
04/29/2017 02:38:47,290,9.6,2172.120,324.42,2.94,53,114,566
04/29/2017 02:38:57,267,9.5,2173.870,323.93,2.94,53,114,566
04/29/2017 02:39:07,263,9.5,2175.610,324.64,2.93,54,114,566
04/29/2017 02:39:17,264,9.6,2177.330,325.16,2.93,52,115,566
04/29/2017 02:39:27,276,9.5,2179.190,325.40,2.92,52,114,566
04/29/2017 02:39:37,272,9.5,2181.070,325.12,2.92,53,115,566
04/29/2017 02:39:47,247,9.5,2182.900,325.64,2.91,53,116,566
04/29/2017 02:39:57,251,9.5,2184.630,325.24,2.91,52,117,566
04/29/2017 02:40:07,270,9.5,2186.320,325.53,2.91,54,115,566
04/29/2017 02:40:17,294,9.5,2188.270,325.58,2.91,53,112,566
04/29/2017 02:40:27,233,9.5,2190.010,326.20,2.91,54,115,566
04/29/2017 02:40:37,255,9.6,2191.970,326.56,2.90,53,116,566
04/29/2017 02:40:47,307,9.6,2193.660,325.72,2.90,51,116,566
04/29/2017 02:40:57,269,9.5,2195.380,326.12,2.90,53,113,566
04/29/2017 02:41:07,282,9.6,2197.340,325.82,2.89,52,118,566
04/29/2017 02:41:17,253,9.5,2199.210,325.70,2.89,54,115,566
04/29/2017 02:41:27,258,9.5,2200.980,326.15,2.89,53,118,566
04/29/2017 02:41:37,274,9.5,2202.860,326.40,2.88,52,120,566
04/29/2017 02:41:47,276,9.5,2204.760,325.79,2.88,54,115,566
04/29/2017 02:41:57,246,9.5,2206.520,325.16,2.88,53,117,566
04/29/2017 02:42:07,254,9.5,2208.280,326.95,2.87,54,116,566
04/29/2017 02:42:17,226,9.5,2210.000,325.74,2.87,52,117,566
04/29/2017 02:42:27,228,9.5,2211.920,325.96,2.86,53,125,566
04/29/2017 02:42:37,243,9.6,2213.760,327.10,2.85,53,117,566
04/29/2017 02:42:47,240,9.5,2215.470,327.26,2.84,55,117,566
04/29/2017 02:42:57,284,9.5,2217.380,327.98,2.83,53,119,566
04/29/2017 02:43:07,248,9.5,2219.260,327.93,2.82,52,122,566
04/29/2017 02:43:17,236,9.6,2220.970,330.01,2.79,52,121,566
04/29/2017 02:43:27,264,9.6,2222.670,328.74,2.81,53,120,566
04/29/2017 02:43:37,275,9.5,2224.460,327.58,2.81,53,121,566
04/29/2017 02:43:47,290,9.5,2226.370,328.51,2.80,53,120,566
04/29/2017 02:43:57,256,9.5,2228.120,327.26,2.80,53,119,566
04/29/2017 02:44:07,268,9.5,2229.830,328.16,2.80,55,122,566
04/29/2017 02:44:17,250,9.5,2231.470,328.55,2.79,54,120,566
04/29/2017 02:44:27,280,9.5,2233.410,328.76,2.79,53,118,566
04/29/2017 02:44:37,254,9.6,2235.240,328.00,2.79,53,122,566
04/29/2017 02:44:47,245,9.6,2236.800,326.79,2.80,53,122,566
04/29/2017 02:44:57,255,9.5,2238.590,326.94,2.80,53,117,566
04/29/2017 02:45:07,248,9.6,2240.210,326.30,2.81,52,116,566
04/29/2017 02:45:17,261,9.5,2242.220,325.58,2.81,53,116,566
04/29/2017 02:45:27,248,9.5,2243.950,324.48,2.81,54,116,566
04/29/2017 02:45:37,253,9.5,2245.710,325.14,2.81,55,116,566
04/29/2017 02:45:47,292,9.6,2247.590,324.58,2.82,53,117,566
04/29/2017 02:45:57,288,9.5,2249.370,324.31,2.82,53,114,566
04/29/2017 02:46:07,273,9.5,2251.160,323.48,2.82,52,115,566
04/29/2017 02:46:17,274,9.5,2253.040,322.51,2.83,53,113,566
04/29/2017 02:46:27,286,9.6,2254.680,323.02,2.83,52,112,566
04/29/2017 02:46:37,303,9.5,2256.740,322.58,2.83,52,112,566
04/29/2017 02:46:47,280,9.5,2258.570,321.93,2.83,53,115,566
04/29/2017 02:46:57,265,9.5,2260.300,322.49,2.83,54,114,566
04/29/2017 02:47:07,231,9.5,2261.920,321.65,2.83,54,112,566
04/29/2017 02:47:17,265,9.5,2263.620,322.33,2.83,53,113,566
04/29/2017 02:47:27,294,9.6,2265.510,322.01,2.83,53,112,566
04/29/2017 02:47:37,266,9.6,2267.270,321.89,2.83,52,112,566
04/29/2017 02:47:47,233,9.5,2268.990,321.93,2.82,52,111,566
04/29/2017 02:47:57,243,9.5,2270.690,322.53,2.82,54,114,566
04/29/2017 02:48:07,297,9.6,2272.350,322.35,2.82,53,111,566
04/29/2017 02:48:17,238,9.5,2274.190,321.70,2.82,54,111,566
04/29/2017 02:48:27,278,9.5,2276.050,321.37,2.82,52,113,566
04/29/2017 02:48:37,246,9.5,2277.800,322.20,2.82,53,112,566
04/29/2017 02:48:47,282,9.5,2279.570,322.24,2.82,53,110,566
04/29/2017 02:48:57,252,9.5,2281.460,321.42,2.82,53,111,566
04/29/2017 02:49:07,272,9.5,2283.270,322.41,2.81,53,113,566
04/29/2017 02:49:17,267,9.5,2285.030,322.14,2.81,52,111,566
04/29/2017 02:49:27,218,9.5,2286.770,322.81,2.81,53,117,566
04/29/2017 02:49:37,278,9.6,2288.640,322.26,2.81,53,113,566
04/29/2017 02:49:47,269,9.5,2290.350,322.05,2.80,53,111,566
04/29/2017 02:49:57,274,9.5,2292.160,322.01,2.80,52,111,566
04/29/2017 02:50:07,270,9.5,2293.930,321.45,2.80,53,109,566
04/29/2017 02:50:17,257,9.5,2295.700,322.03,2.80,53,112,566
04/29/2017 02:50:27,247,9.6,2297.610,322.57,2.79,52,112,566
04/29/2017 02:50:37,236,9.5,2299.110,321.39,2.79,54,111,566
04/29/2017 02:50:47,238,9.5,2300.750,321.38,2.79,55,112,566
04/29/2017 02:50:57,235,9.5,2302.700,322.05,2.79,52,112,566
04/29/2017 02:51:07,281,9.5,2304.480,322.03,2.79,53,112,566
04/29/2017 02:51:17,257,9.5,2306.130,321.72,2.78,53,112,566
04/29/2017 02:51:27,250,9.5,2308.010,321.79,2.78,52,112,566
04/29/2017 02:51:37,272,9.5,2309.670,321.93,2.78,53,112,566
04/29/2017 02:51:47,286,9.6,2311.490,321.23,2.78,53,113,566
04/29/2017 02:51:57,268,9.5,2313.250,321.75,2.77,53,111,566
04/29/2017 02:52:07,247,9.5,2314.940,321.75,2.77,53,112,566
04/29/2017 02:52:17,267,9.5,2316.830,322.17,2.77,54,111,566
04/29/2017 02:52:27,229,9.5,2318.550,321.59,2.77,54,111,566
04/29/2017 02:52:37,312,9.5,2320.260,321.58,2.76,53,121,566
04/29/2017 02:52:47,298,9.5,2322.020,322.35,2.76,52,112,566
04/29/2017 02:52:57,258,9.5,2323.750,322.55,2.75,53,111,566
04/29/2017 02:53:07,236,9.5,2325.660,322.21,2.75,52,113,566
04/29/2017 02:53:17,268,9.5,2327.450,322.80,2.75,52,114,566
04/29/2017 02:53:27,240,9.5,2329.170,321.86,2.75,53,112,566
04/29/2017 02:53:37,287,9.5,2331.030,322.64,2.75,55,113,566
04/29/2017 02:53:47,255,9.5,2332.620,323.00,2.75,53,113,566
04/29/2017 02:53:57,304,9.6,2334.170,322.61,2.75,53,112,566
04/29/2017 02:54:07,295,9.5,2336.060,322.32,2.75,53,112,566
04/29/2017 02:54:17,250,9.5,2337.880,322.72,2.74,54,113,566
04/29/2017 02:54:27,242,9.5,2339.490,322.66,2.74,53,113,566
04/29/2017 02:54:37,278,9.6,2341.270,322.15,2.74,54,115,566
04/29/2017 02:54:47,228,9.5,2343.140,322.63,2.74,54,111,566
04/29/2017 02:54:57,236,9.5,2344.930,322.32,2.74,52,113,566
04/29/2017 02:55:07,272,9.5,2346.620,322.94,2.74,53,112,566
04/29/2017 02:55:17,272,9.5,2348.400,322.95,2.74,54,112,566
04/29/2017 02:55:27,297,9.5,2350.140,321.82,2.73,52,111,566
04/29/2017 02:55:37,263,9.5,2351.720,323.32,2.73,54,114,566
04/29/2017 02:55:47,270,9.5,2353.530,322.30,2.73,51,113,566
04/29/2017 02:55:57,251,9.5,2355.230,322.28,2.73,52,114,566
04/29/2017 02:56:07,291,9.5,2356.920,323.08,2.73,53,113,566
04/29/2017 02:56:17,283,9.5,2358.620,322.56,2.73,52,112,566
04/29/2017 02:56:27,281,9.5,2360.420,322.65,2.72,52,120,566
04/29/2017 02:56:37,285,9.5,2362.180,322.53,2.72,52,111,566
04/29/2017 02:56:47,286,9.5,2363.760,322.33,2.72,53,113,566
04/29/2017 02:56:57,263,9.5,2365.420,322.55,2.72,53,113,566
04/29/2017 02:57:07,244,9.5,2367.090,322.05,2.72,53,114,566
04/29/2017 02:57:17,304,9.5,2368.880,322.76,2.72,54,113,566
04/29/2017 02:57:27,279,9.5,2370.580,322.94,2.71,53,113,566
04/29/2017 02:57:37,253,9.5,2372.170,323.31,2.70,52,115,566
04/29/2017 02:57:47,263,9.5,2373.790,322.51,2.70,53,115,566
04/29/2017 02:57:57,308,9.5,2375.310,322.88,2.69,54,118,566
04/29/2017 02:58:07,297,9.5,2376.810,323.32,2.69,52,116,566
04/29/2017 02:58:17,278,9.5,2378.550,323.34,2.69,53,116,566
04/29/2017 02:58:27,279,9.6,2380.110,322.87,2.68,53,113,566
04/29/2017 02:58:37,299,9.5,2381.690,323.05,2.68,53,115,566
04/29/2017 02:58:47,280,9.5,2383.400,323.62,2.68,54,113,566
04/29/2017 02:58:57,259,9.5,2385.030,323.86,2.68,52,115,566
04/29/2017 02:59:07,260,9.5,2386.460,323.80,2.68,53,115,566
04/29/2017 02:59:17,252,9.5,2387.930,323.71,2.68,55,116,566
04/29/2017 02:59:27,308,9.5,2389.630,323.55,2.68,53,114,566
04/29/2017 02:59:37,293,9.5,2391.370,323.34,2.67,52,114,566
04/29/2017 02:59:47,306,9.5,2392.910,323.33,2.67,52,115,566
04/29/2017 02:59:57,242,9.5,2394.240,322.72,2.67,53,114,566
04/29/2017 03:00:07,281,9.5,2395.770,323.93,2.66,53,115,566
04/29/2017 03:00:17,258,9.5,2397.370,323.52,2.66,52,113,566
04/29/2017 03:00:27,298,9.5,2398.940,323.75,2.65,52,115,566
04/29/2017 03:00:37,255,9.5,2400.590,324.23,2.65,52,118,566
04/29/2017 03:00:47,266,9.5,2402.290,325.03,2.64,54,114,566
04/29/2017 03:00:57,285,9.5,2403.980,324.34,2.64,54,114,566
04/29/2017 03:01:07,263,9.5,2405.480,324.00,2.64,54,118,566
04/29/2017 03:01:17,283,9.5,2406.880,324.41,2.64,53,115,566
04/29/2017 03:01:27,259,9.5,2408.530,324.09,2.64,53,113,566
04/29/2017 03:01:37,326,9.5,2410.070,324.94,2.63,55,115,566
04/29/2017 03:01:47,254,9.5,2411.940,324.67,2.63,55,116,566
04/29/2017 03:01:57,300,9.5,2413.330,324.50,2.63,53,114,566
04/29/2017 03:02:07,269,9.5,2414.810,325.05,2.63,53,114,566
04/29/2017 03:02:17,260,9.5,2416.330,325.12,2.63,53,115,566
04/29/2017 03:02:27,261,9.5,2417.870,324.93,2.62,54,115,566
04/29/2017 03:02:37,282,9.5,2419.470,325.04,2.62,53,115,566
04/29/2017 03:02:47,305,9.5,2421.100,324.81,2.62,52,120,566
04/29/2017 03:02:57,283,9.5,2422.690,324.72,2.61,53,116,566
04/29/2017 03:03:07,281,9.5,2424.090,325.07,2.61,52,115,566
04/29/2017 03:03:17,258,9.5,2425.730,326.46,2.60,53,115,566
04/29/2017 03:03:27,272,9.5,2427.190,326.21,2.60,53,114,566
04/29/2017 03:03:37,265,9.5,2428.770,326.58,2.60,53,115,566
04/29/2017 03:03:47,238,9.5,2430.580,325.60,2.60,53,118,566
04/29/2017 03:03:57,280,9.5,2432.160,326.55,2.60,53,119,566
04/29/2017 03:04:07,272,9.5,2433.530,326.54,2.59,53,115,566
04/29/2017 03:04:17,253,9.5,2434.980,326.50,2.58,53,118,566
04/29/2017 03:04:27,266,9.5,2436.390,327.32,2.57,53,119,566
04/29/2017 03:04:37,318,9.5,2437.880,328.48,2.56,55,120,566
04/29/2017 03:04:47,255,9.5,2439.640,328.88,2.54,53,122,566
04/29/2017 03:04:57,276,9.5,2440.940,331.82,2.52,54,121,566
04/29/2017 03:05:07,256,9.5,2442.460,331.66,2.51,53,126,566
04/29/2017 03:05:17,316,9.5,2443.930,332.81,2.50,54,129,566
04/29/2017 03:05:27,284,9.4,2445.380,333.41,2.49,53,125,566
04/29/2017 03:05:37,270,9.5,2446.910,334.60,2.49,54,125,566
04/29/2017 03:05:47,291,9.5,2448.520,334.43,2.48,54,128,566
04/29/2017 03:05:57,252,9.5,2449.910,335.19,2.48,53,125,566
04/29/2017 03:06:07,262,9.5,2451.010,334.81,2.47,54,126,566
04/29/2017 03:06:17,238,9.5,2452.330,335.45,2.46,52,129,566
04/29/2017 03:06:27,290,9.5,2453.860,336.59,2.44,52,130,566
04/29/2017 03:06:37,297,9.5,2455.290,336.14,2.44,53,130,566
04/29/2017 03:06:47,327,9.5,2456.820,335.81,2.44,52,132,566
04/29/2017 03:06:57,311,9.5,2458.530,336.19,2.43,54,130,566
04/29/2017 03:07:07,254,9.5,2459.740,337.08,2.42,55,131,567
04/29/2017 03:07:17,308,9.5,2460.930,336.08,2.42,53,132,566
04/29/2017 03:07:27,252,9.5,2462.270,336.92,2.41,53,143,566
04/29/2017 03:07:37,222,9.5,2463.390,336.19,2.41,52,130,566
04/29/2017 03:07:47,290,9.5,2464.430,337.32,2.40,53,132,566
04/29/2017 03:07:57,287,9.5,2465.510,336.88,2.39,52,132,567
04/29/2017 03:08:07,315,9.5,2466.910,337.31,2.39,53,130,566
04/29/2017 03:08:17,312,9.5,2468.030,336.70,2.39,52,136,566
04/29/2017 03:08:27,241,9.5,2468.960,337.67,2.39,53,133,566
04/29/2017 03:08:37,208,9.5,2469.730,336.42,2.38,53,130,566
04/29/2017 03:08:47,272,9.5,2470.660,336.69,2.38,53,134,567
04/29/2017 03:08:57,241,9.5,2471.640,336.93,2.37,53,134,566
04/29/2017 03:09:07,251,9.5,2472.830,336.84,2.37,54,130,566
04/29/2017 03:09:17,245,9.5,2473.700,337.87,2.36,54,135,567
04/29/2017 03:09:27,268,9.5,2474.570,337.29,2.36,53,130,566
04/29/2017 03:09:37,248,9.5,2475.530,336.67,2.36,53,138,566
04/29/2017 03:09:47,267,9.5,2476.560,336.38,2.36,54,131,567
04/29/2017 03:09:57,241,9.5,2477.530,337.83,2.36,53,136,567
04/29/2017 03:10:07,266,9.5,2478.430,337.60,2.36,53,129,567
04/29/2017 03:10:17,247,9.5,2479.320,337.10,2.36,53,131,567
04/29/2017 03:10:27,255,9.5,2480.590,337.51,2.36,53,130,566
04/29/2017 03:10:37,269,9.5,2481.620,336.90,2.36,53,138,567
04/29/2017 03:10:47,270,9.5,2482.750,336.66,2.36,54,130,566
04/29/2017 03:10:57,232,9.5,2483.870,336.61,2.36,53,133,567
04/29/2017 03:11:07,236,9.5,2485.290,338.10,2.36,53,130,566
04/29/2017 03:11:17,253,9.5,2486.340,336.92,2.36,52,130,567
04/29/2017 03:11:27,285,9.5,2487.670,337.02,2.36,53,130,567
04/29/2017 03:11:37,250,9.5,2488.810,336.59,2.36,53,133,567
04/29/2017 03:11:47,238,9.5,2490.030,337.00,2.36,52,136,567
04/29/2017 03:11:57,241,9.6,2491.050,336.50,2.35,54,133,567
04/29/2017 03:12:07,261,9.5,2492.140,337.35,2.35,54,131,567
04/29/2017 03:12:17,237,9.5,2493.100,336.51,2.35,52,126,567
04/29/2017 03:12:27,231,9.5,2494.180,336.52,2.34,52,129,567
04/29/2017 03:12:37,285,9.5,2495.170,336.54,2.33,52,127,567
04/29/2017 03:12:47,230,9.5,2496.240,336.22,2.33,53,134,567
04/29/2017 03:12:57,263,9.5,2497.560,336.17,2.32,54,126,567
04/29/2017 03:13:07,243,9.5,2498.540,336.94,2.32,52,130,567
04/29/2017 03:13:17,262,9.5,2499.760,337.08,2.31,53,127,567
04/29/2017 03:13:27,243,9.5,2500.820,337.37,2.30,53,128,567
04/29/2017 03:13:37,206,9.5,2501.850,337.34,2.30,53,128,567
04/29/2017 03:13:47,226,9.5,2502.820,337.00,2.29,53,129,567
04/29/2017 03:13:57,209,9.5,2503.820,337.88,2.29,53,130,566
04/29/2017 03:14:07,236,9.5,2504.690,336.99,2.29,52,130,567
04/29/2017 03:14:17,257,9.5,2505.620,337.41,2.27,53,124,567
04/29/2017 03:14:27,233,9.5,2506.300,337.62,2.27,53,124,567
04/29/2017 03:14:37,274,9.5,2507.060,336.98,2.27,51,126,567
04/29/2017 03:14:47,273,9.5,2507.770,337.49,2.27,53,127,567
04/29/2017 03:14:57,256,9.5,2508.340,337.46,2.27,53,125,567
04/29/2017 03:15:07,236,9.5,2508.540,337.01,2.26,54,126,567
04/29/2017 03:15:17,266,9.5,2508.840,336.89,2.26,53,127,567
04/29/2017 03:15:27,217,9.5,2509.060,337.46,2.26,53,126,567
04/29/2017 03:15:37,272,9.5,2509.430,337.03,2.26,54,127,567

 Ramp exit:    SMOOTH RUNNING
 Profile exit: BOTTOM PRESSURE

 Vehicle motion stopped at 04/29/2017 03:15:41
 Sensor logging stopped at 04/29/2017 03:17:49
