
 Profile 323

 Sensors were turned on at  04/06/2017 12:00:02
 Vehicle began profiling at 04/06/2017 12:02:04

Date,[mA],[V],[dbar],Oxygen[uM],Optode Temp[C],Chl,NTU,Therm
04/06/2017 12:02:04,0,11.0,0.000,0.00,0.00,53,116,569
04/06/2017 12:02:14,186,10.8,0.000,0.00,0.00,54,117,569
04/06/2017 12:02:24,123,10.8,0.000,0.00,0.00,53,117,569
04/06/2017 12:02:37,174,10.8,2513.060,330.03,2.43,52,117,569
04/06/2017 12:02:47,88,11.0,2510.380,329.15,2.44,53,116,569
04/06/2017 12:02:57,96,11.0,2507.560,329.74,2.45,52,120,569
04/06/2017 12:03:07,79,11.0,2504.750,329.71,2.46,53,123,569
04/06/2017 12:03:17,89,11.0,2502.000,330.19,2.46,53,120,569
04/06/2017 12:03:27,82,11.0,2499.090,329.27,2.46,54,121,569
04/06/2017 12:03:37,85,11.0,2496.390,330.61,2.46,53,122,568
04/06/2017 12:03:47,84,10.9,2493.510,330.35,2.46,52,124,568
04/06/2017 12:03:57,87,10.9,2490.790,331.55,2.47,55,121,568
04/06/2017 12:04:07,79,10.9,2487.990,331.63,2.47,52,123,568
04/06/2017 12:04:17,87,10.9,2485.210,331.62,2.48,53,124,568
04/06/2017 12:04:27,85,11.0,2482.470,331.47,2.48,54,123,568
04/06/2017 12:04:37,87,10.9,2479.710,332.18,2.49,54,124,568
04/06/2017 12:04:47,90,10.9,2476.860,331.93,2.50,54,124,568
04/06/2017 12:04:57,88,10.9,2474.120,332.12,2.51,54,121,568
04/06/2017 12:05:07,84,10.9,2471.380,330.93,2.53,54,123,568
04/06/2017 12:05:17,81,10.9,2468.570,330.81,2.52,53,121,568
04/06/2017 12:05:27,79,10.9,2465.760,330.51,2.53,53,126,568
04/06/2017 12:05:37,81,10.9,2463.000,331.54,2.53,52,126,568
04/06/2017 12:05:47,81,10.9,2460.130,331.57,2.54,54,125,568
04/06/2017 12:05:57,82,10.9,2457.530,332.46,2.54,53,124,568
04/06/2017 12:06:07,88,10.9,2454.600,332.08,2.55,55,132,568
04/06/2017 12:06:17,89,10.9,2451.840,332.30,2.56,53,124,568
04/06/2017 12:06:27,90,10.9,2448.980,332.51,2.56,52,125,568
04/06/2017 12:06:37,91,10.9,2446.430,331.83,2.57,54,125,567
04/06/2017 12:06:47,101,10.9,2443.650,331.34,2.58,54,126,567
04/06/2017 12:06:57,90,10.9,2440.830,332.09,2.58,53,125,568
04/06/2017 12:07:07,90,10.9,2437.990,331.51,2.59,54,128,567
04/06/2017 12:07:17,86,10.9,2435.310,331.27,2.60,52,125,567
04/06/2017 12:07:27,80,10.9,2432.510,331.13,2.61,52,125,567
04/06/2017 12:07:37,100,10.9,2429.690,331.21,2.61,54,127,567
04/06/2017 12:07:47,89,10.9,2426.980,331.35,2.61,54,124,567
04/06/2017 12:07:57,86,10.9,2424.180,331.23,2.63,53,125,567
04/06/2017 12:08:07,86,10.9,2421.460,330.91,2.64,55,126,567
04/06/2017 12:08:17,88,10.9,2418.780,331.53,2.64,53,134,567
04/06/2017 12:08:27,85,10.9,2415.880,330.44,2.65,53,124,567
04/06/2017 12:08:37,87,10.9,2413.190,330.29,2.66,54,124,567
04/06/2017 12:08:47,80,10.9,2410.360,330.52,2.67,53,125,567
04/06/2017 12:08:57,90,10.9,2407.540,330.56,2.67,52,126,567
04/06/2017 12:09:07,89,10.9,2404.800,331.00,2.67,53,123,567
04/06/2017 12:09:17,102,10.9,2402.150,330.07,2.68,52,127,567
04/06/2017 12:09:27,100,10.9,2399.440,330.58,2.68,53,120,567
04/06/2017 12:09:37,87,10.9,2396.610,329.53,2.72,53,117,567
04/06/2017 12:09:47,96,10.8,2393.850,327.62,2.73,53,120,567
04/06/2017 12:09:57,89,10.9,2391.060,327.39,2.73,53,118,567
04/06/2017 12:10:07,85,10.9,2388.360,327.54,2.74,52,119,567
04/06/2017 12:10:17,92,10.9,2385.640,327.51,2.74,54,119,567
04/06/2017 12:10:27,92,10.8,2382.800,327.28,2.77,52,115,567
04/06/2017 12:10:37,91,10.9,2380.010,325.11,2.79,53,115,567
04/06/2017 12:10:47,90,10.9,2377.350,323.98,2.80,53,114,567
04/06/2017 12:10:57,95,10.9,2374.630,323.55,2.81,52,114,567
04/06/2017 12:11:07,88,10.9,2371.750,322.40,2.82,54,113,567
04/06/2017 12:11:17,94,10.9,2368.960,322.82,2.82,52,114,567
04/06/2017 12:11:27,99,10.9,2366.370,322.46,2.82,54,113,567
04/06/2017 12:11:37,94,10.9,2363.450,322.31,2.82,51,114,567
04/06/2017 12:11:47,94,10.9,2360.860,323.48,2.83,53,112,567
04/06/2017 12:11:57,95,10.9,2357.920,323.21,2.84,53,122,567
04/06/2017 12:12:07,97,10.8,2355.340,322.43,2.84,53,115,567
04/06/2017 12:12:17,93,10.9,2352.450,322.98,2.84,52,117,567
04/06/2017 12:12:27,92,10.9,2349.790,322.78,2.85,53,115,566
04/06/2017 12:12:37,93,10.9,2346.920,323.73,2.85,54,114,567
04/06/2017 12:12:47,88,10.9,2344.360,323.20,2.86,52,113,567
04/06/2017 12:12:57,89,10.9,2341.440,323.26,2.86,52,114,567
04/06/2017 12:13:07,98,10.9,2338.820,323.43,2.86,53,114,567
04/06/2017 12:13:17,103,10.8,2335.990,323.15,2.87,53,114,567
04/06/2017 12:13:27,101,10.9,2333.270,322.90,2.87,51,115,567
04/06/2017 12:13:37,96,10.8,2330.470,323.53,2.87,55,114,567
04/06/2017 12:13:47,92,10.9,2327.700,323.75,2.88,54,116,566
04/06/2017 12:13:57,98,10.9,2324.960,323.61,2.88,54,113,566
04/06/2017 12:14:07,85,10.9,2322.350,322.89,2.89,53,113,566
04/06/2017 12:14:17,90,10.9,2319.520,322.67,2.89,53,112,567
04/06/2017 12:14:27,93,10.9,2316.660,322.53,2.89,54,114,566
04/06/2017 12:14:37,95,10.9,2313.940,322.15,2.90,53,113,567
04/06/2017 12:14:47,97,10.9,2311.290,322.64,2.90,53,112,566
04/06/2017 12:14:57,99,10.9,2308.530,322.28,2.90,53,113,566
04/06/2017 12:15:07,93,10.8,2305.850,321.34,2.90,54,119,566
04/06/2017 12:15:17,93,10.9,2303.030,322.56,2.90,52,112,566
04/06/2017 12:15:27,81,10.9,2300.260,322.11,2.90,52,114,566
04/06/2017 12:15:37,96,10.9,2297.620,322.80,2.90,52,111,566
04/06/2017 12:15:47,102,10.8,2294.780,322.34,2.91,55,112,566
04/06/2017 12:15:57,90,10.9,2292.150,321.12,2.91,54,111,566
04/06/2017 12:16:07,86,10.9,2289.380,321.87,2.91,54,111,566
04/06/2017 12:16:17,92,10.9,2286.620,321.74,2.91,53,112,566
04/06/2017 12:16:27,99,10.9,2283.780,321.58,2.92,54,114,566
04/06/2017 12:16:37,103,10.8,2281.070,322.30,2.92,54,112,566
04/06/2017 12:16:47,95,10.9,2278.270,321.85,2.92,53,110,566
04/06/2017 12:16:57,87,10.9,2275.570,321.64,2.93,53,112,566
04/06/2017 12:17:07,102,10.9,2272.880,321.88,2.93,52,111,566
04/06/2017 12:17:17,92,10.9,2270.180,321.49,2.93,54,113,566
04/06/2017 12:17:27,102,10.9,2267.350,322.36,2.93,51,111,566
04/06/2017 12:17:37,95,10.9,2264.660,322.18,2.93,53,113,566
04/06/2017 12:17:47,98,10.9,2261.900,321.64,2.94,52,111,566
04/06/2017 12:17:57,93,10.9,2259.050,321.24,2.94,52,111,566
04/06/2017 12:18:07,102,10.8,2256.450,321.89,2.94,53,111,566
04/06/2017 12:18:17,93,10.9,2253.580,322.20,2.95,53,110,566
04/06/2017 12:18:27,92,10.9,2251.010,321.72,2.95,52,113,566
04/06/2017 12:18:37,100,10.9,2248.130,322.27,2.95,55,114,566
04/06/2017 12:18:47,102,10.8,2245.450,323.21,2.96,53,116,566
04/06/2017 12:18:57,93,10.9,2242.620,322.92,2.96,52,111,566
04/06/2017 12:19:07,107,10.9,2239.930,323.25,2.97,53,113,566
04/06/2017 12:19:17,96,10.9,2237.170,322.60,2.97,54,112,566
04/06/2017 12:19:27,99,10.9,2234.480,322.31,2.97,54,112,566
04/06/2017 12:19:37,98,10.9,2231.750,323.44,2.97,53,111,566
04/06/2017 12:19:47,88,10.9,2228.920,322.44,2.97,53,111,566
04/06/2017 12:19:57,90,10.9,2226.140,321.84,2.98,53,114,566
04/06/2017 12:20:07,85,10.9,2223.430,322.26,2.98,53,112,566
04/06/2017 12:20:17,100,10.9,2220.600,321.52,2.98,51,112,566
04/06/2017 12:20:27,105,10.9,2217.870,322.05,2.99,52,111,566
04/06/2017 12:20:37,97,10.9,2215.210,321.73,2.99,53,111,566
04/06/2017 12:20:47,98,10.9,2212.400,322.11,2.99,53,113,566
04/06/2017 12:20:57,97,10.9,2209.610,321.93,3.00,52,112,566
04/06/2017 12:21:07,106,10.9,2206.820,321.21,3.00,52,111,566
04/06/2017 12:21:17,96,10.9,2204.240,321.68,3.00,53,111,566
04/06/2017 12:21:27,111,10.8,2201.460,321.40,3.01,52,110,566
04/06/2017 12:21:37,83,10.9,2198.770,321.19,3.01,52,111,566
04/06/2017 12:21:47,98,10.9,2195.920,321.80,3.01,53,111,566
04/06/2017 12:21:57,99,10.9,2193.210,321.81,3.01,53,111,566
04/06/2017 12:22:07,96,10.9,2190.480,321.40,3.02,52,110,566
04/06/2017 12:22:17,92,10.9,2187.790,321.71,3.02,53,112,566
04/06/2017 12:22:27,85,10.9,2184.870,321.36,3.02,55,111,566
04/06/2017 12:22:37,100,10.8,2182.200,321.88,3.03,51,109,566
04/06/2017 12:22:47,86,10.9,2179.510,322.49,3.03,52,111,566
04/06/2017 12:22:57,107,10.9,2176.760,321.60,3.03,54,111,566
04/06/2017 12:23:07,98,10.9,2173.930,321.45,3.03,53,111,566
04/06/2017 12:23:17,98,10.9,2171.310,321.86,3.03,52,115,566
04/06/2017 12:23:27,93,10.9,2168.420,322.55,3.03,53,110,566
04/06/2017 12:23:37,102,10.9,2165.770,322.18,3.03,54,111,566
04/06/2017 12:23:47,91,10.9,2163.080,322.00,3.03,55,111,566
04/06/2017 12:23:57,97,10.9,2160.260,322.18,3.04,53,110,566
04/06/2017 12:24:07,107,10.9,2157.470,321.74,3.04,53,111,566
04/06/2017 12:24:17,102,10.9,2154.820,321.87,3.04,52,111,566
04/06/2017 12:24:27,105,10.9,2152.110,321.66,3.04,53,115,566
04/06/2017 12:24:37,95,10.9,2149.410,321.72,3.04,54,112,566
04/06/2017 12:24:47,97,10.9,2146.700,321.38,3.04,53,111,566
04/06/2017 12:24:57,103,10.9,2143.840,321.48,3.04,53,108,566
04/06/2017 12:25:07,106,10.8,2141.210,321.68,3.05,53,111,566
04/06/2017 12:25:17,98,10.9,2138.370,321.94,3.05,53,110,566
04/06/2017 12:25:27,84,10.9,2135.770,321.62,3.05,53,110,566
04/06/2017 12:25:37,93,10.9,2132.950,321.44,3.05,53,110,566
04/06/2017 12:25:47,96,10.9,2130.190,321.54,3.05,53,111,566
04/06/2017 12:25:57,100,10.9,2127.520,321.62,3.06,54,110,566
04/06/2017 12:26:07,89,10.9,2124.650,321.86,3.06,54,111,566
04/06/2017 12:26:17,96,10.9,2122.100,321.23,3.06,54,113,566
04/06/2017 12:26:27,110,10.9,2119.290,322.00,3.06,53,110,566
04/06/2017 12:26:37,95,10.9,2116.600,321.79,3.06,54,109,566
04/06/2017 12:26:47,103,10.9,2113.800,320.93,3.06,53,110,566
04/06/2017 12:26:57,106,10.9,2111.070,321.52,3.07,54,111,566
04/06/2017 12:27:07,102,10.9,2108.300,322.02,3.07,52,111,566
04/06/2017 12:27:17,110,10.9,2105.550,321.21,3.07,53,111,566
04/06/2017 12:27:27,98,10.9,2102.830,321.83,3.07,51,110,566
04/06/2017 12:27:37,103,10.9,2100.110,322.11,3.07,54,110,566
04/06/2017 12:27:47,107,10.9,2097.320,321.52,3.07,53,109,566
04/06/2017 12:27:57,118,10.9,2094.600,321.56,3.08,53,109,566
04/06/2017 12:28:07,96,10.9,2091.920,321.89,3.08,54,114,566
04/06/2017 12:28:17,92,10.9,2089.140,322.30,3.08,53,110,566
04/06/2017 12:28:27,104,10.9,2086.550,321.97,3.09,53,110,566
04/06/2017 12:28:37,112,10.9,2083.750,322.35,3.09,54,111,566
04/06/2017 12:28:47,106,10.9,2081.020,321.67,3.09,55,110,566
04/06/2017 12:28:57,106,10.9,2078.320,322.19,3.09,54,110,566
04/06/2017 12:29:07,99,10.9,2075.670,322.18,3.09,53,110,566
04/06/2017 12:29:17,106,10.9,2072.850,321.59,3.09,52,110,566
04/06/2017 12:29:27,102,10.9,2070.060,322.20,3.10,53,109,566
04/06/2017 12:29:37,99,10.9,2067.380,321.87,3.10,52,109,566
04/06/2017 12:29:47,97,10.9,2064.630,321.62,3.10,52,114,566
04/06/2017 12:29:57,103,10.9,2061.910,321.79,3.11,54,111,566
04/06/2017 12:30:07,114,10.9,2059.100,322.37,3.11,54,113,565
04/06/2017 12:30:17,95,10.9,2056.410,321.72,3.11,53,111,566
04/06/2017 12:30:27,100,10.9,2053.710,321.96,3.11,55,109,566
04/06/2017 12:30:37,96,10.9,2051.010,322.56,3.12,52,113,566
04/06/2017 12:30:47,94,10.9,2048.370,322.68,3.12,53,111,565
04/06/2017 12:30:57,100,10.9,2045.560,322.56,3.12,53,110,566
04/06/2017 12:31:07,89,10.9,2042.850,322.42,3.12,53,110,566
04/06/2017 12:31:17,111,10.8,2040.130,322.83,3.12,53,112,566
04/06/2017 12:31:27,112,10.9,2037.340,322.34,3.13,53,113,565
04/06/2017 12:31:37,89,10.9,2034.710,322.89,3.13,54,111,566
04/06/2017 12:31:47,109,10.9,2031.950,322.42,3.13,53,111,565
04/06/2017 12:31:57,112,10.9,2029.230,321.57,3.13,52,111,565
04/06/2017 12:32:07,93,10.9,2026.470,322.09,3.13,52,111,565
04/06/2017 12:32:17,92,10.9,2023.690,321.79,3.14,54,111,566
04/06/2017 12:32:27,98,10.9,2021.090,322.55,3.14,52,111,565
04/06/2017 12:32:37,106,10.9,2018.280,322.40,3.14,52,111,565
04/06/2017 12:32:47,122,10.9,2015.500,322.67,3.14,53,111,566
04/06/2017 12:32:57,106,10.8,2012.880,322.62,3.15,53,111,566
04/06/2017 12:33:07,102,10.9,2010.110,322.54,3.15,53,109,565
04/06/2017 12:33:17,110,10.9,2007.370,323.15,3.16,53,112,566
04/06/2017 12:33:27,89,10.9,2004.700,323.09,3.16,53,111,566
04/06/2017 12:33:37,107,10.9,2001.950,322.59,3.16,53,112,566
04/06/2017 12:33:47,94,10.9,1999.100,322.66,3.16,53,111,566
04/06/2017 12:33:57,109,10.8,1996.530,322.95,3.17,52,109,566
04/06/2017 12:34:07,108,10.9,1993.680,322.33,3.18,54,111,566
04/06/2017 12:34:17,85,10.9,1991.070,322.57,3.18,53,113,566
04/06/2017 12:34:27,101,10.9,1988.400,322.82,3.18,52,111,566
04/06/2017 12:34:37,82,10.9,1985.590,323.24,3.19,53,113,565
04/06/2017 12:34:47,97,10.9,1982.820,322.76,3.19,53,111,565
04/06/2017 12:34:57,103,10.9,1980.190,322.46,3.19,54,113,566
04/06/2017 12:35:07,108,10.9,1977.410,322.98,3.19,53,112,566
04/06/2017 12:35:17,102,10.9,1974.770,322.57,3.20,53,113,565
04/06/2017 12:35:27,112,10.9,1971.920,323.31,3.20,54,111,565
04/06/2017 12:35:37,106,10.9,1969.170,322.80,3.20,54,111,565
04/06/2017 12:35:47,97,10.9,1966.540,323.02,3.20,52,112,565
04/06/2017 12:35:57,99,10.9,1963.830,322.44,3.21,52,111,565
04/06/2017 12:36:07,106,10.9,1961.020,323.08,3.21,52,112,566
04/06/2017 12:36:17,104,10.9,1958.250,322.95,3.21,53,110,565
04/06/2017 12:36:27,109,10.9,1955.630,323.17,3.22,54,115,565
04/06/2017 12:36:37,120,10.9,1952.930,322.50,3.22,53,114,565
04/06/2017 12:36:47,106,10.9,1950.220,322.68,3.22,53,110,565
04/06/2017 12:36:57,114,10.9,1947.470,323.07,3.23,53,114,565
04/06/2017 12:37:07,106,10.9,1944.690,323.16,3.23,54,112,565
04/06/2017 12:37:17,107,10.9,1941.900,323.32,3.23,53,113,565
04/06/2017 12:37:27,102,10.9,1939.240,322.14,3.23,54,112,565
04/06/2017 12:37:37,107,10.9,1936.630,322.33,3.24,54,113,565
04/06/2017 12:37:47,104,10.9,1933.680,323.48,3.24,51,111,565
04/06/2017 12:37:57,99,10.9,1931.120,322.81,3.24,53,112,565
04/06/2017 12:38:07,108,10.8,1928.270,322.40,3.24,55,113,565
04/06/2017 12:38:17,102,10.9,1925.520,323.03,3.25,53,113,565
04/06/2017 12:38:27,105,10.9,1922.900,322.44,3.25,52,112,565
04/06/2017 12:38:37,105,10.9,1920.070,323.21,3.25,53,113,565
04/06/2017 12:38:47,110,10.9,1917.490,323.69,3.25,53,113,565
04/06/2017 12:38:57,102,10.9,1914.710,323.77,3.26,52,113,565
04/06/2017 12:39:07,97,10.9,1911.940,322.66,3.26,53,112,565
04/06/2017 12:39:17,100,10.9,1909.250,323.14,3.26,52,114,565
04/06/2017 12:39:27,114,10.9,1906.440,323.64,3.26,53,111,565
04/06/2017 12:39:37,106,10.9,1903.790,324.00,3.26,52,111,565
04/06/2017 12:39:47,93,10.9,1901.030,322.18,3.26,53,111,565
04/06/2017 12:39:57,106,10.9,1898.350,323.58,3.26,53,112,565
04/06/2017 12:40:07,108,10.9,1895.470,322.52,3.26,54,111,565
04/06/2017 12:40:17,102,10.9,1892.760,322.30,3.27,52,113,565
04/06/2017 12:40:27,113,10.9,1890.090,323.80,3.27,54,112,565
04/06/2017 12:40:37,108,10.9,1887.410,323.49,3.27,52,112,565
04/06/2017 12:40:47,102,10.9,1884.760,322.89,3.27,53,113,565
04/06/2017 12:40:57,108,10.9,1881.960,323.77,3.27,53,113,565
04/06/2017 12:41:07,112,10.9,1879.170,322.39,3.28,53,111,565
04/06/2017 12:41:17,111,10.9,1876.560,323.20,3.28,54,112,565
04/06/2017 12:41:27,90,10.9,1873.820,322.75,3.28,53,111,565
04/06/2017 12:41:37,118,10.9,1871.060,323.12,3.28,52,112,565
04/06/2017 12:41:47,109,10.9,1868.370,323.48,3.28,54,112,565
04/06/2017 12:41:57,89,10.9,1865.610,323.83,3.28,52,112,565
04/06/2017 12:42:07,101,10.9,1862.950,323.20,3.28,54,112,565
04/06/2017 12:42:17,116,10.9,1860.180,322.92,3.28,53,111,565
04/06/2017 12:42:27,121,10.9,1857.400,322.79,3.28,53,113,565
04/06/2017 12:42:37,102,10.9,1854.680,322.92,3.29,54,111,565
04/06/2017 12:42:47,109,10.9,1851.950,323.34,3.29,52,112,565
04/06/2017 12:42:57,91,10.9,1849.230,323.19,3.30,53,112,565
04/06/2017 12:43:07,110,10.9,1846.610,323.84,3.30,54,111,565
04/06/2017 12:43:17,114,10.9,1843.910,323.13,3.31,52,111,565
04/06/2017 12:43:27,101,10.9,1841.070,322.92,3.32,54,112,565
04/06/2017 12:43:37,113,10.9,1838.430,323.16,3.32,53,114,565
04/06/2017 12:43:47,100,10.9,1835.720,323.36,3.32,53,113,565
04/06/2017 12:43:57,107,10.9,1832.970,322.94,3.33,53,112,565
04/06/2017 12:44:07,103,10.9,1830.240,322.54,3.33,54,112,565
04/06/2017 12:44:17,109,10.9,1827.530,323.33,3.34,53,113,565
04/06/2017 12:44:27,78,10.9,1824.830,322.90,3.34,53,112,565
04/06/2017 12:44:37,105,10.9,1822.250,324.01,3.34,52,116,565
04/06/2017 12:44:47,107,10.9,1819.380,323.58,3.35,52,112,565
04/06/2017 12:44:57,101,10.9,1816.750,323.37,3.35,52,113,565
04/06/2017 12:45:07,92,10.9,1814.160,323.29,3.36,54,112,565
04/06/2017 12:45:17,93,10.9,1811.300,324.30,3.36,52,113,565
04/06/2017 12:45:27,96,10.9,1808.670,323.60,3.37,53,115,565
04/06/2017 12:45:37,97,10.9,1805.890,323.11,3.37,52,112,565
04/06/2017 12:45:47,94,10.9,1803.360,323.70,3.37,53,113,565
04/06/2017 12:45:57,102,10.9,1800.510,322.82,3.38,52,114,565
04/06/2017 12:46:07,104,10.9,1797.750,323.35,3.38,53,112,565
04/06/2017 12:46:17,95,10.9,1795.120,322.76,3.38,54,113,565
04/06/2017 12:46:27,99,10.9,1792.360,323.05,3.38,53,112,565
04/06/2017 12:46:37,111,10.9,1789.660,323.16,3.39,52,112,565
04/06/2017 12:46:47,121,10.9,1787.060,323.79,3.39,53,113,565
04/06/2017 12:46:57,103,10.9,1784.320,323.24,3.40,53,114,565
04/06/2017 12:47:07,112,10.9,1781.660,323.26,3.40,52,113,565
04/06/2017 12:47:17,92,10.9,1778.840,323.20,3.40,53,113,565
04/06/2017 12:47:27,111,10.9,1776.110,322.47,3.40,53,112,565
04/06/2017 12:47:37,102,10.9,1773.330,322.76,3.40,53,115,565
04/06/2017 12:47:47,112,10.9,1770.740,323.66,3.41,52,113,565
04/06/2017 12:47:57,110,10.9,1767.930,322.73,3.41,54,115,565
04/06/2017 12:48:07,100,10.9,1765.340,323.11,3.41,53,113,565
04/06/2017 12:48:17,110,10.9,1762.470,322.73,3.41,53,113,565
04/06/2017 12:48:27,100,10.9,1759.890,322.94,3.41,53,114,565
04/06/2017 12:48:37,110,10.9,1757.100,324.18,3.42,53,112,565
04/06/2017 12:48:47,116,10.9,1754.320,323.91,3.42,54,113,565
04/06/2017 12:48:57,103,10.9,1751.670,323.24,3.43,53,113,565
04/06/2017 12:49:07,117,10.9,1748.950,323.36,3.43,53,113,565
04/06/2017 12:49:17,128,10.9,1746.300,323.86,3.43,54,113,565
04/06/2017 12:49:27,112,10.9,1743.630,324.25,3.43,54,113,565
04/06/2017 12:49:37,108,10.9,1740.930,323.73,3.43,53,114,565
04/06/2017 12:49:47,132,10.9,1738.210,323.84,3.43,54,114,565
04/06/2017 12:49:57,110,10.9,1735.460,323.31,3.43,53,113,565
04/06/2017 12:50:07,108,10.9,1732.750,323.69,3.44,54,115,565
04/06/2017 12:50:17,103,10.9,1730.200,323.79,3.44,52,112,565
04/06/2017 12:50:27,102,10.9,1727.340,323.89,3.44,54,114,565
04/06/2017 12:50:37,104,10.9,1724.790,323.18,3.44,53,113,565
04/06/2017 12:50:47,109,10.9,1722.030,323.54,3.45,53,112,565
04/06/2017 12:50:57,108,10.9,1719.300,322.94,3.45,53,111,565
04/06/2017 12:51:07,114,10.9,1716.650,323.34,3.45,52,113,565
04/06/2017 12:51:17,102,10.9,1714.050,323.76,3.46,53,112,565
04/06/2017 12:51:27,106,10.8,1711.330,324.31,3.46,53,112,565
04/06/2017 12:51:37,98,10.9,1708.560,323.48,3.47,53,115,565
04/06/2017 12:51:47,112,10.9,1705.780,323.35,3.47,54,112,565
04/06/2017 12:51:57,112,10.9,1703.240,323.21,3.47,53,112,565
04/06/2017 12:52:07,100,10.9,1700.360,323.68,3.48,55,114,565
04/06/2017 12:52:17,117,10.9,1697.790,323.26,3.48,54,113,565
04/06/2017 12:52:27,105,10.9,1694.920,323.40,3.48,52,114,565
04/06/2017 12:52:37,99,10.9,1692.380,322.13,3.48,52,114,565
04/06/2017 12:52:47,129,10.9,1689.640,322.82,3.48,54,114,565
04/06/2017 12:52:57,117,10.9,1686.860,322.99,3.48,53,115,565
04/06/2017 12:53:07,114,10.9,1684.210,323.75,3.49,54,115,565
04/06/2017 12:53:17,112,10.9,1681.580,323.59,3.49,54,111,565
04/06/2017 12:53:27,104,10.9,1678.680,322.46,3.49,54,112,565
04/06/2017 12:53:37,112,10.9,1676.140,322.92,3.49,51,114,565
04/06/2017 12:53:47,94,10.9,1673.380,324.01,3.49,52,112,565
04/06/2017 12:53:57,126,10.8,1670.560,323.65,3.50,53,118,565
04/06/2017 12:54:07,103,10.9,1667.870,323.70,3.50,53,113,565
04/06/2017 12:54:17,120,10.9,1665.180,323.26,3.50,53,112,565
04/06/2017 12:54:27,109,10.9,1662.480,323.52,3.50,53,112,565
04/06/2017 12:54:37,104,10.9,1659.880,323.17,3.50,53,113,565
04/06/2017 12:54:47,96,10.9,1657.080,323.47,3.50,53,113,565
04/06/2017 12:54:57,108,10.9,1654.360,324.03,3.51,53,112,565
04/06/2017 12:55:07,107,10.9,1651.610,323.52,3.51,52,113,565
04/06/2017 12:55:17,115,10.9,1648.940,323.59,3.51,53,112,565
04/06/2017 12:55:27,108,10.9,1646.330,323.80,3.51,54,112,565
04/06/2017 12:55:37,108,10.9,1643.490,323.92,3.51,53,113,565
04/06/2017 12:55:47,107,10.9,1640.820,324.73,3.51,52,113,565
04/06/2017 12:55:57,97,10.9,1638.060,323.82,3.52,53,114,565
04/06/2017 12:56:07,104,10.9,1635.420,324.10,3.52,54,114,565
04/06/2017 12:56:17,103,10.9,1632.660,323.63,3.52,53,114,565
04/06/2017 12:56:27,102,10.9,1629.980,324.36,3.52,53,112,565
04/06/2017 12:56:37,103,10.9,1627.320,324.31,3.52,52,112,565
04/06/2017 12:56:47,98,10.9,1624.600,324.07,3.53,53,116,565
04/06/2017 12:56:57,105,10.9,1621.820,323.93,3.53,53,113,565
04/06/2017 12:57:07,114,10.9,1619.190,323.34,3.53,53,112,565
04/06/2017 12:57:17,114,10.9,1616.370,324.44,3.53,53,114,565
04/06/2017 12:57:27,111,10.9,1613.710,324.47,3.53,53,114,565
04/06/2017 12:57:37,115,10.9,1611.060,324.71,3.53,53,113,565
04/06/2017 12:57:47,112,10.9,1608.330,323.89,3.54,53,114,565
04/06/2017 12:57:57,111,10.9,1605.670,323.95,3.54,52,113,565
04/06/2017 12:58:07,115,10.9,1602.930,324.51,3.54,52,113,565
04/06/2017 12:58:17,108,10.9,1600.140,323.92,3.54,53,114,565
04/06/2017 12:58:27,120,10.9,1597.480,323.62,3.54,54,113,565
04/06/2017 12:58:37,108,10.9,1594.720,324.25,3.54,54,113,565
04/06/2017 12:58:47,106,10.9,1592.000,324.44,3.55,53,116,565
04/06/2017 12:58:57,123,10.9,1589.330,324.50,3.55,53,113,565
04/06/2017 12:59:07,109,10.9,1586.670,324.61,3.55,52,113,565
04/06/2017 12:59:17,118,10.9,1583.870,325.13,3.55,53,113,565
04/06/2017 12:59:27,120,10.9,1581.290,325.21,3.55,52,114,565
04/06/2017 12:59:37,99,10.9,1578.410,324.59,3.55,53,113,565
04/06/2017 12:59:47,125,10.9,1575.850,325.01,3.56,53,114,565
04/06/2017 12:59:57,116,10.9,1573.160,325.03,3.56,53,114,565
04/06/2017 13:00:07,103,10.9,1570.430,325.16,3.56,55,113,565
04/06/2017 13:00:17,97,10.9,1567.660,325.81,3.56,53,114,565
04/06/2017 13:00:27,126,10.8,1564.870,325.08,3.56,53,115,565
04/06/2017 13:00:37,106,10.9,1562.210,325.43,3.56,54,113,565
04/06/2017 13:00:47,110,10.9,1559.640,325.66,3.57,53,113,565
04/06/2017 13:00:57,102,10.9,1556.860,325.94,3.57,54,115,565
04/06/2017 13:01:07,106,10.9,1554.130,325.70,3.57,54,113,565
04/06/2017 13:01:17,108,10.9,1551.350,325.95,3.57,53,113,565
04/06/2017 13:01:27,115,10.9,1548.710,326.56,3.57,53,112,565
04/06/2017 13:01:37,114,10.9,1546.000,327.45,3.57,52,113,565
04/06/2017 13:01:47,121,10.9,1543.270,326.60,3.57,53,113,565
04/06/2017 13:01:57,115,10.9,1540.570,326.76,3.57,53,114,565
04/06/2017 13:02:07,119,10.9,1537.990,327.23,3.57,53,113,565
04/06/2017 13:02:17,116,10.9,1535.270,327.25,3.58,55,114,565
04/06/2017 13:02:27,116,10.9,1532.430,327.26,3.58,53,115,565
04/06/2017 13:02:37,138,10.8,1529.780,327.81,3.58,52,113,565
04/06/2017 13:02:47,110,10.9,1527.160,327.63,3.58,54,114,565
04/06/2017 13:02:57,119,10.9,1524.370,328.13,3.58,53,114,565
04/06/2017 13:03:07,113,10.9,1521.680,327.78,3.58,53,113,565
04/06/2017 13:03:17,116,10.9,1519.010,327.70,3.58,52,116,565
04/06/2017 13:03:27,116,10.9,1516.340,327.59,3.58,53,114,565
04/06/2017 13:03:37,114,10.9,1513.520,327.80,3.58,54,114,565
04/06/2017 13:03:47,110,10.9,1510.840,328.17,3.58,52,113,565
04/06/2017 13:03:57,112,10.9,1508.210,329.13,3.58,52,114,565
04/06/2017 13:04:07,117,10.9,1505.410,329.59,3.58,54,115,565
04/06/2017 13:04:17,118,10.9,1502.800,329.11,3.57,53,116,565
04/06/2017 13:04:27,116,10.9,1500.110,331.12,3.57,52,113,565
04/06/2017 13:04:37,118,10.9,1497.280,330.48,3.57,52,114,565
04/06/2017 13:04:47,126,10.9,1494.600,331.15,3.57,52,112,565
04/06/2017 13:04:57,107,10.9,1491.960,331.21,3.57,54,118,565
04/06/2017 13:05:07,117,10.9,1489.330,330.93,3.56,53,112,565
04/06/2017 13:05:17,125,10.9,1486.510,331.51,3.56,51,113,565
04/06/2017 13:05:27,130,10.9,1483.820,331.14,3.56,54,113,565
04/06/2017 13:05:37,106,10.9,1481.220,332.17,3.56,54,113,565
04/06/2017 13:05:47,104,10.9,1478.570,331.47,3.56,52,114,565
04/06/2017 13:05:57,119,10.9,1475.760,332.47,3.55,52,114,565
04/06/2017 13:06:07,113,10.9,1473.040,332.61,3.55,54,112,565
04/06/2017 13:06:17,112,10.9,1470.360,333.36,3.55,54,113,565
04/06/2017 13:06:27,115,10.9,1467.650,333.46,3.55,53,113,565
04/06/2017 13:06:37,119,10.9,1465.010,333.45,3.54,52,111,565
04/06/2017 13:06:47,116,10.9,1462.350,333.76,3.54,53,116,565
04/06/2017 13:06:57,121,10.9,1459.620,334.59,3.54,52,113,565
04/06/2017 13:07:07,116,10.9,1456.850,334.58,3.53,53,111,565
04/06/2017 13:07:17,115,10.9,1454.210,334.26,3.53,52,112,565
04/06/2017 13:07:27,111,10.9,1451.450,334.24,3.53,54,114,565
04/06/2017 13:07:37,106,10.9,1448.760,334.93,3.52,52,114,565
04/06/2017 13:07:47,127,10.9,1446.120,335.29,3.52,54,113,565
04/06/2017 13:07:57,121,10.9,1443.380,335.94,3.52,52,116,565
04/06/2017 13:08:07,116,10.9,1440.740,335.84,3.52,53,113,565
04/06/2017 13:08:17,107,10.9,1438.010,336.10,3.51,52,113,565
04/06/2017 13:08:27,113,10.9,1435.260,337.79,3.51,53,113,565
04/06/2017 13:08:37,116,10.9,1432.590,337.05,3.51,53,114,565
04/06/2017 13:08:47,127,10.8,1429.900,336.98,3.50,53,113,565
04/06/2017 13:08:57,116,10.9,1427.220,338.23,3.50,51,114,565
04/06/2017 13:09:07,114,10.9,1424.500,338.28,3.49,53,116,565
04/06/2017 13:09:17,140,10.8,1421.880,339.42,3.48,52,113,565
04/06/2017 13:09:27,116,10.9,1419.140,339.57,3.48,51,113,565
04/06/2017 13:09:37,126,10.9,1416.410,339.71,3.48,52,112,565
04/06/2017 13:09:47,111,10.9,1413.610,340.64,3.47,54,112,565
04/06/2017 13:09:57,114,10.9,1411.030,340.76,3.47,51,113,565
04/06/2017 13:10:07,111,10.9,1408.310,341.34,3.46,51,112,565
04/06/2017 13:10:17,95,10.9,1405.610,342.26,3.45,52,113,565
04/06/2017 13:10:27,105,10.9,1402.990,342.32,3.44,52,113,565
04/06/2017 13:10:37,123,10.9,1400.100,343.44,3.44,51,116,565
04/06/2017 13:10:47,132,10.8,1397.400,343.98,3.43,52,113,565
04/06/2017 13:10:57,120,10.9,1394.790,344.18,3.43,52,113,565
04/06/2017 13:11:07,104,10.9,1392.150,343.53,3.43,52,111,565
04/06/2017 13:11:17,107,10.9,1389.390,343.96,3.43,52,113,565
04/06/2017 13:11:27,124,10.9,1386.670,345.49,3.42,53,115,565
04/06/2017 13:11:37,105,10.9,1384.090,344.82,3.41,53,113,565
04/06/2017 13:11:47,114,10.8,1381.250,346.01,3.41,52,114,565
04/06/2017 13:11:57,111,10.9,1378.620,346.49,3.41,53,114,565
04/06/2017 13:12:07,123,10.9,1375.900,346.98,3.40,53,113,565
04/06/2017 13:12:17,122,10.9,1373.270,347.01,3.40,52,114,565
04/06/2017 13:12:27,122,10.8,1370.570,346.93,3.39,53,112,565
04/06/2017 13:12:37,120,10.9,1367.900,347.16,3.39,53,113,565
04/06/2017 13:12:47,107,10.9,1365.060,347.77,3.39,52,113,565
04/06/2017 13:12:57,121,10.9,1362.380,348.85,3.39,53,113,565
04/06/2017 13:13:07,106,10.9,1359.740,348.64,3.38,52,115,565
04/06/2017 13:13:17,126,10.8,1357.130,348.49,3.38,52,115,565
04/06/2017 13:13:27,135,10.9,1354.420,348.31,3.38,53,112,565
04/06/2017 13:13:37,126,10.9,1351.730,349.51,3.37,52,114,565
04/06/2017 13:13:47,116,10.9,1349.080,349.36,3.37,53,114,565
04/06/2017 13:13:57,119,10.9,1346.290,350.17,3.37,53,113,565
04/06/2017 13:14:07,128,10.8,1343.630,349.84,3.37,53,112,565
04/06/2017 13:14:17,125,10.8,1341.030,349.31,3.37,52,114,565
04/06/2017 13:14:27,135,10.9,1338.200,350.30,3.37,53,113,565
04/06/2017 13:14:37,133,10.8,1335.660,349.76,3.37,52,114,565
04/06/2017 13:14:47,119,10.8,1332.770,350.42,3.37,53,113,565
04/06/2017 13:14:57,127,10.9,1330.160,350.43,3.37,54,113,565
04/06/2017 13:15:07,137,10.9,1327.470,351.08,3.36,53,112,565
04/06/2017 13:15:17,118,10.9,1324.890,350.29,3.36,52,112,565
04/06/2017 13:15:27,112,10.9,1322.130,350.79,3.36,53,113,565
04/06/2017 13:15:37,109,10.9,1319.350,350.58,3.36,52,113,565
04/06/2017 13:15:47,112,10.8,1316.810,351.65,3.36,50,113,565
04/06/2017 13:15:57,116,10.8,1313.980,351.27,3.36,52,113,565
04/06/2017 13:16:07,123,10.9,1311.370,351.61,3.36,52,113,565
04/06/2017 13:16:17,125,10.9,1308.700,351.50,3.36,52,113,565
04/06/2017 13:16:27,147,10.9,1305.910,351.61,3.36,52,114,565
04/06/2017 13:16:37,114,10.9,1303.350,351.92,3.36,52,112,565
04/06/2017 13:16:47,119,10.9,1300.510,352.01,3.36,52,112,565
04/06/2017 13:16:57,121,10.9,1297.950,352.62,3.36,52,113,565
04/06/2017 13:17:07,124,10.9,1295.250,351.63,3.35,52,113,565
04/06/2017 13:17:17,122,10.9,1292.510,352.45,3.35,52,113,564
04/06/2017 13:17:27,130,10.9,1289.820,352.44,3.35,52,113,565
04/06/2017 13:17:37,118,10.9,1287.040,352.26,3.35,51,112,565
04/06/2017 13:17:47,122,10.9,1284.460,352.95,3.36,52,119,565
04/06/2017 13:17:57,126,10.8,1281.820,352.36,3.37,52,114,565
04/06/2017 13:18:07,142,10.9,1279.110,353.32,3.37,53,112,565
04/06/2017 13:18:17,141,10.8,1276.290,352.26,3.37,52,113,565
04/06/2017 13:18:27,110,10.9,1273.660,352.62,3.38,52,112,565
04/06/2017 13:18:37,117,10.9,1270.950,351.64,3.39,51,119,565
04/06/2017 13:18:47,128,10.8,1268.260,353.01,3.40,52,115,565
04/06/2017 13:18:57,131,10.8,1265.580,352.01,3.39,53,115,565
04/06/2017 13:19:07,135,10.8,1262.960,352.12,3.39,52,114,565
04/06/2017 13:19:17,134,10.8,1260.220,352.73,3.39,52,113,565
04/06/2017 13:19:27,118,10.9,1257.570,352.13,3.39,52,111,565
04/06/2017 13:19:37,132,10.8,1254.790,352.73,3.38,52,111,565
04/06/2017 13:19:47,135,10.9,1252.290,352.82,3.38,53,112,565
04/06/2017 13:19:57,87,10.9,1249.570,353.41,3.38,51,112,565
04/06/2017 13:20:07,108,10.9,1246.750,353.73,3.38,53,112,565
04/06/2017 13:20:17,134,10.9,1244.180,354.22,3.38,51,113,565
04/06/2017 13:20:27,104,10.9,1241.500,353.66,3.37,54,112,565
04/06/2017 13:20:37,110,10.9,1238.760,354.40,3.38,52,114,565
04/06/2017 13:20:47,123,10.9,1236.130,352.77,3.38,53,113,565
04/06/2017 13:20:57,119,10.9,1233.360,354.32,3.37,52,112,565
04/06/2017 13:21:07,142,10.8,1230.820,354.45,3.37,51,113,565
04/06/2017 13:21:17,145,10.8,1228.030,354.02,3.37,53,113,565
04/06/2017 13:21:27,127,10.9,1225.410,354.24,3.37,53,115,565
04/06/2017 13:21:37,116,10.9,1222.660,354.33,3.37,54,113,565
04/06/2017 13:21:47,117,10.9,1220.010,354.39,3.37,52,113,565
04/06/2017 13:21:57,130,10.9,1217.210,354.20,3.37,52,113,565
04/06/2017 13:22:07,114,10.9,1214.660,355.04,3.37,53,112,565
04/06/2017 13:22:17,129,10.9,1211.930,354.47,3.37,51,114,565
04/06/2017 13:22:27,105,10.9,1209.180,354.83,3.37,53,113,565
04/06/2017 13:22:37,121,10.8,1206.480,354.76,3.37,52,113,565
04/06/2017 13:22:47,112,10.8,1203.750,354.71,3.37,52,114,565
04/06/2017 13:22:57,117,10.9,1201.090,354.37,3.37,54,114,565
04/06/2017 13:23:07,117,10.8,1198.430,354.65,3.37,52,116,565
04/06/2017 13:23:17,142,10.8,1195.830,355.20,3.37,50,116,565
04/06/2017 13:23:27,119,10.8,1193.030,354.47,3.38,53,133,565
04/06/2017 13:23:37,124,10.9,1190.360,354.42,3.38,53,116,565
04/06/2017 13:23:47,153,10.8,1187.790,354.94,3.38,52,119,565
04/06/2017 13:23:57,107,10.9,1185.050,354.98,3.38,53,114,565
04/06/2017 13:24:07,122,10.9,1182.410,354.95,3.38,51,113,565
04/06/2017 13:24:17,145,10.8,1179.640,354.55,3.38,52,113,565
04/06/2017 13:24:27,130,10.9,1177.090,354.61,3.39,53,115,565
04/06/2017 13:24:37,115,10.8,1174.300,354.49,3.39,53,112,565
04/06/2017 13:24:47,134,10.9,1171.690,354.88,3.39,52,112,565
04/06/2017 13:24:57,132,10.9,1168.950,354.77,3.39,52,114,565
04/06/2017 13:25:07,108,10.9,1166.240,354.13,3.39,52,115,565
04/06/2017 13:25:17,122,10.9,1163.550,354.82,3.40,53,115,565
04/06/2017 13:25:27,145,10.8,1160.990,354.97,3.40,52,113,565
04/06/2017 13:25:37,148,10.8,1158.250,355.08,3.40,52,115,565
04/06/2017 13:25:47,109,10.9,1155.510,354.21,3.40,51,113,565
04/06/2017 13:25:57,105,10.9,1152.980,354.67,3.40,53,113,565
04/06/2017 13:26:07,145,10.8,1150.160,355.81,3.40,51,114,565
04/06/2017 13:26:17,119,10.9,1147.480,355.32,3.40,52,113,565
04/06/2017 13:26:27,118,10.8,1144.960,356.07,3.40,52,113,565
04/06/2017 13:26:37,114,10.9,1142.170,355.07,3.40,52,115,565
04/06/2017 13:26:47,110,10.8,1139.450,355.35,3.40,52,113,565
04/06/2017 13:26:57,121,10.8,1136.880,355.92,3.40,53,113,565
04/06/2017 13:27:07,124,10.9,1134.120,356.47,3.40,52,113,565
04/06/2017 13:27:17,125,10.9,1131.520,356.01,3.40,51,114,565
04/06/2017 13:27:27,127,10.9,1128.860,356.50,3.41,51,117,565
04/06/2017 13:27:37,132,10.9,1126.170,355.53,3.41,54,114,565
04/06/2017 13:27:47,117,10.8,1123.450,355.69,3.41,53,114,565
04/06/2017 13:27:57,144,10.9,1120.880,356.25,3.41,53,114,565
04/06/2017 13:28:07,141,10.8,1118.080,355.77,3.41,52,114,565
04/06/2017 13:28:17,118,10.9,1115.480,355.77,3.41,52,114,565
04/06/2017 13:28:27,125,10.9,1112.900,355.90,3.41,52,115,565
04/06/2017 13:28:37,149,10.8,1110.210,356.27,3.41,51,118,565
04/06/2017 13:28:47,130,10.9,1107.540,355.51,3.41,52,114,565
04/06/2017 13:28:57,124,10.8,1104.890,355.55,3.42,51,115,565
04/06/2017 13:29:07,120,10.9,1102.240,355.74,3.42,52,112,565
04/06/2017 13:29:17,130,10.9,1099.530,355.94,3.42,52,112,565
04/06/2017 13:29:27,124,10.8,1096.870,355.90,3.42,52,114,565
04/06/2017 13:29:37,109,10.8,1094.120,356.14,3.42,51,115,565
04/06/2017 13:29:47,147,10.9,1091.460,356.55,3.42,52,115,565
04/06/2017 13:29:57,128,10.9,1088.770,355.62,3.43,53,129,565
04/06/2017 13:30:07,141,10.9,1086.130,356.18,3.43,52,112,565
04/06/2017 13:30:17,151,10.8,1083.550,356.46,3.43,52,114,565
04/06/2017 13:30:27,122,10.8,1080.780,356.41,3.43,53,113,565
04/06/2017 13:30:37,147,10.8,1078.240,356.13,3.43,52,114,565
04/06/2017 13:30:47,135,10.8,1075.490,356.61,3.43,54,113,565
04/06/2017 13:30:57,138,10.8,1072.800,357.16,3.43,51,113,565
04/06/2017 13:31:07,131,10.8,1070.090,357.08,3.43,52,113,565
04/06/2017 13:31:17,111,10.8,1067.430,356.96,3.43,53,114,565
04/06/2017 13:31:27,128,10.9,1064.830,356.69,3.43,51,114,565
04/06/2017 13:31:37,130,10.8,1062.090,355.96,3.43,51,113,565
04/06/2017 13:31:47,148,10.8,1059.450,356.30,3.43,52,115,565
04/06/2017 13:31:57,118,10.9,1056.770,356.87,3.44,51,113,565
04/06/2017 13:32:07,120,10.9,1054.270,357.28,3.44,53,114,565
04/06/2017 13:32:17,122,10.9,1051.480,356.33,3.44,50,114,565
04/06/2017 13:32:27,144,10.8,1048.880,356.20,3.45,51,112,565
04/06/2017 13:32:37,142,10.9,1046.260,357.63,3.45,53,113,565
04/06/2017 13:32:47,138,10.9,1043.610,357.06,3.45,52,116,565
04/06/2017 13:32:57,142,10.8,1040.930,356.34,3.45,51,115,565
04/06/2017 13:33:07,138,10.8,1038.170,356.59,3.45,51,114,565
04/06/2017 13:33:17,144,10.8,1035.630,356.89,3.45,52,113,565
04/06/2017 13:33:27,128,10.8,1032.850,356.35,3.46,52,113,565
04/06/2017 13:33:37,135,10.9,1030.310,356.99,3.46,53,112,565
04/06/2017 13:33:47,155,10.8,1027.490,356.84,3.46,53,112,565
04/06/2017 13:33:57,138,10.8,1024.870,356.17,3.46,50,113,565
04/06/2017 13:34:07,128,10.9,1022.230,357.35,3.46,52,113,565
04/06/2017 13:34:17,140,10.9,1019.500,356.32,3.46,52,113,565
04/06/2017 13:34:27,142,10.9,1016.970,357.25,3.46,53,113,565
04/06/2017 13:34:37,128,10.8,1014.310,356.22,3.46,52,113,565
04/06/2017 13:34:47,138,10.8,1011.590,356.50,3.46,52,115,565
04/06/2017 13:34:57,145,10.8,1009.070,357.38,3.46,51,112,565
04/06/2017 13:35:07,116,10.9,1006.340,356.69,3.46,51,115,565
04/06/2017 13:35:17,127,10.8,1003.580,356.64,3.47,53,115,565
04/06/2017 13:35:27,160,10.8,1001.050,356.66,3.46,52,112,565
04/06/2017 13:35:37,146,10.8,998.430,356.19,3.47,53,114,565
04/06/2017 13:35:47,128,10.9,995.680,356.99,3.47,52,114,565
04/06/2017 13:35:57,133,10.9,993.070,357.05,3.47,51,113,565
04/06/2017 13:36:07,138,10.8,990.440,357.31,3.47,52,126,565
04/06/2017 13:36:17,149,10.8,987.790,357.67,3.47,55,113,565
04/06/2017 13:36:27,129,10.9,985.090,357.42,3.47,52,113,565
04/06/2017 13:36:37,139,10.8,982.400,357.31,3.47,51,114,565
04/06/2017 13:36:47,162,10.8,979.730,357.09,3.46,53,113,565
04/06/2017 13:36:57,150,10.8,977.180,357.31,3.47,53,113,565
04/06/2017 13:37:07,139,10.8,974.560,357.70,3.47,52,115,565
04/06/2017 13:37:17,127,10.9,971.750,357.21,3.47,53,117,565
04/06/2017 13:37:27,155,10.8,969.190,358.00,3.47,52,113,565
04/06/2017 13:37:37,149,10.8,966.500,356.94,3.48,53,113,565
04/06/2017 13:37:47,124,10.8,963.860,357.31,3.48,52,113,565
04/06/2017 13:37:57,147,10.8,961.300,358.03,3.48,52,113,565
04/06/2017 13:38:07,141,10.8,958.580,357.84,3.48,52,113,565
04/06/2017 13:38:17,155,10.9,955.990,358.00,3.48,52,116,565
04/06/2017 13:38:27,166,10.8,953.250,357.60,3.48,52,113,565
04/06/2017 13:38:37,144,10.8,950.640,357.17,3.48,50,112,565
04/06/2017 13:38:47,140,10.8,948.050,357.46,3.48,53,114,565
04/06/2017 13:38:57,127,10.9,945.380,356.92,3.48,52,113,565
04/06/2017 13:39:07,115,10.9,942.790,357.34,3.48,53,118,565
04/06/2017 13:39:17,152,10.9,940.000,357.92,3.48,51,115,565
04/06/2017 13:39:27,152,10.9,937.400,357.43,3.48,51,113,565
04/06/2017 13:39:37,137,10.9,934.800,357.38,3.48,50,113,565
04/06/2017 13:39:47,137,10.9,932.170,357.68,3.48,52,113,565
04/06/2017 13:39:57,143,10.8,929.540,357.68,3.48,53,113,565
04/06/2017 13:40:07,145,10.8,926.890,358.37,3.48,51,113,565
04/06/2017 13:40:17,154,10.8,924.100,357.06,3.48,52,112,565
04/06/2017 13:40:27,139,10.8,921.480,357.64,3.48,52,116,565
04/06/2017 13:40:37,137,10.9,918.880,358.42,3.48,52,114,565
04/06/2017 13:40:47,166,10.8,916.310,358.29,3.48,53,114,565
04/06/2017 13:40:57,121,10.8,913.530,358.78,3.48,52,113,565
04/06/2017 13:41:07,162,10.8,910.860,358.08,3.49,52,113,565
04/06/2017 13:41:17,150,10.8,908.200,358.52,3.49,52,114,565
04/06/2017 13:41:27,156,10.8,905.570,358.29,3.49,52,116,565
04/06/2017 13:41:37,152,10.9,902.940,357.82,3.49,51,114,565
04/06/2017 13:41:47,126,10.9,900.430,358.10,3.49,51,115,565
04/06/2017 13:41:57,147,10.8,897.680,358.72,3.49,52,116,565
04/06/2017 13:42:07,137,10.8,894.950,358.74,3.49,53,113,565
04/06/2017 13:42:17,141,10.9,892.320,358.50,3.49,52,115,565
04/06/2017 13:42:27,157,10.9,889.740,359.28,3.49,53,114,565
04/06/2017 13:42:37,159,10.9,887.140,359.46,3.49,52,113,565
04/06/2017 13:42:47,157,10.9,884.540,358.56,3.50,54,114,565
04/06/2017 13:42:57,137,10.9,881.830,359.48,3.50,52,115,565
04/06/2017 13:43:07,157,10.8,879.160,360.65,3.51,55,117,565
04/06/2017 13:43:17,132,10.9,876.480,360.70,3.51,56,117,565
04/06/2017 13:43:27,135,10.9,873.780,361.44,3.51,57,115,565
04/06/2017 13:43:37,154,10.9,871.230,361.36,3.51,55,116,565
04/06/2017 13:43:47,162,10.8,868.560,362.23,3.51,55,118,565
04/06/2017 13:43:57,151,10.9,865.960,361.95,3.51,55,116,565
04/06/2017 13:44:07,137,10.8,863.330,361.16,3.52,55,117,565
04/06/2017 13:44:17,146,10.9,860.610,361.08,3.52,58,115,565
04/06/2017 13:44:27,131,10.9,857.960,362.40,3.53,58,117,565
04/06/2017 13:44:37,138,10.8,855.270,361.65,3.53,56,117,565
04/06/2017 13:44:47,168,10.8,852.670,362.27,3.53,57,117,565
04/06/2017 13:44:57,163,10.8,849.990,362.60,3.54,56,117,565
04/06/2017 13:45:07,147,10.9,847.410,362.84,3.54,58,118,565
04/06/2017 13:45:17,120,10.8,844.810,363.14,3.54,59,118,565
04/06/2017 13:45:27,143,10.9,842.090,363.46,3.55,58,118,565
04/06/2017 13:45:37,152,10.8,839.520,364.49,3.55,59,118,565
04/06/2017 13:45:47,164,10.9,836.800,364.04,3.55,58,118,565
04/06/2017 13:45:57,165,10.8,834.260,363.66,3.56,59,118,565
04/06/2017 13:46:07,148,10.9,831.550,364.79,3.56,61,119,565
04/06/2017 13:46:17,139,10.9,828.880,364.95,3.56,60,117,565
04/06/2017 13:46:27,151,10.9,826.230,365.12,3.56,60,118,565
04/06/2017 13:46:37,142,10.9,823.680,365.94,3.56,61,118,565
04/06/2017 13:46:47,133,10.8,820.910,365.43,3.56,62,117,565
04/06/2017 13:46:57,154,10.8,818.270,364.87,3.56,60,117,565
04/06/2017 13:47:07,157,10.8,815.750,365.59,3.56,58,119,565
04/06/2017 13:47:17,126,10.9,813.010,366.09,3.56,59,117,565
04/06/2017 13:47:27,171,10.8,810.500,364.66,3.56,59,117,565
04/06/2017 13:47:37,150,10.8,807.740,365.93,3.56,60,117,565
04/06/2017 13:47:47,115,10.9,805.240,365.15,3.56,57,117,565
04/06/2017 13:47:57,153,10.9,802.520,364.85,3.56,60,118,565
04/06/2017 13:48:07,132,10.8,799.970,365.54,3.55,58,117,565
04/06/2017 13:48:17,166,10.8,797.170,364.69,3.56,59,117,565
04/06/2017 13:48:27,143,10.9,794.560,365.25,3.55,57,122,565
04/06/2017 13:48:37,158,10.9,792.060,363.75,3.56,58,118,565
04/06/2017 13:48:47,138,10.9,789.270,364.58,3.54,58,119,565
04/06/2017 13:48:57,142,10.9,786.730,364.41,3.55,55,118,565
04/06/2017 13:49:07,163,10.8,784.110,364.13,3.53,57,117,565
04/06/2017 13:49:17,155,10.8,781.320,363.75,3.53,54,119,565
04/06/2017 13:49:27,174,10.8,778.720,363.06,3.53,57,118,565
04/06/2017 13:49:37,155,10.8,776.110,365.01,3.52,56,116,565
04/06/2017 13:49:47,131,10.9,773.550,364.66,3.53,56,118,565
04/06/2017 13:49:57,162,10.8,770.920,364.59,3.53,58,118,565
04/06/2017 13:50:07,158,10.9,768.220,364.62,3.52,57,119,565
04/06/2017 13:50:17,144,10.9,765.570,364.21,3.52,57,121,565
04/06/2017 13:50:27,144,10.8,762.880,365.10,3.52,55,120,565
04/06/2017 13:50:37,169,10.9,760.370,365.26,3.51,55,119,565
04/06/2017 13:50:47,147,10.9,757.740,364.69,3.51,56,119,565
04/06/2017 13:50:57,155,10.9,755.120,365.16,3.51,56,121,565
04/06/2017 13:51:07,158,10.9,752.450,365.88,3.51,57,118,565
04/06/2017 13:51:17,164,10.8,749.800,365.20,3.51,55,118,565
04/06/2017 13:51:27,162,10.8,747.050,365.94,3.51,57,116,565
04/06/2017 13:51:37,161,10.8,744.490,365.71,3.51,57,119,564
04/06/2017 13:51:47,161,10.9,741.910,365.03,3.52,56,119,565
04/06/2017 13:51:57,162,10.9,739.290,365.30,3.51,55,119,565
04/06/2017 13:52:07,144,10.9,736.590,366.31,3.51,55,119,565
04/06/2017 13:52:17,148,10.9,733.890,365.66,3.51,58,121,565
04/06/2017 13:52:27,161,10.8,731.280,365.59,3.51,56,119,565
04/06/2017 13:52:37,150,10.8,728.740,366.30,3.52,56,118,565
04/06/2017 13:52:47,155,10.9,726.010,365.91,3.53,58,123,565
04/06/2017 13:52:57,145,10.8,723.440,365.79,3.53,58,119,565
04/06/2017 13:53:07,161,10.9,720.670,366.57,3.54,58,120,565
04/06/2017 13:53:17,137,10.9,718.190,365.98,3.55,58,121,565
04/06/2017 13:53:27,163,10.9,715.450,366.49,3.55,58,118,565
04/06/2017 13:53:37,187,10.8,712.930,366.26,3.55,58,118,565
04/06/2017 13:53:47,148,10.8,710.210,367.32,3.54,59,119,565
04/06/2017 13:53:57,153,10.9,707.600,367.27,3.55,59,121,565
04/06/2017 13:54:07,191,10.8,704.970,366.87,3.56,59,121,565
04/06/2017 13:54:17,148,10.9,702.280,367.74,3.56,59,119,565
04/06/2017 13:54:27,153,10.9,699.610,368.29,3.57,59,124,565
04/06/2017 13:54:37,149,10.8,697.120,368.27,3.57,60,119,565
04/06/2017 13:54:47,164,10.8,694.440,367.41,3.57,60,119,565
04/06/2017 13:54:57,156,10.8,691.800,368.18,3.57,60,122,565
04/06/2017 13:55:07,151,10.9,689.070,367.62,3.58,59,119,565
04/06/2017 13:55:17,147,10.8,686.510,367.55,3.58,59,124,565
04/06/2017 13:55:27,151,10.9,683.900,367.86,3.58,59,118,565
04/06/2017 13:55:37,155,10.9,681.300,367.99,3.58,60,121,565
04/06/2017 13:55:47,148,10.8,678.530,367.53,3.59,59,119,564
04/06/2017 13:55:57,136,10.9,675.920,367.69,3.59,59,120,565
04/06/2017 13:56:07,156,10.8,673.330,366.69,3.59,59,120,565
04/06/2017 13:56:17,164,10.8,670.680,367.60,3.59,60,119,565
04/06/2017 13:56:27,149,10.9,668.090,368.40,3.59,59,120,565
04/06/2017 13:56:37,150,10.9,665.400,368.08,3.59,60,120,565
04/06/2017 13:56:47,157,10.8,662.700,368.10,3.59,59,118,565
04/06/2017 13:56:57,130,10.9,660.120,368.91,3.59,59,119,565
04/06/2017 13:57:07,147,10.9,657.470,367.67,3.59,60,120,565
04/06/2017 13:57:17,157,10.9,654.840,367.14,3.59,60,120,565
04/06/2017 13:57:27,155,10.8,652.300,368.20,3.59,60,119,565
04/06/2017 13:57:37,151,10.9,649.600,368.60,3.59,58,119,565
04/06/2017 13:57:47,144,10.9,647.020,368.63,3.59,60,119,565
04/06/2017 13:57:57,154,10.9,644.270,368.48,3.59,61,119,565
04/06/2017 13:58:07,141,10.9,641.780,369.43,3.59,59,119,565
04/06/2017 13:58:17,151,10.9,639.000,367.16,3.59,60,120,565
04/06/2017 13:58:27,161,10.8,636.350,368.23,3.59,60,128,565
04/06/2017 13:58:37,152,10.8,633.840,368.81,3.59,60,120,565
04/06/2017 13:58:47,162,10.8,631.120,367.91,3.59,59,118,565
04/06/2017 13:58:57,158,10.8,628.490,368.12,3.59,60,119,565
04/06/2017 13:59:07,142,10.9,625.920,368.25,3.59,60,122,565
04/06/2017 13:59:17,151,10.8,623.310,367.68,3.59,60,119,565
04/06/2017 13:59:27,166,10.9,620.670,367.38,3.59,59,119,565
04/06/2017 13:59:37,150,10.8,617.930,368.17,3.59,59,119,564
04/06/2017 13:59:47,144,10.9,615.390,367.88,3.59,59,118,565
04/06/2017 13:59:57,151,10.9,612.620,367.33,3.59,60,118,565
04/06/2017 14:00:07,158,10.9,610.130,368.18,3.59,60,118,565
04/06/2017 14:00:17,157,10.8,607.420,368.13,3.59,59,118,565
04/06/2017 14:00:27,142,10.9,604.730,367.12,3.59,58,118,565
04/06/2017 14:00:37,154,10.9,602.230,366.53,3.59,60,117,565
04/06/2017 14:00:47,169,10.9,599.530,367.20,3.60,60,118,565
04/06/2017 14:00:57,153,10.9,596.860,367.36,3.59,61,120,564
04/06/2017 14:01:07,150,10.9,594.210,367.01,3.61,61,120,565
04/06/2017 14:01:17,152,10.8,591.680,368.05,3.61,62,119,565
04/06/2017 14:01:27,163,10.9,589.060,367.44,3.61,59,121,565
04/06/2017 14:01:37,160,10.8,586.390,368.58,3.61,61,120,565
04/06/2017 14:01:47,149,10.9,583.750,368.88,3.61,60,119,565
04/06/2017 14:01:57,152,10.8,581.040,369.54,3.61,61,119,565
04/06/2017 14:02:07,156,10.9,578.350,369.73,3.61,61,120,565
04/06/2017 14:02:17,170,10.8,575.730,369.14,3.61,60,119,565
04/06/2017 14:02:27,151,10.9,573.170,368.51,3.62,60,118,564
04/06/2017 14:02:37,166,10.8,570.450,369.85,3.62,60,119,565
04/06/2017 14:02:47,163,10.8,567.890,368.99,3.62,61,120,565
04/06/2017 14:02:57,155,10.9,565.270,368.55,3.62,62,122,565
04/06/2017 14:03:07,163,10.8,562.690,370.21,3.62,61,120,564
04/06/2017 14:03:17,166,10.8,559.950,370.48,3.62,61,120,565
04/06/2017 14:03:27,158,10.9,557.420,369.99,3.63,63,118,565
04/06/2017 14:03:37,159,10.9,554.750,369.41,3.63,61,121,564
04/06/2017 14:03:47,154,10.9,552.080,370.81,3.63,62,121,565
04/06/2017 14:03:57,149,10.8,549.340,370.05,3.63,62,120,565
04/06/2017 14:04:07,154,10.9,546.800,370.62,3.64,62,120,565
04/06/2017 14:04:17,146,10.9,544.160,370.71,3.64,61,122,565
04/06/2017 14:04:27,150,10.8,541.490,371.64,3.63,61,121,565
04/06/2017 14:04:37,153,10.9,538.930,371.00,3.63,62,122,565
04/06/2017 14:04:47,157,10.9,536.300,370.74,3.63,62,121,565
04/06/2017 14:04:57,167,10.8,533.620,371.11,3.63,63,121,564
04/06/2017 14:05:07,142,10.9,531.120,371.18,3.63,63,122,565
04/06/2017 14:05:17,143,10.9,528.350,371.53,3.63,63,121,564
04/06/2017 14:05:27,150,10.9,525.740,371.21,3.64,63,122,565
04/06/2017 14:05:37,140,10.9,523.110,371.37,3.64,64,121,565
04/06/2017 14:05:47,148,10.9,520.570,371.02,3.64,65,122,564
04/06/2017 14:05:57,161,10.9,517.830,371.34,3.65,67,123,565
04/06/2017 14:06:07,167,10.9,515.230,371.55,3.66,67,121,564
04/06/2017 14:06:17,156,10.8,512.540,371.52,3.67,71,122,565
04/06/2017 14:06:27,151,10.9,510.020,372.71,3.68,73,122,564
04/06/2017 14:06:37,141,10.9,507.370,372.11,3.68,72,123,565
04/06/2017 14:06:47,155,10.8,504.640,373.76,3.68,71,122,565
04/06/2017 14:06:57,163,10.8,502.020,373.38,3.68,72,122,564
04/06/2017 14:07:07,164,10.9,499.350,373.01,3.68,71,123,564
04/06/2017 14:07:17,160,10.8,496.780,373.35,3.68,73,123,565
04/06/2017 14:07:27,149,10.9,494.140,373.00,3.68,71,123,564
04/06/2017 14:07:37,144,10.9,491.610,373.72,3.68,71,123,564
04/06/2017 14:07:47,162,10.9,489.000,373.78,3.68,72,122,565
04/06/2017 14:07:57,155,10.9,486.230,373.80,3.68,72,122,565
04/06/2017 14:08:07,147,10.9,483.570,373.30,3.68,70,121,564
04/06/2017 14:08:17,160,10.9,481.080,373.27,3.68,70,122,565
04/06/2017 14:08:27,159,10.8,478.430,373.97,3.68,72,122,565
04/06/2017 14:08:37,166,10.8,475.710,373.75,3.69,72,123,565
04/06/2017 14:08:47,167,10.9,473.190,373.19,3.69,72,123,564
04/06/2017 14:08:57,161,10.9,470.530,373.63,3.69,71,122,564
04/06/2017 14:09:07,142,10.8,467.840,373.29,3.69,71,124,564
04/06/2017 14:09:17,151,10.9,465.270,374.07,3.69,74,122,564
04/06/2017 14:09:27,155,10.9,462.510,374.58,3.69,75,125,565
04/06/2017 14:09:37,162,10.8,459.980,373.88,3.69,73,123,564
04/06/2017 14:09:47,148,10.9,457.430,375.65,3.69,73,124,564
04/06/2017 14:09:57,163,10.9,454.690,374.95,3.69,73,124,565
04/06/2017 14:10:07,152,10.8,452.050,374.70,3.69,74,124,564
04/06/2017 14:10:17,148,10.8,449.440,373.75,3.69,72,124,565
04/06/2017 14:10:27,163,10.9,446.950,373.87,3.69,72,124,565
04/06/2017 14:10:37,152,10.9,444.210,374.77,3.69,72,121,564
04/06/2017 14:10:47,171,10.8,441.540,374.45,3.69,72,121,564
04/06/2017 14:10:57,164,10.9,439.040,374.83,3.69,70,152,565
04/06/2017 14:11:07,172,10.8,436.370,374.77,3.68,71,125,564
04/06/2017 14:11:17,167,10.8,433.670,373.65,3.68,70,122,564
04/06/2017 14:11:27,169,10.8,431.200,374.53,3.68,70,121,564
04/06/2017 14:11:37,152,10.9,428.410,374.33,3.68,71,123,565
04/06/2017 14:11:47,165,10.8,425.930,373.89,3.68,68,122,564
04/06/2017 14:11:57,173,10.8,423.290,373.49,3.68,71,123,565
04/06/2017 14:12:07,181,10.8,420.540,373.84,3.69,71,123,564
04/06/2017 14:12:17,168,10.8,418.060,373.84,3.69,72,124,565
04/06/2017 14:12:27,160,10.9,415.330,374.08,3.69,69,122,564
04/06/2017 14:12:37,160,10.9,412.880,374.50,3.68,69,124,564
04/06/2017 14:12:47,162,10.9,410.090,373.62,3.68,68,122,564
04/06/2017 14:12:57,164,10.8,407.600,373.54,3.68,67,125,565
04/06/2017 14:13:07,156,10.9,404.870,373.70,3.67,65,122,565
04/06/2017 14:13:17,153,10.9,402.200,373.55,3.67,67,122,564
04/06/2017 14:13:27,196,10.8,399.540,373.84,3.67,65,122,564
04/06/2017 14:13:37,175,10.8,396.970,373.13,3.67,65,121,564
04/06/2017 14:13:47,177,10.8,394.470,373.93,3.68,69,123,564
04/06/2017 14:13:57,170,10.8,391.710,374.31,3.68,70,122,564
04/06/2017 14:14:07,151,10.9,389.220,374.16,3.68,67,120,564
04/06/2017 14:14:17,144,10.8,386.460,373.37,3.68,66,122,564
04/06/2017 14:14:27,157,10.9,383.900,373.67,3.67,66,121,564
04/06/2017 14:14:37,164,10.9,381.340,373.41,3.67,67,125,564
04/06/2017 14:14:47,163,10.8,378.590,373.45,3.67,65,122,564
04/06/2017 14:14:57,154,10.9,376.100,373.52,3.67,66,128,564
04/06/2017 14:15:07,171,10.8,373.380,373.87,3.67,69,124,564
04/06/2017 14:15:17,153,10.9,370.860,373.94,3.68,66,122,564
04/06/2017 14:15:27,161,10.8,368.200,373.49,3.68,68,121,564
04/06/2017 14:15:37,173,10.8,365.610,374.78,3.67,67,123,564
04/06/2017 14:15:47,157,10.9,362.910,373.71,3.67,66,122,564
04/06/2017 14:15:57,156,10.9,360.380,373.81,3.67,66,120,564
04/06/2017 14:16:07,177,10.8,357.650,374.00,3.67,65,120,564
04/06/2017 14:16:17,179,10.8,355.070,373.23,3.67,64,121,564
04/06/2017 14:16:27,156,10.8,352.520,374.57,3.67,64,121,564
04/06/2017 14:16:37,158,10.9,349.860,374.16,3.67,65,121,564
04/06/2017 14:16:47,167,10.9,347.240,375.40,3.67,65,121,564
04/06/2017 14:16:57,151,10.8,344.480,375.07,3.67,63,121,564
04/06/2017 14:17:07,171,10.9,341.920,374.15,3.67,65,120,564
04/06/2017 14:17:17,168,10.8,339.390,374.50,3.67,66,121,565
04/06/2017 14:17:27,169,10.9,336.700,373.99,3.66,65,121,564
04/06/2017 14:17:37,171,10.8,334.080,374.06,3.67,64,120,564
04/06/2017 14:17:47,169,10.8,331.470,373.58,3.67,65,122,565
04/06/2017 14:17:57,169,10.8,328.840,374.43,3.67,65,122,564
04/06/2017 14:18:07,182,10.8,326.240,375.26,3.67,65,121,564
04/06/2017 14:18:17,165,10.9,323.630,376.01,3.68,67,121,564
04/06/2017 14:18:27,184,10.8,320.950,375.88,3.68,67,122,564
04/06/2017 14:18:37,176,10.9,318.490,376.14,3.68,65,122,564
04/06/2017 14:18:47,173,10.9,315.840,375.99,3.67,67,122,564
04/06/2017 14:18:57,174,10.8,313.320,375.46,3.68,68,126,564
04/06/2017 14:19:07,174,10.8,310.700,376.74,3.68,68,124,565
04/06/2017 14:19:17,196,10.8,307.980,376.21,3.68,67,122,564
04/06/2017 14:19:27,174,10.8,305.430,377.29,3.68,67,123,564
04/06/2017 14:19:37,168,10.8,302.720,376.93,3.68,70,124,565
04/06/2017 14:19:47,168,10.8,300.120,376.78,3.68,68,123,565
04/06/2017 14:19:57,175,10.8,297.580,376.68,3.68,69,123,564
04/06/2017 14:20:07,177,10.8,295.000,377.47,3.68,70,122,565
04/06/2017 14:20:17,184,10.8,292.310,376.80,3.67,67,122,564
04/06/2017 14:20:27,167,10.8,289.810,376.86,3.67,67,123,565
04/06/2017 14:20:37,173,10.9,287.090,377.10,3.67,70,121,564
04/06/2017 14:20:47,163,10.9,284.500,377.43,3.68,68,129,564
04/06/2017 14:20:57,163,10.8,281.890,378.35,3.68,80,124,565
04/06/2017 14:21:07,164,10.8,279.240,378.02,3.69,79,123,564
04/06/2017 14:21:17,166,10.9,276.720,377.60,3.69,77,125,564
04/06/2017 14:21:27,163,10.8,274.150,377.55,3.68,77,124,564
04/06/2017 14:21:37,195,10.8,271.440,377.70,3.68,81,125,564
04/06/2017 14:21:47,178,10.8,268.830,378.02,3.69,81,125,564
04/06/2017 14:21:57,161,10.8,266.310,377.05,3.69,82,124,565
04/06/2017 14:22:07,174,10.8,263.570,378.16,3.69,79,124,564
04/06/2017 14:22:17,164,10.9,261.030,378.02,3.69,80,123,564
04/06/2017 14:22:27,161,10.9,258.450,378.55,3.69,83,125,565
04/06/2017 14:22:37,167,10.9,255.730,378.71,3.69,81,125,564
04/06/2017 14:22:47,186,10.8,253.130,377.63,3.69,80,124,564
04/06/2017 14:22:57,152,10.9,250.630,378.84,3.69,81,126,564
04/06/2017 14:23:07,146,10.9,247.870,378.48,3.69,79,125,564
04/06/2017 14:23:17,173,10.8,245.320,378.22,3.69,78,124,564
04/06/2017 14:23:27,160,10.9,242.770,378.92,3.68,79,127,564
04/06/2017 14:23:37,157,10.8,240.100,378.80,3.68,80,124,564
04/06/2017 14:23:47,179,10.8,237.420,377.34,3.68,82,124,564
04/06/2017 14:23:57,161,10.9,234.810,378.64,3.68,81,123,564
04/06/2017 14:24:07,145,10.9,232.220,379.26,3.68,80,125,564
04/06/2017 14:24:17,169,10.9,229.590,378.22,3.68,79,124,564
04/06/2017 14:24:27,177,10.8,227.000,378.49,3.68,81,125,564
04/06/2017 14:24:37,173,10.8,224.430,377.65,3.68,80,125,564
04/06/2017 14:24:47,161,10.8,221.810,379.17,3.68,81,126,564
04/06/2017 14:24:57,168,10.8,219.230,378.06,3.68,80,123,565
04/06/2017 14:25:07,167,10.8,216.600,378.89,3.68,78,124,565
04/06/2017 14:25:17,153,10.8,213.880,379.59,3.68,79,126,565
04/06/2017 14:25:27,172,10.8,211.390,378.96,3.68,78,125,564
04/06/2017 14:25:37,176,10.8,208.820,378.03,3.68,78,124,564
04/06/2017 14:25:47,154,10.9,206.180,379.39,3.68,76,124,564
04/06/2017 14:25:57,150,10.9,203.410,378.64,3.68,76,123,564
04/06/2017 14:26:07,166,10.9,200.960,378.81,3.68,78,126,564
04/06/2017 14:26:17,178,10.8,198.310,378.97,3.68,77,128,565
04/06/2017 14:26:27,162,10.9,195.570,378.98,3.68,74,122,564
04/06/2017 14:26:37,177,10.8,193.000,379.70,3.68,77,124,565
04/06/2017 14:26:47,203,10.8,190.400,378.68,3.68,78,126,564
04/06/2017 14:26:57,149,10.9,187.850,378.27,3.68,82,126,564
04/06/2017 14:27:07,152,10.9,185.100,378.95,3.68,82,124,564
04/06/2017 14:27:17,180,10.8,182.530,379.58,3.68,82,124,564
04/06/2017 14:27:27,176,10.8,179.900,378.18,3.68,81,124,564
04/06/2017 14:27:37,372,10.7,179.340,379.63,3.68,85,125,565
04/06/2017 14:27:47,420,10.7,179.330,379.35,3.68,84,130,564
04/06/2017 14:27:57,435,10.6,179.290,379.93,3.68,92,125,564
04/06/2017 14:28:07,430,10.7,179.300,379.89,3.69,85,128,564
04/06/2017 14:28:17,435,10.5,179.310,379.27,3.69,83,126,564
04/06/2017 14:28:27,487,10.5,179.380,380.29,3.68,89,129,564
04/06/2017 14:28:37,555,10.5,179.280,379.88,3.69,84,126,565

 Ramp exit:    SMOOTH RUNNING
 Profile exit: TOP PRESSURE

 Vehicle motion stopped at 04/06/2017 14:28:41
 Sensor logging stopped at 04/06/2017 14:30:49
