
 Profile 319

 Sensors were turned on at  04/03/2017 04:00:02
 Vehicle began profiling at 04/03/2017 04:02:04

Date,[mA],[V],[dbar],Oxygen[uM],Optode Temp[C],Chl,NTU,Therm
04/03/2017 04:02:04,0,11.0,0.000,0.00,0.00,53,121,570
04/03/2017 04:02:14,183,10.8,0.000,0.00,0.00,53,121,570
04/03/2017 04:02:24,137,10.8,0.000,0.00,0.00,54,121,569
04/03/2017 04:02:37,163,10.8,2519.490,336.84,2.14,53,120,569
04/03/2017 04:02:47,81,11.0,2516.460,336.84,2.16,54,120,569
04/03/2017 04:02:57,80,11.0,2513.530,336.16,2.18,53,119,569
04/03/2017 04:03:07,76,11.0,2510.700,336.35,2.23,54,119,569
04/03/2017 04:03:17,70,11.0,2507.990,335.61,2.25,53,117,569
04/03/2017 04:03:27,87,11.0,2505.150,334.72,2.27,53,118,569
04/03/2017 04:03:37,73,10.9,2502.260,334.91,2.30,53,118,569
04/03/2017 04:03:47,90,10.9,2499.410,333.40,2.30,55,119,569
04/03/2017 04:03:57,86,10.9,2496.760,333.24,2.32,52,122,569
04/03/2017 04:04:07,89,10.9,2493.820,333.09,2.35,53,119,569
04/03/2017 04:04:17,91,10.9,2491.260,332.70,2.37,52,117,569
04/03/2017 04:04:27,87,10.9,2488.450,332.34,2.38,51,117,569
04/03/2017 04:04:37,79,10.9,2485.690,331.87,2.38,53,117,568
04/03/2017 04:04:47,87,10.9,2482.790,331.25,2.39,52,117,568
04/03/2017 04:04:57,75,11.0,2480.030,331.48,2.40,53,118,568
04/03/2017 04:05:07,73,10.9,2477.150,331.51,2.40,53,118,568
04/03/2017 04:05:17,91,10.9,2474.270,331.52,2.40,52,118,568
04/03/2017 04:05:27,83,10.9,2471.560,331.60,2.41,53,122,568
04/03/2017 04:05:37,85,10.9,2468.820,331.09,2.42,52,117,568
04/03/2017 04:05:47,78,10.9,2466.080,331.83,2.44,53,117,568
04/03/2017 04:05:57,70,10.9,2463.130,330.56,2.46,54,115,568
04/03/2017 04:06:07,84,10.9,2460.540,330.22,2.48,54,116,568
04/03/2017 04:06:17,74,10.9,2457.640,329.44,2.50,53,117,568
04/03/2017 04:06:27,80,10.9,2454.800,329.03,2.50,53,116,568
04/03/2017 04:06:37,87,10.9,2452.010,328.32,2.50,53,115,568
04/03/2017 04:06:47,86,10.9,2449.200,328.82,2.51,52,113,568
04/03/2017 04:06:57,82,10.9,2446.530,327.78,2.51,54,114,568
04/03/2017 04:07:07,83,10.9,2443.720,328.34,2.52,54,115,568
04/03/2017 04:07:17,77,10.9,2440.870,327.65,2.52,53,118,568
04/03/2017 04:07:27,79,10.9,2438.100,327.99,2.52,52,115,568
04/03/2017 04:07:37,79,10.9,2435.310,328.08,2.53,53,117,568
04/03/2017 04:07:47,81,10.9,2432.520,327.33,2.54,54,114,568
04/03/2017 04:07:57,65,10.9,2429.780,326.66,2.55,53,117,568
04/03/2017 04:08:07,77,10.9,2427.090,327.23,2.55,53,115,568
04/03/2017 04:08:17,87,10.9,2424.270,327.32,2.56,53,120,568
04/03/2017 04:08:27,80,10.9,2421.430,327.40,2.56,53,116,568
04/03/2017 04:08:37,76,10.9,2418.660,327.57,2.57,52,115,567
04/03/2017 04:08:47,73,10.9,2415.840,327.46,2.57,52,121,568
04/03/2017 04:08:57,77,10.9,2413.050,327.08,2.57,54,117,567
04/03/2017 04:09:07,84,10.9,2410.270,327.33,2.57,53,118,567
04/03/2017 04:09:17,77,10.9,2407.430,328.37,2.57,52,117,567
04/03/2017 04:09:27,80,10.9,2404.770,328.56,2.57,53,120,568
04/03/2017 04:09:37,77,10.9,2401.830,328.87,2.57,54,120,567
04/03/2017 04:09:47,82,10.9,2399.200,329.41,2.59,55,123,567
04/03/2017 04:09:57,79,10.9,2396.410,330.28,2.61,54,120,567
04/03/2017 04:10:07,81,10.9,2393.540,330.59,2.61,54,118,567
04/03/2017 04:10:17,73,10.9,2390.810,329.54,2.62,52,120,567
04/03/2017 04:10:27,85,10.9,2387.980,330.11,2.62,53,119,567
04/03/2017 04:10:37,75,10.9,2385.250,329.32,2.63,54,118,567
04/03/2017 04:10:47,72,10.9,2382.430,329.98,2.63,53,118,567
04/03/2017 04:10:57,72,10.9,2379.530,329.03,2.64,54,115,567
04/03/2017 04:11:07,77,10.9,2376.880,327.75,2.67,52,114,567
04/03/2017 04:11:17,81,10.9,2374.170,326.34,2.69,53,114,567
04/03/2017 04:11:27,73,10.9,2371.270,325.21,2.70,55,114,567
04/03/2017 04:11:37,80,10.9,2368.380,322.83,2.71,52,114,567
04/03/2017 04:11:47,90,10.9,2365.660,323.70,2.71,53,112,567
04/03/2017 04:11:57,76,10.9,2362.890,323.45,2.71,53,113,567
04/03/2017 04:12:07,76,10.9,2360.140,322.93,2.72,53,112,567
04/03/2017 04:12:17,84,10.9,2357.400,322.96,2.72,53,113,567
04/03/2017 04:12:27,83,10.9,2354.590,322.34,2.72,52,111,567
04/03/2017 04:12:37,84,10.9,2351.870,323.42,2.72,53,114,567
04/03/2017 04:12:47,78,10.9,2349.090,322.97,2.73,53,111,567
04/03/2017 04:12:57,73,10.9,2346.370,322.31,2.73,53,112,567
04/03/2017 04:13:07,79,10.9,2343.460,322.76,2.75,54,111,567
04/03/2017 04:13:17,81,10.9,2340.820,322.53,2.75,54,112,567
04/03/2017 04:13:27,81,10.9,2338.060,321.52,2.75,52,113,567
04/03/2017 04:13:37,75,10.9,2335.170,321.36,2.76,53,111,567
04/03/2017 04:13:47,84,10.9,2332.370,321.92,2.76,54,112,567
04/03/2017 04:13:57,78,10.9,2329.630,322.58,2.77,54,111,567
04/03/2017 04:14:07,76,10.9,2326.970,321.98,2.77,54,112,567
04/03/2017 04:14:17,85,10.9,2324.190,322.07,2.77,53,112,567
04/03/2017 04:14:27,83,10.9,2321.400,322.21,2.77,52,111,567
04/03/2017 04:14:37,79,10.9,2318.440,321.87,2.77,54,111,567
04/03/2017 04:14:47,79,10.9,2315.800,322.31,2.77,54,111,567
04/03/2017 04:14:57,83,10.9,2313.060,322.25,2.77,53,113,567
04/03/2017 04:15:07,79,10.9,2310.180,322.03,2.77,53,111,567
04/03/2017 04:15:17,83,10.9,2307.520,322.54,2.78,54,110,567
04/03/2017 04:15:27,81,10.9,2304.730,322.40,2.78,52,113,567
04/03/2017 04:15:37,83,10.9,2301.980,322.12,2.79,53,111,567
04/03/2017 04:15:47,84,10.9,2299.090,322.54,2.79,54,112,566
04/03/2017 04:15:57,76,10.9,2296.350,322.75,2.79,52,111,567
04/03/2017 04:16:07,81,10.9,2293.600,321.61,2.80,52,113,567
04/03/2017 04:16:17,83,10.9,2290.860,321.76,2.80,52,112,567
04/03/2017 04:16:27,82,10.9,2288.050,321.53,2.80,54,110,567
04/03/2017 04:16:37,83,10.9,2285.390,321.68,2.80,53,113,567
04/03/2017 04:16:47,78,10.9,2282.550,322.70,2.79,53,122,567
04/03/2017 04:16:57,83,10.8,2279.740,324.89,2.77,53,118,567
04/03/2017 04:17:07,96,10.8,2277.050,326.31,2.77,53,119,567
04/03/2017 04:17:17,73,10.9,2274.140,327.11,2.78,55,119,566
04/03/2017 04:17:27,84,10.9,2271.360,327.01,2.80,53,117,566
04/03/2017 04:17:37,91,10.9,2268.660,326.93,2.80,52,117,567
04/03/2017 04:17:47,89,10.9,2265.820,326.71,2.81,53,118,566
04/03/2017 04:17:57,77,10.9,2263.270,326.00,2.81,53,121,566
04/03/2017 04:18:07,89,10.9,2260.280,326.42,2.82,52,122,567
04/03/2017 04:18:17,78,10.9,2257.510,326.95,2.81,54,122,566
04/03/2017 04:18:27,82,10.9,2254.740,328.44,2.81,52,122,566
04/03/2017 04:18:37,83,10.9,2252.020,328.41,2.81,54,121,566
04/03/2017 04:18:47,91,10.9,2249.290,328.75,2.81,54,122,566
04/03/2017 04:18:57,71,10.9,2246.380,328.15,2.81,53,127,566
04/03/2017 04:19:07,87,10.9,2243.730,328.70,2.81,53,125,566
04/03/2017 04:19:17,96,10.9,2241.030,329.06,2.82,54,124,566
04/03/2017 04:19:27,87,10.9,2238.240,329.30,2.83,54,120,566
04/03/2017 04:19:37,84,10.9,2235.320,328.24,2.84,52,118,566
04/03/2017 04:19:47,81,10.9,2232.650,327.99,2.86,53,115,566
04/03/2017 04:19:57,91,10.9,2229.860,326.78,2.88,53,116,566
04/03/2017 04:20:07,95,10.9,2227.160,325.68,2.89,52,113,566
04/03/2017 04:20:17,81,10.9,2224.370,325.36,2.90,52,115,566
04/03/2017 04:20:27,83,10.9,2221.560,324.08,2.90,53,114,566
04/03/2017 04:20:37,85,10.9,2218.900,324.45,2.91,52,115,566
04/03/2017 04:20:47,91,10.9,2216.080,325.33,2.91,53,115,566
04/03/2017 04:20:57,89,10.9,2213.340,324.38,2.91,54,118,566
04/03/2017 04:21:07,80,10.9,2210.420,325.82,2.91,54,116,566
04/03/2017 04:21:17,72,10.9,2207.670,325.18,2.91,53,118,566
04/03/2017 04:21:27,83,10.9,2205.050,325.57,2.91,53,116,566
04/03/2017 04:21:37,92,10.9,2202.230,326.34,2.91,54,114,566
04/03/2017 04:21:47,89,10.9,2199.550,326.15,2.93,54,115,566
04/03/2017 04:21:57,80,10.9,2196.620,325.42,2.93,52,115,566
04/03/2017 04:22:07,81,10.9,2193.920,325.15,2.94,53,117,566
04/03/2017 04:22:17,78,10.9,2191.130,324.93,2.94,53,115,566
04/03/2017 04:22:27,86,10.9,2188.370,325.38,2.94,53,115,566
04/03/2017 04:22:37,87,10.9,2185.650,325.44,2.95,53,117,566
04/03/2017 04:22:47,82,10.9,2182.850,324.96,2.97,51,114,566
04/03/2017 04:22:57,80,10.9,2180.100,325.23,2.97,53,114,566
04/03/2017 04:23:07,80,10.9,2177.250,324.52,2.98,55,114,566
04/03/2017 04:23:17,86,10.9,2174.500,324.63,2.99,54,116,566
04/03/2017 04:23:27,94,10.9,2171.720,323.97,2.99,52,117,566
04/03/2017 04:23:37,74,10.9,2168.900,323.56,3.00,54,112,566
04/03/2017 04:23:47,78,10.9,2166.290,323.84,3.00,53,113,566
04/03/2017 04:23:57,79,10.9,2163.480,322.52,3.01,52,112,566
04/03/2017 04:24:07,83,10.9,2160.780,322.97,3.01,53,113,566
04/03/2017 04:24:17,73,10.9,2157.960,323.08,3.01,53,118,566
04/03/2017 04:24:27,77,10.9,2155.200,323.48,3.02,53,113,566
04/03/2017 04:24:37,77,10.9,2152.420,323.01,3.03,52,112,566
04/03/2017 04:24:47,105,10.9,2149.790,323.98,3.03,53,113,566
04/03/2017 04:24:57,77,10.9,2147.040,322.81,3.04,54,113,566
04/03/2017 04:25:07,93,10.9,2144.100,323.22,3.04,53,114,566
04/03/2017 04:25:17,88,10.9,2141.440,322.74,3.05,53,114,566
04/03/2017 04:25:27,80,10.9,2138.710,323.02,3.05,53,113,566
04/03/2017 04:25:37,84,10.9,2136.010,323.00,3.06,52,112,566
04/03/2017 04:25:47,83,10.9,2133.090,322.97,3.06,53,115,566
04/03/2017 04:25:57,88,10.9,2130.440,322.56,3.06,52,112,566
04/03/2017 04:26:07,89,10.9,2127.680,323.40,3.06,51,115,566
04/03/2017 04:26:17,88,10.9,2124.800,323.02,3.06,54,114,566
04/03/2017 04:26:27,84,10.9,2122.140,323.25,3.06,53,114,566
04/03/2017 04:26:37,77,10.9,2119.420,323.25,3.06,53,114,566
04/03/2017 04:26:47,81,10.9,2116.620,323.84,3.06,53,113,566
04/03/2017 04:26:57,79,10.9,2113.800,323.15,3.06,51,113,566
04/03/2017 04:27:07,78,10.9,2111.220,324.25,3.07,53,114,566
04/03/2017 04:27:17,94,10.9,2108.440,323.64,3.07,52,115,566
04/03/2017 04:27:27,86,10.9,2105.630,324.11,3.07,53,113,566
04/03/2017 04:27:37,76,10.9,2102.870,323.74,3.08,53,110,566
04/03/2017 04:27:47,80,10.9,2100.160,323.18,3.09,54,110,566
04/03/2017 04:27:57,90,10.9,2097.350,322.81,3.09,54,112,566
04/03/2017 04:28:07,88,10.9,2094.480,322.24,3.09,53,109,566
04/03/2017 04:28:17,85,10.9,2091.720,321.53,3.10,53,110,566
04/03/2017 04:28:27,84,10.9,2089.000,322.42,3.10,54,114,566
04/03/2017 04:28:37,98,10.9,2086.210,322.44,3.10,52,109,566
04/03/2017 04:28:47,88,10.9,2083.550,321.84,3.11,54,109,566
04/03/2017 04:28:57,66,10.9,2080.790,321.50,3.11,53,110,565
04/03/2017 04:29:07,93,10.9,2077.900,322.43,3.11,53,111,566
04/03/2017 04:29:17,81,10.9,2075.310,321.98,3.11,53,110,566
04/03/2017 04:29:27,78,10.9,2072.450,321.13,3.12,51,114,566
04/03/2017 04:29:37,86,10.9,2069.770,321.89,3.12,53,113,566
04/03/2017 04:29:47,80,10.9,2067.000,321.64,3.12,53,111,566
04/03/2017 04:29:57,84,10.9,2064.170,322.18,3.12,53,110,566
04/03/2017 04:30:07,76,10.9,2061.480,320.86,3.13,54,111,566
04/03/2017 04:30:17,89,10.9,2058.660,322.29,3.13,54,112,566
04/03/2017 04:30:27,88,10.9,2055.820,321.88,3.13,54,111,566
04/03/2017 04:30:37,87,10.9,2053.120,321.58,3.14,53,111,566
04/03/2017 04:30:47,95,10.9,2050.390,321.89,3.14,52,111,566
04/03/2017 04:30:57,79,10.9,2047.520,321.79,3.14,54,111,566
04/03/2017 04:31:07,81,10.9,2044.860,322.47,3.14,52,111,566
04/03/2017 04:31:17,84,10.9,2042.140,322.09,3.14,54,112,566
04/03/2017 04:31:27,91,10.9,2039.350,322.98,3.14,52,112,566
04/03/2017 04:31:37,88,10.9,2036.550,322.90,3.15,53,112,566
04/03/2017 04:31:47,88,10.9,2033.770,322.39,3.15,53,112,566
04/03/2017 04:31:57,83,10.9,2031.000,321.57,3.15,53,110,566
04/03/2017 04:32:07,71,10.9,2028.310,322.33,3.15,53,112,566
04/03/2017 04:32:17,84,10.9,2025.450,322.31,3.15,53,113,566
04/03/2017 04:32:27,85,10.9,2022.710,322.78,3.16,53,109,566
04/03/2017 04:32:37,84,10.9,2020.100,322.86,3.16,55,112,565
04/03/2017 04:32:47,94,10.9,2017.230,322.25,3.16,53,111,566
04/03/2017 04:32:57,95,10.9,2014.580,321.83,3.16,52,111,566
04/03/2017 04:33:07,79,10.9,2011.800,322.11,3.17,54,110,566
04/03/2017 04:33:17,80,10.9,2009.030,322.07,3.17,53,111,566
04/03/2017 04:33:27,91,10.9,2006.150,321.79,3.17,52,109,566
04/03/2017 04:33:37,93,10.9,2003.500,322.18,3.17,53,111,565
04/03/2017 04:33:47,70,10.9,2000.710,321.61,3.17,52,111,566
04/03/2017 04:33:57,90,10.9,1998.030,322.23,3.17,53,111,566
04/03/2017 04:34:07,92,10.9,1995.310,322.26,3.17,53,110,566
04/03/2017 04:34:17,88,10.9,1992.400,322.13,3.17,52,112,566
04/03/2017 04:34:27,95,10.9,1989.640,322.81,3.18,53,110,565
04/03/2017 04:34:37,76,10.9,1986.930,322.25,3.18,51,112,566
04/03/2017 04:34:47,85,10.9,1984.180,322.00,3.18,53,112,566
04/03/2017 04:34:57,85,10.9,1981.370,322.14,3.19,53,110,565
04/03/2017 04:35:07,78,10.9,1978.740,321.99,3.19,53,110,565
04/03/2017 04:35:17,85,10.9,1975.930,322.69,3.19,54,111,565
04/03/2017 04:35:27,101,10.9,1973.100,321.92,3.20,53,112,565
04/03/2017 04:35:37,86,10.9,1970.390,321.98,3.20,52,111,566
04/03/2017 04:35:47,82,10.9,1967.620,322.34,3.20,52,110,566
04/03/2017 04:35:57,78,10.9,1964.890,322.30,3.21,53,111,566
04/03/2017 04:36:07,83,10.9,1962.200,321.68,3.21,54,112,565
04/03/2017 04:36:17,109,10.8,1959.300,321.83,3.21,52,112,566
04/03/2017 04:36:27,110,10.8,1956.600,322.26,3.22,54,114,565
04/03/2017 04:36:37,58,10.9,1953.920,322.08,3.22,52,117,565
04/03/2017 04:36:47,82,10.9,1951.150,321.95,3.22,53,115,566
04/03/2017 04:36:57,84,10.9,1948.250,322.38,3.22,52,111,565
04/03/2017 04:37:07,97,10.9,1945.650,322.64,3.23,52,110,566
04/03/2017 04:37:17,80,10.9,1942.800,321.95,3.23,53,109,565
04/03/2017 04:37:27,103,10.9,1940.140,322.18,3.23,51,111,565
04/03/2017 04:37:37,71,10.9,1937.310,322.21,3.24,52,112,565
04/03/2017 04:37:47,73,10.9,1934.550,322.96,3.24,54,110,565
04/03/2017 04:37:57,108,10.9,1931.810,322.48,3.25,52,111,565
04/03/2017 04:38:07,99,10.9,1929.030,322.14,3.25,52,110,565
04/03/2017 04:38:17,72,10.9,1926.270,322.35,3.25,53,110,565
04/03/2017 04:38:27,84,10.9,1923.540,321.49,3.25,54,110,565
04/03/2017 04:38:37,99,10.9,1920.710,321.13,3.25,54,113,566
04/03/2017 04:38:47,96,10.9,1917.940,322.48,3.26,52,111,565
04/03/2017 04:38:57,87,10.9,1915.190,322.59,3.26,52,111,565
04/03/2017 04:39:07,84,10.9,1912.480,322.09,3.26,52,110,565
04/03/2017 04:39:17,104,10.9,1909.790,322.54,3.26,54,110,565
04/03/2017 04:39:27,77,10.9,1907.090,322.59,3.26,53,111,565
04/03/2017 04:39:37,90,10.9,1904.200,322.52,3.26,53,111,565
04/03/2017 04:39:47,87,10.9,1901.500,321.83,3.27,52,110,565
04/03/2017 04:39:57,86,10.9,1898.740,321.34,3.27,53,111,565
04/03/2017 04:40:07,74,10.9,1895.990,322.36,3.28,53,112,565
04/03/2017 04:40:17,96,10.9,1893.240,321.93,3.28,52,112,566
04/03/2017 04:40:27,79,10.9,1890.540,322.02,3.28,53,122,565
04/03/2017 04:40:37,100,10.9,1887.770,322.56,3.28,54,111,565
04/03/2017 04:40:47,90,10.9,1885.000,322.39,3.29,53,110,565
04/03/2017 04:40:57,89,10.9,1882.180,322.48,3.29,54,112,565
04/03/2017 04:41:07,112,10.8,1879.570,322.77,3.30,54,114,566
04/03/2017 04:41:17,67,10.9,1876.860,322.14,3.30,53,115,565
04/03/2017 04:41:27,82,10.9,1873.970,323.46,3.30,55,111,565
04/03/2017 04:41:37,74,10.9,1871.280,322.60,3.30,53,110,565
04/03/2017 04:41:47,94,10.9,1868.470,322.76,3.30,52,111,565
04/03/2017 04:41:57,91,10.9,1865.710,322.25,3.31,52,111,565
04/03/2017 04:42:07,99,10.9,1863.030,322.08,3.31,52,109,565
04/03/2017 04:42:17,101,10.9,1860.250,322.58,3.31,53,113,565
04/03/2017 04:42:27,73,10.9,1857.470,322.30,3.31,53,110,565
04/03/2017 04:42:37,81,10.9,1854.810,322.86,3.31,53,111,565
04/03/2017 04:42:47,97,10.9,1852.060,322.17,3.32,52,111,565
04/03/2017 04:42:57,85,10.9,1849.230,322.55,3.32,53,112,565
04/03/2017 04:43:07,97,10.8,1846.450,322.36,3.32,54,111,565
04/03/2017 04:43:17,111,10.8,1843.790,321.31,3.33,54,112,565
04/03/2017 04:43:27,71,10.9,1840.960,322.40,3.33,52,112,565
04/03/2017 04:43:37,98,10.9,1838.250,322.66,3.33,53,110,565
04/03/2017 04:43:47,98,10.9,1835.530,322.16,3.33,53,111,565
04/03/2017 04:43:57,84,10.9,1832.820,322.21,3.33,54,110,565
04/03/2017 04:44:07,78,10.9,1830.090,322.08,3.34,54,110,565
04/03/2017 04:44:17,84,10.9,1827.200,322.34,3.34,53,111,565
04/03/2017 04:44:27,93,10.9,1824.570,322.72,3.34,53,112,565
04/03/2017 04:44:37,93,10.9,1821.780,323.43,3.34,54,113,565
04/03/2017 04:44:47,92,10.9,1818.990,323.19,3.35,53,112,565
04/03/2017 04:44:57,74,10.9,1816.350,322.90,3.35,53,111,565
04/03/2017 04:45:07,72,10.9,1813.590,323.07,3.35,52,112,565
04/03/2017 04:45:17,105,10.9,1810.730,322.85,3.36,52,112,565
04/03/2017 04:45:27,94,10.9,1808.050,322.80,3.36,53,113,565
04/03/2017 04:45:37,92,10.9,1805.440,323.36,3.36,52,112,565
04/03/2017 04:45:47,75,10.9,1802.690,323.53,3.36,53,114,565
04/03/2017 04:45:57,80,10.9,1799.910,324.06,3.37,52,113,565
04/03/2017 04:46:07,108,10.9,1797.140,322.87,3.37,54,112,565
04/03/2017 04:46:17,104,10.9,1794.310,323.24,3.37,53,113,565
04/03/2017 04:46:27,91,10.9,1791.560,323.42,3.37,52,113,565
04/03/2017 04:46:37,99,10.9,1788.970,323.13,3.37,53,115,565
04/03/2017 04:46:47,100,10.8,1786.160,322.96,3.37,52,113,565
04/03/2017 04:46:57,100,10.9,1783.340,324.07,3.37,53,114,565
04/03/2017 04:47:07,87,10.9,1780.770,324.13,3.37,52,114,565
04/03/2017 04:47:17,83,10.9,1777.920,323.55,3.38,53,111,565
04/03/2017 04:47:27,110,10.8,1775.150,323.31,3.38,53,114,565
04/03/2017 04:47:37,97,10.9,1772.430,323.22,3.38,53,113,565
04/03/2017 04:47:47,100,10.9,1769.790,323.35,3.38,53,115,565
04/03/2017 04:47:57,112,10.9,1767.070,323.42,3.39,53,115,565
04/03/2017 04:48:07,123,10.8,1764.210,323.96,3.39,53,113,565
04/03/2017 04:48:17,79,10.9,1761.600,323.76,3.40,53,114,565
04/03/2017 04:48:27,101,10.9,1758.820,323.46,3.40,54,112,565
04/03/2017 04:48:37,96,10.9,1756.070,323.47,3.40,52,112,565
04/03/2017 04:48:47,97,10.9,1753.240,323.18,3.41,53,111,565
04/03/2017 04:48:57,72,10.9,1750.590,323.54,3.41,54,115,565
04/03/2017 04:49:07,97,10.9,1747.880,323.28,3.42,54,115,565
04/03/2017 04:49:17,102,10.8,1745.170,323.78,3.42,52,113,565
04/03/2017 04:49:27,100,10.9,1742.430,323.24,3.42,53,113,565
04/03/2017 04:49:37,87,10.9,1739.720,323.65,3.42,53,113,565
04/03/2017 04:49:47,108,10.8,1736.950,323.20,3.42,53,119,565
04/03/2017 04:49:57,96,10.9,1734.190,323.02,3.42,52,115,565
04/03/2017 04:50:07,104,10.9,1731.600,323.34,3.42,54,115,565
04/03/2017 04:50:17,110,10.8,1728.810,323.75,3.42,53,111,565
04/03/2017 04:50:27,96,10.9,1725.970,323.19,3.42,53,114,565
04/03/2017 04:50:37,94,10.9,1723.320,323.48,3.42,52,113,565
04/03/2017 04:50:47,98,10.9,1720.590,323.98,3.43,53,115,565
04/03/2017 04:50:57,117,10.8,1717.810,324.05,3.43,53,113,565
04/03/2017 04:51:07,111,10.9,1715.090,323.63,3.43,52,113,565
04/03/2017 04:51:17,93,10.9,1712.370,323.16,3.44,53,114,565
04/03/2017 04:51:27,85,10.9,1709.680,323.83,3.44,52,114,565
04/03/2017 04:51:37,117,10.9,1707.010,323.86,3.44,53,115,565
04/03/2017 04:51:47,90,10.8,1704.270,324.12,3.44,54,113,565
04/03/2017 04:51:57,84,10.9,1701.610,324.09,3.45,53,113,565
04/03/2017 04:52:07,108,10.9,1698.830,323.22,3.45,53,113,565
04/03/2017 04:52:17,87,10.9,1696.260,324.08,3.45,53,113,565
04/03/2017 04:52:27,96,10.9,1693.400,323.50,3.46,52,114,565
04/03/2017 04:52:37,109,10.9,1690.860,323.76,3.46,52,113,565
04/03/2017 04:52:47,93,10.9,1688.050,322.96,3.46,53,111,565
04/03/2017 04:52:57,72,10.9,1685.290,324.19,3.46,52,114,565
04/03/2017 04:53:07,112,10.8,1682.560,323.47,3.47,52,113,565
04/03/2017 04:53:17,112,10.8,1679.930,323.52,3.46,53,113,565
04/03/2017 04:53:27,109,10.9,1677.200,322.99,3.46,53,114,565
04/03/2017 04:53:37,95,10.9,1674.530,323.72,3.46,53,113,565
04/03/2017 04:53:47,133,10.8,1671.840,323.91,3.46,53,115,565
04/03/2017 04:53:57,99,10.9,1669.140,323.59,3.47,53,121,565
04/03/2017 04:54:07,103,10.9,1666.400,323.89,3.48,55,431,565
04/03/2017 04:54:17,126,10.9,1663.790,324.05,3.49,52,117,565
04/03/2017 04:54:27,83,10.9,1661.020,324.12,3.50,53,114,565
04/03/2017 04:54:37,98,10.9,1658.370,323.92,3.50,52,114,565
04/03/2017 04:54:47,107,10.9,1655.660,324.06,3.50,52,114,565
04/03/2017 04:54:57,116,10.8,1652.980,324.05,3.51,54,114,565
04/03/2017 04:55:07,103,10.9,1650.250,323.35,3.51,51,114,565
04/03/2017 04:55:17,114,10.9,1647.530,324.09,3.51,53,113,565
04/03/2017 04:55:27,97,10.9,1644.750,323.00,3.52,53,112,565
04/03/2017 04:55:37,98,10.9,1642.140,324.08,3.52,51,112,565
04/03/2017 04:55:47,78,10.9,1639.310,324.55,3.52,51,113,565
04/03/2017 04:55:57,102,10.9,1636.630,323.72,3.52,53,113,565
04/03/2017 04:56:07,124,10.8,1633.930,323.63,3.52,52,112,565
04/03/2017 04:56:17,112,10.9,1631.200,323.20,3.52,53,114,565
04/03/2017 04:56:27,118,10.9,1628.510,323.69,3.52,55,113,565
04/03/2017 04:56:37,104,10.8,1625.810,323.74,3.52,51,112,565
04/03/2017 04:56:47,84,10.9,1623.290,324.05,3.52,53,114,565
04/03/2017 04:56:57,109,10.9,1620.550,324.68,3.52,54,114,565
04/03/2017 04:57:07,110,10.8,1617.710,322.91,3.53,53,114,565
04/03/2017 04:57:17,94,10.9,1615.100,323.66,3.52,53,113,565
04/03/2017 04:57:27,100,10.8,1612.390,324.34,3.52,54,112,565
04/03/2017 04:57:37,118,10.8,1609.650,324.46,3.53,53,113,565
04/03/2017 04:57:47,101,10.8,1606.990,324.13,3.53,51,113,565
04/03/2017 04:57:57,101,10.9,1604.340,323.88,3.53,53,114,565
04/03/2017 04:58:07,110,10.8,1601.510,324.15,3.53,51,115,565
04/03/2017 04:58:17,112,10.8,1598.840,323.86,3.53,52,114,565
04/03/2017 04:58:27,94,10.9,1596.180,325.21,3.53,53,113,565
04/03/2017 04:58:37,104,10.9,1593.430,324.73,3.54,51,113,565
04/03/2017 04:58:47,119,10.8,1590.790,324.77,3.54,54,115,565
04/03/2017 04:58:57,102,10.9,1588.030,325.42,3.54,54,113,565
04/03/2017 04:59:07,112,10.8,1585.320,324.75,3.54,53,113,565
04/03/2017 04:59:17,142,10.8,1582.600,325.01,3.54,53,118,565
04/03/2017 04:59:27,75,10.9,1580.000,325.30,3.55,52,113,565
04/03/2017 04:59:37,78,10.9,1577.360,324.81,3.55,53,113,565
04/03/2017 04:59:47,114,10.9,1574.580,324.97,3.55,52,113,565
04/03/2017 04:59:57,105,10.9,1571.880,324.98,3.56,52,112,565
04/03/2017 05:00:07,111,10.9,1569.160,325.29,3.56,52,114,565
04/03/2017 05:00:17,96,10.9,1566.430,325.06,3.56,54,113,565
04/03/2017 05:00:27,104,10.9,1563.650,325.64,3.56,54,115,565
04/03/2017 05:00:37,129,10.8,1560.900,325.68,3.56,54,112,565
04/03/2017 05:00:47,103,10.9,1558.190,325.49,3.56,54,114,565
04/03/2017 05:00:57,105,10.9,1555.510,325.44,3.56,52,115,565
04/03/2017 05:01:07,103,10.9,1552.870,325.60,3.57,53,112,565
04/03/2017 05:01:17,108,10.8,1550.070,325.47,3.57,54,114,565
04/03/2017 05:01:27,133,10.8,1547.360,325.10,3.57,54,113,565
04/03/2017 05:01:37,101,10.9,1544.740,326.47,3.57,53,114,565
04/03/2017 05:01:47,95,10.9,1541.900,326.47,3.57,53,112,565
04/03/2017 05:01:57,109,10.9,1539.320,326.12,3.57,53,114,565
04/03/2017 05:02:07,104,10.9,1536.470,325.70,3.57,54,115,565
04/03/2017 05:02:17,127,10.8,1533.750,326.63,3.57,53,113,565
04/03/2017 05:02:27,127,10.8,1531.110,325.65,3.58,53,116,565
04/03/2017 05:02:37,98,10.9,1528.290,326.10,3.58,53,112,565
04/03/2017 05:02:47,122,10.9,1525.710,326.81,3.58,53,115,565
04/03/2017 05:02:57,113,10.9,1522.900,327.08,3.58,51,113,565
04/03/2017 05:03:07,113,10.8,1520.180,325.87,3.58,53,115,565
04/03/2017 05:03:17,111,10.8,1517.520,326.47,3.58,54,114,565
04/03/2017 05:03:27,105,10.9,1514.820,326.38,3.58,52,125,565
04/03/2017 05:03:37,103,10.9,1512.130,327.30,3.58,53,114,565
04/03/2017 05:03:47,92,10.9,1509.320,327.55,3.58,53,113,565
04/03/2017 05:03:57,111,10.8,1506.710,326.63,3.58,55,113,565
04/03/2017 05:04:07,129,10.8,1504.050,326.87,3.58,54,112,565
04/03/2017 05:04:17,85,10.9,1501.290,327.19,3.58,51,114,565
04/03/2017 05:04:27,107,10.9,1498.580,327.78,3.58,54,112,565
04/03/2017 05:04:37,101,10.9,1495.910,327.60,3.59,53,113,565
04/03/2017 05:04:47,127,10.8,1493.080,328.75,3.59,53,113,565
04/03/2017 05:04:57,105,10.9,1490.360,327.95,3.58,53,112,565
04/03/2017 05:05:07,99,10.9,1487.690,327.63,3.60,54,113,565
04/03/2017 05:05:17,108,10.9,1485.030,329.34,3.60,53,114,565
04/03/2017 05:05:27,133,10.8,1482.360,328.66,3.60,53,113,565
04/03/2017 05:05:37,95,10.9,1479.600,328.87,3.61,53,114,565
04/03/2017 05:05:47,108,10.8,1476.950,329.16,3.61,53,114,565
04/03/2017 05:05:57,111,10.9,1474.210,328.69,3.61,54,112,565
04/03/2017 05:06:07,87,10.9,1471.580,329.13,3.61,53,115,565
04/03/2017 05:06:17,116,10.9,1468.800,329.69,3.61,52,111,565
04/03/2017 05:06:27,121,10.9,1466.060,330.53,3.60,52,114,565
04/03/2017 05:06:37,113,10.9,1463.380,330.47,3.60,52,112,565
04/03/2017 05:06:47,100,10.9,1460.700,330.01,3.60,54,113,565
04/03/2017 05:06:57,110,10.9,1457.880,330.31,3.59,53,113,565
04/03/2017 05:07:07,120,10.9,1455.330,331.05,3.59,52,112,565
04/03/2017 05:07:17,107,10.9,1452.530,331.57,3.59,53,113,565
04/03/2017 05:07:27,101,10.9,1449.810,331.85,3.59,52,113,565
04/03/2017 05:07:37,111,10.8,1447.160,332.08,3.58,52,113,565
04/03/2017 05:07:47,138,10.8,1444.340,332.90,3.57,53,112,565
04/03/2017 05:07:57,99,10.9,1441.790,333.07,3.56,52,113,565
04/03/2017 05:08:07,106,10.9,1438.940,334.08,3.55,52,113,565
04/03/2017 05:08:17,131,10.8,1436.220,333.81,3.55,53,113,565
04/03/2017 05:08:27,144,10.8,1433.550,333.85,3.55,53,112,565
04/03/2017 05:08:37,102,10.9,1430.960,335.10,3.54,52,114,565
04/03/2017 05:08:47,120,10.9,1428.150,334.67,3.54,53,113,565
04/03/2017 05:08:57,103,10.9,1425.570,334.87,3.54,53,112,565
04/03/2017 05:09:07,115,10.9,1422.790,334.76,3.54,51,112,565
04/03/2017 05:09:17,107,10.9,1420.110,335.73,3.54,51,112,565
04/03/2017 05:09:27,90,10.9,1417.430,336.65,3.53,52,113,565
04/03/2017 05:09:37,111,10.9,1414.700,336.76,3.54,52,114,565
04/03/2017 05:09:47,115,10.9,1412.020,336.93,3.54,53,113,565
04/03/2017 05:09:57,114,10.9,1409.160,336.70,3.53,51,112,565
04/03/2017 05:10:07,110,10.9,1406.590,337.20,3.53,54,113,565
04/03/2017 05:10:17,115,10.9,1403.990,337.68,3.53,52,114,565
04/03/2017 05:10:27,109,10.9,1401.170,338.03,3.53,53,114,565
04/03/2017 05:10:37,126,10.8,1398.390,337.49,3.53,52,112,565
04/03/2017 05:10:47,117,10.9,1395.790,338.39,3.52,53,115,565
04/03/2017 05:10:57,134,10.8,1392.970,338.65,3.52,52,114,565
04/03/2017 05:11:07,130,10.9,1390.310,338.62,3.52,53,111,565
04/03/2017 05:11:17,116,10.9,1387.720,339.06,3.51,52,111,565
04/03/2017 05:11:27,96,10.9,1385.020,340.19,3.50,51,112,565
04/03/2017 05:11:37,132,10.9,1382.170,339.06,3.50,52,112,565
04/03/2017 05:11:47,125,10.8,1379.520,340.68,3.49,53,113,565
04/03/2017 05:11:57,101,10.9,1376.870,341.13,3.49,52,114,565
04/03/2017 05:12:07,111,10.9,1374.180,341.75,3.49,52,112,565
04/03/2017 05:12:17,116,10.9,1371.460,341.57,3.48,52,114,565
04/03/2017 05:12:27,112,10.9,1368.770,340.59,3.48,52,114,565
04/03/2017 05:12:37,107,10.9,1366.040,342.03,3.48,51,111,565
04/03/2017 05:12:47,119,10.9,1363.280,342.20,3.48,53,112,565
04/03/2017 05:12:57,131,10.8,1360.730,342.21,3.47,53,114,565
04/03/2017 05:13:07,125,10.9,1358.000,343.37,3.47,51,112,565
04/03/2017 05:13:17,91,10.9,1355.250,343.69,3.46,52,115,565
04/03/2017 05:13:27,121,10.9,1352.590,344.42,3.46,53,114,565
04/03/2017 05:13:37,134,10.9,1349.890,344.01,3.45,52,112,565
04/03/2017 05:13:47,112,10.9,1347.030,346.02,3.45,53,113,565
04/03/2017 05:13:57,110,10.9,1344.530,345.39,3.45,51,113,564
04/03/2017 05:14:07,106,10.9,1341.710,345.23,3.45,53,112,565
04/03/2017 05:14:17,115,10.9,1339.080,345.73,3.45,52,112,565
04/03/2017 05:14:27,125,10.9,1336.310,345.15,3.45,53,111,565
04/03/2017 05:14:37,128,10.8,1333.600,345.72,3.45,51,113,565
04/03/2017 05:14:47,131,10.8,1330.920,345.73,3.45,53,112,565
04/03/2017 05:14:57,125,10.9,1328.210,345.82,3.44,53,112,565
04/03/2017 05:15:07,109,10.9,1325.650,347.37,3.45,51,112,565
04/03/2017 05:15:17,118,10.9,1322.840,345.30,3.45,52,111,565
04/03/2017 05:15:27,138,10.9,1320.160,346.65,3.45,53,113,565
04/03/2017 05:15:37,137,10.9,1317.540,346.35,3.46,51,112,565
04/03/2017 05:15:47,102,10.9,1314.720,346.46,3.46,53,115,565
04/03/2017 05:15:57,134,10.8,1312.100,346.43,3.48,51,112,565
04/03/2017 05:16:07,132,10.9,1309.450,344.95,3.48,53,112,565
04/03/2017 05:16:17,125,10.9,1306.760,346.14,3.48,53,114,565
04/03/2017 05:16:27,117,10.9,1304.000,345.16,3.48,52,113,565
04/03/2017 05:16:37,101,10.9,1301.400,345.27,3.48,53,111,565
04/03/2017 05:16:47,90,10.9,1298.710,345.58,3.48,53,113,565
04/03/2017 05:16:57,123,10.9,1296.030,345.32,3.49,52,111,565
04/03/2017 05:17:07,149,10.8,1293.200,346.35,3.49,52,113,565
04/03/2017 05:17:17,113,10.9,1290.700,346.28,3.49,53,113,565
04/03/2017 05:17:27,121,10.9,1287.850,346.64,3.49,52,113,565
04/03/2017 05:17:37,123,10.9,1285.270,345.28,3.49,54,112,565
04/03/2017 05:17:47,126,10.9,1282.530,346.22,3.49,52,114,565
04/03/2017 05:17:57,105,10.9,1279.840,345.14,3.47,53,113,565
04/03/2017 05:18:07,116,10.9,1277.100,347.26,3.46,51,113,565
04/03/2017 05:18:17,111,10.9,1274.470,347.33,3.46,50,112,565
04/03/2017 05:18:27,128,10.8,1271.690,347.38,3.46,53,112,565
04/03/2017 05:18:37,149,10.8,1269.030,346.87,3.46,52,113,565
04/03/2017 05:18:47,123,10.9,1266.400,347.02,3.46,53,114,565
04/03/2017 05:18:57,97,10.9,1263.620,347.44,3.46,54,112,565
04/03/2017 05:19:07,130,10.8,1260.910,348.69,3.45,52,114,565
04/03/2017 05:19:17,102,10.9,1258.230,348.44,3.45,53,112,565
04/03/2017 05:19:27,133,10.8,1255.580,349.33,3.44,53,112,565
04/03/2017 05:19:37,86,10.9,1252.940,348.76,3.44,51,112,565
04/03/2017 05:19:47,123,10.9,1250.220,349.79,3.43,50,113,565
04/03/2017 05:19:57,131,10.8,1247.480,350.19,3.43,52,114,565
04/03/2017 05:20:07,91,10.9,1244.940,349.27,3.43,52,113,565
04/03/2017 05:20:17,91,10.9,1242.130,350.71,3.44,53,113,565
04/03/2017 05:20:27,118,10.9,1239.470,349.39,3.44,51,113,565
04/03/2017 05:20:37,126,10.8,1236.800,350.18,3.44,52,113,565
04/03/2017 05:20:47,106,10.9,1234.090,349.44,3.45,51,112,565
04/03/2017 05:20:57,106,10.9,1231.440,349.95,3.46,53,111,565
04/03/2017 05:21:07,120,10.9,1228.750,349.18,3.46,52,113,565
04/03/2017 05:21:17,131,10.8,1225.940,350.05,3.45,52,110,565
04/03/2017 05:21:27,127,10.9,1223.280,349.85,3.45,52,113,565
04/03/2017 05:21:37,115,10.9,1220.660,350.94,3.45,52,113,565
04/03/2017 05:21:47,110,10.9,1217.970,349.90,3.45,53,113,565
04/03/2017 05:21:57,116,10.9,1215.180,349.78,3.45,53,113,565
04/03/2017 05:22:07,108,10.9,1212.530,349.81,3.45,52,113,565
04/03/2017 05:22:17,121,10.9,1209.940,351.29,3.45,53,111,565
04/03/2017 05:22:27,113,10.9,1207.210,350.90,3.45,54,117,565
04/03/2017 05:22:37,107,10.9,1204.540,349.42,3.45,53,112,565
04/03/2017 05:22:47,170,10.8,1201.780,350.53,3.45,52,113,565
04/03/2017 05:22:57,99,10.9,1199.140,350.47,3.45,52,112,565
04/03/2017 05:23:07,90,10.9,1196.520,350.90,3.45,53,115,565
04/03/2017 05:23:17,122,10.9,1193.820,350.86,3.45,52,113,565
04/03/2017 05:23:27,154,10.8,1191.040,350.88,3.45,51,113,565
04/03/2017 05:23:37,91,10.9,1188.490,351.09,3.45,52,113,565
04/03/2017 05:23:47,100,10.9,1185.760,351.18,3.46,53,113,565
04/03/2017 05:23:57,136,10.8,1182.970,350.96,3.46,51,115,565
04/03/2017 05:24:07,128,10.9,1180.360,351.04,3.46,52,113,565
04/03/2017 05:24:17,115,10.9,1177.740,351.40,3.45,52,113,565
04/03/2017 05:24:27,148,10.8,1175.030,351.50,3.45,53,112,565
04/03/2017 05:24:37,92,10.9,1172.210,350.82,3.45,53,113,565
04/03/2017 05:24:47,140,10.8,1169.580,352.57,3.45,53,114,565
04/03/2017 05:24:57,94,10.9,1167.020,352.44,3.45,52,112,565
04/03/2017 05:25:07,129,10.9,1164.260,351.94,3.45,52,112,565
04/03/2017 05:25:17,169,10.8,1161.500,352.06,3.45,53,113,565
04/03/2017 05:25:27,48,11.0,1158.970,352.12,3.45,54,112,565
04/03/2017 05:25:37,137,10.8,1156.110,351.82,3.45,52,112,565
04/03/2017 05:25:47,143,10.8,1153.480,352.51,3.46,51,117,565
04/03/2017 05:25:57,100,10.9,1150.780,352.56,3.46,53,114,565
04/03/2017 05:26:07,136,10.9,1148.070,351.91,3.46,53,117,565
04/03/2017 05:26:17,128,10.8,1145.410,351.22,3.46,52,114,565
04/03/2017 05:26:27,131,10.9,1142.790,352.07,3.46,52,111,565
04/03/2017 05:26:37,143,10.8,1140.080,352.69,3.46,52,112,565
04/03/2017 05:26:47,93,10.9,1137.360,352.28,3.46,52,113,565
04/03/2017 05:26:57,107,10.9,1134.660,352.80,3.46,53,113,565
04/03/2017 05:27:07,130,10.9,1131.960,352.57,3.46,53,114,565
04/03/2017 05:27:17,162,10.8,1129.310,352.33,3.46,52,114,565
04/03/2017 05:27:27,127,10.9,1126.660,353.19,3.46,52,113,565
04/03/2017 05:27:37,111,10.9,1124.070,352.03,3.46,51,113,565
04/03/2017 05:27:47,113,10.9,1121.300,353.72,3.46,53,112,565
04/03/2017 05:27:57,124,10.9,1118.610,352.46,3.46,51,123,565
04/03/2017 05:28:07,169,10.8,1115.880,352.46,3.46,51,113,565
04/03/2017 05:28:17,110,10.9,1113.250,353.17,3.47,51,112,565
04/03/2017 05:28:27,134,10.9,1110.510,352.99,3.47,53,116,565
04/03/2017 05:28:37,116,10.9,1107.840,353.18,3.47,52,113,565
04/03/2017 05:28:47,114,10.9,1105.110,353.22,3.47,53,115,565
04/03/2017 05:28:57,115,10.9,1102.400,353.32,3.47,51,112,565
04/03/2017 05:29:07,171,10.8,1099.770,353.03,3.47,51,114,565
04/03/2017 05:29:17,145,10.9,1097.100,352.90,3.47,53,113,565
04/03/2017 05:29:27,102,10.9,1094.390,353.69,3.47,52,113,565
04/03/2017 05:29:37,114,10.9,1091.600,354.15,3.47,53,112,565
04/03/2017 05:29:47,121,10.9,1088.990,353.18,3.47,51,114,565
04/03/2017 05:29:57,127,10.9,1086.210,353.51,3.47,54,113,565
04/03/2017 05:30:07,136,10.9,1083.640,353.88,3.47,53,113,565
04/03/2017 05:30:17,120,10.9,1080.870,354.31,3.47,51,113,565
04/03/2017 05:30:27,145,10.9,1078.110,354.19,3.47,52,112,565
04/03/2017 05:30:37,149,10.8,1075.560,353.35,3.46,52,113,565
04/03/2017 05:30:47,122,10.9,1072.760,354.60,3.45,53,115,565
04/03/2017 05:30:57,106,10.9,1070.140,354.88,3.42,53,114,565
04/03/2017 05:31:07,108,10.9,1067.510,355.81,3.42,53,115,565
04/03/2017 05:31:17,159,10.8,1064.780,356.40,3.42,53,114,565
04/03/2017 05:31:27,150,10.8,1062.010,356.26,3.42,51,137,565
04/03/2017 05:31:37,123,10.9,1059.470,357.03,3.41,53,119,565
04/03/2017 05:31:47,102,10.9,1056.670,356.36,3.41,51,123,565
04/03/2017 05:31:57,127,10.9,1053.950,356.54,3.42,53,118,565
04/03/2017 05:32:07,123,10.9,1051.410,356.18,3.42,52,112,565
04/03/2017 05:32:17,130,10.9,1048.620,356.12,3.42,51,116,565
04/03/2017 05:32:27,125,10.9,1045.920,357.25,3.41,52,115,565
04/03/2017 05:32:37,122,10.9,1043.260,357.23,3.41,53,114,565
04/03/2017 05:32:47,139,10.8,1040.630,357.01,3.41,52,114,565
04/03/2017 05:32:57,145,10.9,1037.990,356.90,3.41,51,114,565
04/03/2017 05:33:07,124,10.9,1035.200,357.64,3.41,52,115,565
04/03/2017 05:33:17,110,10.9,1032.570,357.26,3.42,52,113,565
04/03/2017 05:33:27,137,10.9,1029.920,357.56,3.43,53,114,565
04/03/2017 05:33:37,105,10.9,1027.230,357.01,3.44,53,133,565
04/03/2017 05:33:47,135,10.9,1024.550,356.74,3.45,53,113,565
04/03/2017 05:33:57,162,10.8,1021.830,356.57,3.45,52,119,565
04/03/2017 05:34:07,100,10.9,1019.300,357.01,3.45,53,113,565
04/03/2017 05:34:17,150,10.8,1016.480,356.54,3.45,54,112,565
04/03/2017 05:34:27,150,10.8,1013.890,356.84,3.46,51,117,565
04/03/2017 05:34:37,139,10.9,1011.130,357.33,3.46,52,113,565
04/03/2017 05:34:47,122,10.9,1008.530,356.30,3.45,50,112,565
04/03/2017 05:34:57,119,10.9,1005.850,356.49,3.45,51,113,565
04/03/2017 05:35:07,128,10.9,1003.210,355.53,3.45,51,114,565
04/03/2017 05:35:17,116,10.9,1000.550,356.45,3.45,53,114,565
04/03/2017 05:35:27,128,10.8,997.840,356.52,3.46,50,115,565
04/03/2017 05:35:37,118,10.9,995.240,356.25,3.46,52,118,565
04/03/2017 05:35:47,157,10.8,992.380,356.91,3.46,52,112,565
04/03/2017 05:35:57,142,10.9,989.860,355.83,3.46,53,123,565
04/03/2017 05:36:07,117,10.9,987.100,356.03,3.46,51,115,565
04/03/2017 05:36:17,138,10.8,984.450,356.80,3.46,53,113,565
04/03/2017 05:36:27,100,10.9,981.850,357.15,3.46,51,113,565
04/03/2017 05:36:37,115,10.9,979.130,356.66,3.46,54,114,565
04/03/2017 05:36:47,136,10.9,976.440,357.22,3.46,52,114,565
04/03/2017 05:36:57,148,10.8,973.710,357.83,3.45,52,113,565
04/03/2017 05:37:07,151,10.9,971.070,357.27,3.45,53,113,565
04/03/2017 05:37:17,114,10.9,968.530,357.28,3.45,54,113,565
04/03/2017 05:37:27,90,10.9,965.750,357.80,3.44,52,114,565
04/03/2017 05:37:37,120,10.9,963.070,357.81,3.44,51,114,565
04/03/2017 05:37:47,139,10.9,960.440,358.33,3.44,53,113,565
04/03/2017 05:37:57,147,10.9,957.810,357.88,3.44,53,115,565
04/03/2017 05:38:07,131,10.9,955.120,358.74,3.45,52,114,565
04/03/2017 05:38:17,135,10.9,952.540,358.02,3.44,53,115,565
04/03/2017 05:38:27,132,10.9,949.840,358.66,3.45,53,114,565
04/03/2017 05:38:37,141,10.9,947.210,357.98,3.46,51,114,565
04/03/2017 05:38:47,114,10.9,944.350,357.97,3.46,51,116,565
04/03/2017 05:38:57,124,10.9,941.660,357.45,3.46,52,113,565
04/03/2017 05:39:07,138,10.9,939.040,357.80,3.47,51,112,565
04/03/2017 05:39:17,157,10.8,936.410,358.00,3.47,51,111,565
04/03/2017 05:39:27,133,10.9,933.710,357.70,3.47,52,114,565
04/03/2017 05:39:37,105,10.9,931.180,357.88,3.47,52,114,565
04/03/2017 05:39:47,104,10.9,928.460,358.42,3.47,52,113,565
04/03/2017 05:39:57,161,10.8,925.770,357.45,3.48,53,114,565
04/03/2017 05:40:07,158,10.8,923.020,359.18,3.48,53,113,565
04/03/2017 05:40:17,103,10.9,920.470,357.48,3.48,53,114,565
04/03/2017 05:40:27,149,10.8,917.860,357.12,3.48,51,113,565
04/03/2017 05:40:37,146,10.8,915.140,358.57,3.48,53,113,565
04/03/2017 05:40:47,106,10.9,912.570,358.44,3.49,53,113,565
04/03/2017 05:40:57,124,10.9,909.840,358.36,3.49,52,114,565
04/03/2017 05:41:07,112,10.9,907.120,357.78,3.49,52,113,565
04/03/2017 05:41:17,122,10.9,904.400,358.14,3.49,52,115,565
04/03/2017 05:41:27,137,10.9,901.830,357.96,3.49,53,113,565
04/03/2017 05:41:37,146,10.9,899.140,357.52,3.49,53,112,565
04/03/2017 05:41:47,152,10.9,896.420,357.85,3.50,51,114,565
04/03/2017 05:41:57,139,10.9,893.900,357.99,3.50,52,119,565
04/03/2017 05:42:07,113,10.9,891.170,358.61,3.50,51,112,565
04/03/2017 05:42:17,140,10.8,888.410,358.71,3.50,52,122,565
04/03/2017 05:42:27,155,10.9,885.800,357.39,3.50,52,113,565
04/03/2017 05:42:37,101,10.9,883.230,358.11,3.50,52,113,565
04/03/2017 05:42:47,138,10.9,880.530,357.83,3.50,52,112,565
04/03/2017 05:42:57,166,10.8,877.790,359.06,3.51,52,114,565
04/03/2017 05:43:07,151,10.8,875.170,358.59,3.51,52,114,565
04/03/2017 05:43:17,75,10.9,872.510,359.07,3.51,52,114,565
04/03/2017 05:43:27,112,10.9,869.790,358.98,3.51,52,114,565
04/03/2017 05:43:37,139,10.8,867.080,358.86,3.51,52,114,565
04/03/2017 05:43:47,130,10.9,864.550,359.53,3.51,52,114,565
04/03/2017 05:43:57,118,10.9,861.810,358.82,3.51,50,112,565
04/03/2017 05:44:07,148,10.9,859.100,358.21,3.51,52,113,565
04/03/2017 05:44:17,180,10.8,856.550,358.46,3.52,52,114,565
04/03/2017 05:44:27,144,10.8,853.940,359.41,3.52,53,113,565
04/03/2017 05:44:37,153,10.9,851.130,359.13,3.52,53,112,565
04/03/2017 05:44:47,169,10.8,848.450,358.99,3.52,52,114,565
04/03/2017 05:44:57,138,10.9,845.880,358.19,3.52,51,115,565
04/03/2017 05:45:07,94,10.9,843.260,359.33,3.52,51,113,565
04/03/2017 05:45:17,140,10.9,840.450,358.67,3.52,52,113,565
04/03/2017 05:45:27,104,10.9,837.770,358.79,3.53,53,114,565
04/03/2017 05:45:37,168,10.8,835.270,358.35,3.53,53,113,565
04/03/2017 05:45:47,141,10.9,832.520,359.01,3.53,52,114,565
04/03/2017 05:45:57,106,10.9,829.940,358.24,3.53,53,117,565
04/03/2017 05:46:07,143,10.9,827.170,358.75,3.53,52,113,565
04/03/2017 05:46:17,130,10.9,824.580,358.77,3.53,52,113,565
04/03/2017 05:46:27,126,10.9,821.820,359.73,3.53,54,114,565
04/03/2017 05:46:37,164,10.8,819.160,358.29,3.53,52,114,565
04/03/2017 05:46:47,118,10.9,816.600,359.56,3.53,52,116,565
04/03/2017 05:46:57,151,10.8,813.950,358.80,3.53,53,117,565
04/03/2017 05:47:07,159,10.9,811.140,358.89,3.54,53,114,565
04/03/2017 05:47:17,157,10.8,808.620,358.86,3.54,51,112,565
04/03/2017 05:47:27,133,10.9,805.870,359.22,3.54,53,114,565
04/03/2017 05:47:37,143,10.8,803.360,359.65,3.54,52,133,565
04/03/2017 05:47:47,109,10.9,800.630,358.96,3.54,52,115,565
04/03/2017 05:47:57,139,10.9,797.910,359.01,3.56,53,114,565
04/03/2017 05:48:07,164,10.8,795.220,359.03,3.56,53,115,565
04/03/2017 05:48:17,168,10.8,792.670,359.25,3.56,53,114,565
04/03/2017 05:48:27,116,10.9,789.910,359.04,3.56,53,114,565
04/03/2017 05:48:37,125,10.9,787.240,358.90,3.57,53,114,565
04/03/2017 05:48:47,146,10.9,784.680,358.67,3.57,55,115,565
04/03/2017 05:48:57,145,10.9,781.870,359.90,3.57,55,116,565
04/03/2017 05:49:07,159,10.8,779.370,360.39,3.57,53,115,565
04/03/2017 05:49:17,160,10.8,776.680,360.41,3.57,56,115,565
04/03/2017 05:49:27,129,10.9,773.980,360.01,3.57,54,116,565
04/03/2017 05:49:37,123,10.9,771.400,360.83,3.57,54,118,565
04/03/2017 05:49:47,143,10.9,768.640,360.34,3.57,53,116,565
04/03/2017 05:49:57,163,10.8,766.090,360.75,3.58,54,115,565
04/03/2017 05:50:07,154,10.8,763.490,361.00,3.58,54,114,565
04/03/2017 05:50:17,131,10.9,760.740,362.06,3.58,54,115,565
04/03/2017 05:50:27,130,10.9,758.190,361.00,3.59,54,115,565
04/03/2017 05:50:37,123,10.9,755.450,362.31,3.58,52,116,565
04/03/2017 05:50:47,128,10.9,752.800,360.96,3.58,53,115,565
04/03/2017 05:50:57,146,10.8,750.140,360.85,3.58,52,115,565
04/03/2017 05:51:07,137,10.9,747.400,360.60,3.58,53,114,565
04/03/2017 05:51:17,142,10.8,744.860,360.60,3.59,55,115,565
04/03/2017 05:51:27,145,10.9,742.100,361.34,3.59,53,117,565
04/03/2017 05:51:37,146,10.8,739.530,361.28,3.59,53,118,565
04/03/2017 05:51:47,127,10.9,736.790,360.82,3.59,54,116,564
04/03/2017 05:51:57,144,10.8,734.140,361.42,3.59,54,115,565
04/03/2017 05:52:07,153,10.8,731.610,360.69,3.59,55,116,565
04/03/2017 05:52:17,158,10.9,728.910,362.13,3.59,54,117,565
04/03/2017 05:52:27,168,10.8,726.280,362.13,3.59,55,116,565
04/03/2017 05:52:37,152,10.9,723.640,361.70,3.60,53,114,565
04/03/2017 05:52:47,137,10.9,720.930,361.86,3.60,54,115,565
04/03/2017 05:52:57,140,10.9,718.210,361.98,3.60,55,118,565
04/03/2017 05:53:07,157,10.8,715.680,362.63,3.60,55,116,565
04/03/2017 05:53:17,156,10.9,712.980,362.99,3.60,55,115,565
04/03/2017 05:53:27,167,10.8,710.270,361.41,3.60,55,116,565
04/03/2017 05:53:37,140,10.9,707.730,362.83,3.60,53,116,565
04/03/2017 05:53:47,150,10.8,705.060,362.69,3.60,53,117,565
04/03/2017 05:53:57,136,10.9,702.330,363.22,3.60,53,116,565
04/03/2017 05:54:07,140,10.9,699.710,361.43,3.60,52,116,565
04/03/2017 05:54:17,148,10.8,697.080,362.70,3.61,53,117,565
04/03/2017 05:54:27,134,10.8,694.500,363.32,3.61,55,117,565
04/03/2017 05:54:37,165,10.8,691.720,363.10,3.61,56,118,564
04/03/2017 05:54:47,145,10.8,689.150,363.11,3.62,56,119,565
04/03/2017 05:54:57,150,10.8,686.550,363.24,3.62,54,117,565
04/03/2017 05:55:07,147,10.8,683.830,363.70,3.62,56,115,565
04/03/2017 05:55:17,171,10.9,681.170,363.31,3.62,54,117,565
04/03/2017 05:55:27,152,10.8,678.610,364.46,3.62,55,115,565
04/03/2017 05:55:37,121,10.9,675.920,364.30,3.62,56,117,564
04/03/2017 05:55:47,154,10.8,673.240,363.92,3.62,55,116,565
04/03/2017 05:55:57,124,10.9,670.600,364.21,3.62,56,118,565
04/03/2017 05:56:07,198,10.8,667.950,365.28,3.62,56,117,565
04/03/2017 05:56:17,157,10.9,665.410,364.46,3.63,55,116,565
04/03/2017 05:56:27,112,10.9,662.680,364.55,3.63,56,118,565
04/03/2017 05:56:37,143,10.9,660.100,364.77,3.63,55,118,564
04/03/2017 05:56:47,131,10.9,657.460,365.06,3.63,56,119,565
04/03/2017 05:56:57,156,10.8,654.730,365.47,3.63,55,119,565
04/03/2017 05:57:07,154,10.9,652.150,365.94,3.63,56,118,564
04/03/2017 05:57:17,160,10.8,649.470,365.29,3.63,56,117,565
04/03/2017 05:57:27,170,10.8,646.810,366.01,3.64,57,119,565
04/03/2017 05:57:37,107,10.9,644.290,365.37,3.64,55,118,565
04/03/2017 05:57:47,134,10.8,641.410,365.26,3.64,55,118,565
04/03/2017 05:57:57,190,10.8,638.950,366.09,3.64,57,118,564
04/03/2017 05:58:07,163,10.8,636.220,365.80,3.64,57,118,565
04/03/2017 05:58:17,141,10.9,633.570,365.14,3.64,57,117,564
04/03/2017 05:58:27,148,10.8,630.840,367.00,3.64,54,118,565
04/03/2017 05:58:37,153,10.8,628.260,366.39,3.64,55,118,565
04/03/2017 05:58:47,130,10.9,625.680,365.61,3.65,55,118,565
04/03/2017 05:58:57,164,10.8,622.930,365.90,3.65,55,117,565
04/03/2017 05:59:07,161,10.8,620.390,366.08,3.65,57,119,565
04/03/2017 05:59:17,155,10.8,617.750,366.93,3.65,57,118,565
04/03/2017 05:59:27,156,10.8,615.100,366.91,3.65,58,118,565
04/03/2017 05:59:37,184,10.8,612.410,366.43,3.66,58,118,565
04/03/2017 05:59:47,140,10.8,609.720,367.79,3.66,57,123,564
04/03/2017 05:59:57,133,10.9,607.120,366.44,3.66,59,119,564
04/03/2017 06:00:07,144,10.9,604.470,367.39,3.66,58,118,565
04/03/2017 06:00:17,169,10.8,601.940,368.39,3.66,60,118,565
04/03/2017 06:00:27,140,10.8,599.200,368.11,3.66,58,118,565
04/03/2017 06:00:37,108,10.9,596.530,368.04,3.67,61,120,565
04/03/2017 06:00:47,146,10.9,593.940,368.11,3.67,60,119,565
04/03/2017 06:00:57,179,10.8,591.290,369.13,3.67,62,123,565
04/03/2017 06:01:07,196,10.8,588.690,369.02,3.67,62,121,565
04/03/2017 06:01:17,125,10.9,586.090,370.09,3.67,63,120,565
04/03/2017 06:01:27,122,10.9,583.420,369.97,3.68,61,124,564
04/03/2017 06:01:37,154,10.8,580.590,369.90,3.68,61,120,565
04/03/2017 06:01:47,189,10.8,578.040,369.54,3.68,62,119,565
04/03/2017 06:01:57,143,10.9,575.440,369.32,3.68,60,119,565
04/03/2017 06:02:07,138,10.9,572.710,369.93,3.68,61,120,565
04/03/2017 06:02:17,223,10.8,570.150,370.25,3.68,59,119,565
04/03/2017 06:02:27,217,10.8,567.510,369.47,3.68,62,120,565
04/03/2017 06:02:37,114,10.9,564.940,369.51,3.69,61,120,564
04/03/2017 06:02:47,127,10.9,562.220,368.92,3.68,59,119,564
04/03/2017 06:02:57,145,10.9,559.630,368.91,3.69,60,118,564
04/03/2017 06:03:07,204,10.8,556.930,368.77,3.69,60,120,565
04/03/2017 06:03:17,164,10.8,554.270,369.10,3.69,61,121,565
04/03/2017 06:03:27,105,10.9,551.620,369.12,3.70,63,123,565
04/03/2017 06:03:37,143,10.9,549.010,369.69,3.70,61,121,564
04/03/2017 06:03:47,164,10.8,546.400,371.48,3.70,62,121,565
04/03/2017 06:03:57,131,10.8,543.820,369.78,3.70,63,122,565
04/03/2017 06:04:07,152,10.8,541.170,370.64,3.70,62,119,565
04/03/2017 06:04:17,194,10.8,538.470,369.45,3.70,62,121,564
04/03/2017 06:04:27,144,10.9,535.800,370.07,3.70,61,121,564
04/03/2017 06:04:37,180,10.8,533.240,369.64,3.71,62,123,564
04/03/2017 06:04:47,148,10.8,530.590,370.65,3.71,62,121,565
04/03/2017 06:04:57,150,10.9,527.940,370.75,3.71,62,122,564
04/03/2017 06:05:07,183,10.8,525.280,371.04,3.71,63,121,565
04/03/2017 06:05:17,161,10.9,522.610,371.64,3.71,66,122,564
04/03/2017 06:05:27,129,10.9,520.050,370.96,3.71,64,122,564
04/03/2017 06:05:37,136,10.9,517.300,371.35,3.71,65,121,564
04/03/2017 06:05:47,153,10.8,514.790,371.97,3.71,64,121,564
04/03/2017 06:05:57,132,10.9,512.050,371.44,3.71,68,123,564
04/03/2017 06:06:07,139,10.9,509.380,371.93,3.71,68,122,564
04/03/2017 06:06:17,162,10.9,506.880,372.33,3.71,68,122,564
04/03/2017 06:06:27,172,10.8,504.090,373.18,3.71,68,121,564
04/03/2017 06:06:37,194,10.8,501.630,372.60,3.71,68,122,564
04/03/2017 06:06:47,111,10.9,498.820,372.69,3.71,65,122,565
04/03/2017 06:06:57,144,10.8,496.280,372.81,3.71,64,119,564
04/03/2017 06:07:07,168,10.8,493.520,372.66,3.71,64,120,564
04/03/2017 06:07:17,178,10.8,491.010,372.29,3.71,65,122,564
04/03/2017 06:07:27,116,10.9,488.410,372.21,3.71,66,121,565
04/03/2017 06:07:37,164,10.8,485.580,371.77,3.71,69,123,564
04/03/2017 06:07:47,171,10.8,483.040,372.75,3.71,68,122,564
04/03/2017 06:07:57,199,10.8,480.410,373.70,3.71,71,122,565
04/03/2017 06:08:07,123,10.9,477.760,372.89,3.71,70,122,564
04/03/2017 06:08:17,148,10.8,475.200,374.40,3.71,68,123,565
04/03/2017 06:08:27,168,10.8,472.590,373.81,3.71,68,121,565
04/03/2017 06:08:37,161,10.8,469.940,372.96,3.72,69,122,564
04/03/2017 06:08:47,163,10.8,467.290,373.15,3.72,68,122,565
04/03/2017 06:08:57,121,10.9,464.560,373.26,3.72,68,121,564
04/03/2017 06:09:07,127,10.9,462.040,372.95,3.72,66,121,564
04/03/2017 06:09:17,144,10.9,459.250,372.68,3.72,65,123,564
04/03/2017 06:09:27,239,10.7,456.730,371.85,3.72,65,122,564
04/03/2017 06:09:37,142,10.8,454.090,371.97,3.72,64,120,564
04/03/2017 06:09:47,106,10.9,451.380,372.66,3.72,63,121,564
04/03/2017 06:09:57,137,10.9,448.740,371.97,3.72,63,124,564
04/03/2017 06:10:07,166,10.8,446.100,371.93,3.73,62,121,564
04/03/2017 06:10:17,149,10.9,443.500,371.64,3.73,63,120,564
04/03/2017 06:10:27,170,10.8,440.790,371.43,3.73,62,123,564
04/03/2017 06:10:37,183,10.8,438.210,371.81,3.73,61,120,564
04/03/2017 06:10:47,102,10.9,435.760,371.72,3.74,66,121,564
04/03/2017 06:10:57,130,10.9,433.060,372.28,3.74,68,125,564
04/03/2017 06:11:07,131,10.9,430.360,373.03,3.73,68,123,564
04/03/2017 06:11:17,161,10.8,427.710,373.60,3.73,69,122,564
04/03/2017 06:11:27,164,10.8,425.110,373.34,3.73,73,123,565
04/03/2017 06:11:37,163,10.8,422.480,374.33,3.74,75,124,564
04/03/2017 06:11:47,158,10.9,419.790,374.98,3.74,75,123,564
04/03/2017 06:11:57,188,10.8,417.210,376.07,3.74,74,124,564
04/03/2017 06:12:07,135,10.9,414.490,374.18,3.74,77,126,564
04/03/2017 06:12:17,141,10.9,411.790,374.89,3.74,76,122,564
04/03/2017 06:12:27,210,10.8,409.200,375.48,3.74,78,125,564
04/03/2017 06:12:37,134,10.9,406.620,375.60,3.74,78,122,564
04/03/2017 06:12:47,137,10.9,404.000,376.76,3.74,76,124,564
04/03/2017 06:12:57,173,10.8,401.270,376.27,3.74,77,123,564
04/03/2017 06:13:07,186,10.8,398.670,376.26,3.74,75,122,565
04/03/2017 06:13:17,150,10.8,396.120,375.44,3.74,74,129,564
04/03/2017 06:13:27,157,10.8,393.540,376.38,3.74,75,124,564
04/03/2017 06:13:37,192,10.8,390.860,375.71,3.74,78,125,565
04/03/2017 06:13:47,178,10.8,388.280,375.95,3.74,81,126,565
04/03/2017 06:13:57,137,10.9,385.690,377.73,3.74,80,124,564
04/03/2017 06:14:07,156,10.9,383.020,377.45,3.74,78,124,564
04/03/2017 06:14:17,183,10.8,380.350,376.80,3.74,78,132,564
04/03/2017 06:14:27,173,10.8,377.740,376.94,3.74,83,125,564
04/03/2017 06:14:37,154,10.8,375.130,377.53,3.74,81,123,564
04/03/2017 06:14:47,161,10.8,372.370,378.08,3.74,82,125,564
04/03/2017 06:14:57,171,10.8,369.750,377.80,3.74,81,123,564
04/03/2017 06:15:07,134,10.9,367.210,376.83,3.74,80,127,564
04/03/2017 06:15:17,149,10.9,364.590,377.73,3.74,74,124,564
04/03/2017 06:15:27,196,10.8,361.970,377.03,3.75,75,125,564
04/03/2017 06:15:37,229,10.8,359.230,376.82,3.75,78,123,564
04/03/2017 06:15:47,113,10.9,356.700,376.35,3.75,74,124,564
04/03/2017 06:15:57,132,10.9,354.080,375.53,3.76,81,126,565
04/03/2017 06:16:07,176,10.9,351.530,376.52,3.75,79,123,564
04/03/2017 06:16:17,132,10.9,348.850,377.17,3.76,76,125,564
04/03/2017 06:16:27,157,10.9,346.230,376.16,3.76,77,123,564
04/03/2017 06:16:37,203,10.8,343.520,376.57,3.76,75,125,564
04/03/2017 06:16:47,175,10.8,340.880,375.88,3.76,76,127,564
04/03/2017 06:16:57,148,10.8,338.320,377.21,3.76,78,124,565
04/03/2017 06:17:07,135,10.9,335.680,376.64,3.76,74,124,564
04/03/2017 06:17:17,146,10.9,332.920,376.84,3.77,74,124,564
04/03/2017 06:17:27,207,10.8,330.310,376.90,3.77,73,123,564
04/03/2017 06:17:37,110,10.9,327.880,376.37,3.77,76,124,564
04/03/2017 06:17:47,158,10.8,325.210,375.73,3.77,73,121,564
04/03/2017 06:17:57,147,10.9,322.600,376.76,3.77,74,123,564
04/03/2017 06:18:07,179,10.8,319.960,376.47,3.78,72,124,564
04/03/2017 06:18:17,191,10.8,317.370,376.21,3.78,75,124,564
04/03/2017 06:18:27,144,10.9,314.780,376.28,3.78,77,124,564
04/03/2017 06:18:37,148,10.8,312.030,377.34,3.78,77,127,564
04/03/2017 06:18:47,148,10.8,309.440,377.44,3.77,79,126,564
04/03/2017 06:18:57,202,10.8,306.880,378.41,3.77,79,125,564
04/03/2017 06:19:07,130,10.9,304.270,377.55,3.77,79,124,564
04/03/2017 06:19:17,122,10.9,301.500,377.71,3.77,79,125,564
04/03/2017 06:19:27,187,10.8,298.970,377.44,3.78,77,127,564
04/03/2017 06:19:37,192,10.8,296.310,378.09,3.79,75,128,564
04/03/2017 06:19:47,155,10.8,293.690,377.70,3.79,76,125,564
04/03/2017 06:19:57,126,10.9,291.010,377.52,3.79,76,126,564
04/03/2017 06:20:07,229,10.8,288.520,377.16,3.79,74,125,564
04/03/2017 06:20:17,133,10.9,285.910,377.58,3.79,76,124,564
04/03/2017 06:20:27,146,10.9,283.210,377.63,3.79,75,126,564
04/03/2017 06:20:37,163,10.9,280.530,377.80,3.79,74,124,564
04/03/2017 06:20:47,157,10.8,277.940,378.09,3.80,73,126,564
04/03/2017 06:20:57,170,10.9,275.260,377.74,3.80,74,124,564
04/03/2017 06:21:07,152,10.9,272.710,377.40,3.80,74,124,564
04/03/2017 06:21:17,158,10.8,270.100,377.80,3.80,72,124,564
04/03/2017 06:21:27,150,10.8,267.520,378.76,3.80,75,123,564
04/03/2017 06:21:37,153,10.8,264.780,377.90,3.80,75,125,564
04/03/2017 06:21:47,181,10.8,262.150,377.99,3.80,74,124,564
04/03/2017 06:21:57,149,10.9,259.540,378.06,3.80,75,124,564
04/03/2017 06:22:07,161,10.8,256.980,378.79,3.80,74,124,564
04/03/2017 06:22:17,155,10.9,254.360,379.11,3.80,74,126,565
04/03/2017 06:22:27,192,10.8,251.800,378.55,3.80,74,124,564
04/03/2017 06:22:37,190,10.8,249.000,378.59,3.80,71,125,564
04/03/2017 06:22:47,196,10.8,246.520,377.77,3.80,76,123,564
04/03/2017 06:22:57,105,10.9,243.820,378.35,3.81,75,123,564
04/03/2017 06:23:07,145,10.9,241.360,376.88,3.81,73,125,564
04/03/2017 06:23:17,108,10.9,238.550,377.71,3.83,72,125,564
04/03/2017 06:23:27,221,10.8,235.960,377.14,3.84,76,125,564
04/03/2017 06:23:37,175,10.8,233.380,376.77,3.84,76,126,564
04/03/2017 06:23:47,63,11.0,230.790,376.61,3.84,79,125,564
04/03/2017 06:23:57,140,10.9,227.990,378.52,3.84,86,128,564
04/03/2017 06:24:07,220,10.8,225.400,378.82,3.84,88,129,564
04/03/2017 06:24:17,163,10.8,222.940,378.66,3.86,93,130,564
04/03/2017 06:24:27,95,10.9,220.160,378.67,3.92,95,129,564
04/03/2017 06:24:37,185,10.8,217.470,378.03,3.92,95,129,564
04/03/2017 06:24:47,165,10.8,214.880,378.37,3.93,94,128,564
04/03/2017 06:24:57,125,10.9,212.350,378.59,3.94,94,130,564
04/03/2017 06:25:07,125,10.9,209.540,377.99,3.95,94,129,564
04/03/2017 06:25:17,234,10.8,206.950,378.41,3.94,93,131,564
04/03/2017 06:25:27,182,10.8,204.350,376.91,3.94,94,132,564
04/03/2017 06:25:37,168,10.8,201.710,378.44,3.95,93,129,564
04/03/2017 06:25:47,110,10.9,199.180,377.51,3.94,95,129,564
04/03/2017 06:25:57,163,10.8,196.490,377.11,3.95,92,126,564
04/03/2017 06:26:07,170,10.8,193.830,377.19,3.95,93,129,564
04/03/2017 06:26:17,152,10.8,191.230,377.62,3.95,94,130,564
04/03/2017 06:26:27,69,10.9,188.650,378.64,3.95,94,129,564
04/03/2017 06:26:37,166,10.8,185.750,377.79,3.95,93,130,564
04/03/2017 06:26:47,275,10.7,183.290,378.47,3.95,92,130,564
04/03/2017 06:26:57,129,10.9,180.670,378.09,3.96,93,129,564
04/03/2017 06:27:07,53,11.0,177.970,377.29,3.96,95,129,564
04/03/2017 06:27:17,450,10.6,177.290,378.06,3.96,110,130,564
04/03/2017 06:27:27,473,10.6,177.190,378.01,3.96,112,130,564
04/03/2017 06:27:37,475,10.5,177.430,377.91,3.96,105,135,564
04/03/2017 06:27:47,487,10.6,177.180,377.81,3.96,108,129,564
04/03/2017 06:27:57,459,10.5,177.230,377.91,3.96,102,128,564
04/03/2017 06:28:07,473,10.5,177.230,378.48,3.96,107,131,564
04/03/2017 06:28:17,478,10.6,177.110,378.43,3.96,97,129,564

 Ramp exit:    SMOOTH RUNNING
 Profile exit: TOP PRESSURE

 Vehicle motion stopped at 04/03/2017 06:28:21
 Sensor logging stopped at 04/03/2017 06:30:29
