
 Profile 338

 Sensors were turned on at  04/19/2017 00:00:02
 Vehicle began profiling at 04/19/2017 00:02:04

Date,[mA],[V],[dbar],Oxygen[uM],Optode Temp[C],Chl,NTU,Therm
04/19/2017 00:02:04,0,11.1,0.000,0.00,0.00,69,127,567
04/19/2017 00:02:14,209,10.7,0.000,0.00,0.00,70,132,567
04/19/2017 00:02:24,171,10.9,0.000,0.00,0.00,68,125,566
04/19/2017 00:02:37,266,10.8,185.040,376.95,3.98,69,167,566
04/19/2017 00:02:47,166,11.0,187.710,376.63,3.97,66,127,566
04/19/2017 00:02:57,141,11.0,190.380,376.80,3.97,66,128,566
04/19/2017 00:03:07,135,11.0,192.980,376.31,3.97,66,127,566
04/19/2017 00:03:17,144,10.9,195.730,376.42,3.97,66,124,566
04/19/2017 00:03:27,147,11.0,198.400,376.52,3.97,66,127,566
04/19/2017 00:03:37,156,10.9,201.070,376.12,3.97,67,127,566
04/19/2017 00:03:47,152,10.9,203.830,376.44,3.97,66,125,566
04/19/2017 00:03:57,146,10.9,206.410,376.08,3.97,66,127,566
04/19/2017 00:04:07,152,10.9,209.200,377.43,3.97,67,126,566
04/19/2017 00:04:17,147,10.9,211.880,376.65,3.97,66,126,566
04/19/2017 00:04:27,148,10.9,214.410,376.10,3.97,67,127,566
04/19/2017 00:04:37,147,10.9,217.250,376.78,3.97,67,125,565
04/19/2017 00:04:47,163,10.9,219.780,375.67,3.97,66,126,565
04/19/2017 00:04:57,141,10.9,222.410,375.57,3.97,65,127,565
04/19/2017 00:05:07,163,10.9,225.150,376.11,3.97,66,127,566
04/19/2017 00:05:17,152,10.9,227.800,375.53,3.97,65,127,565
04/19/2017 00:05:27,163,10.9,230.440,375.26,3.97,67,126,565
04/19/2017 00:05:37,161,10.9,233.130,375.37,3.97,65,127,565
04/19/2017 00:05:47,160,10.9,235.760,375.22,3.97,65,125,565
04/19/2017 00:05:57,158,10.9,238.460,375.61,3.96,67,124,565
04/19/2017 00:06:07,152,10.9,241.140,376.98,3.96,65,125,565
04/19/2017 00:06:17,156,10.9,243.790,375.30,3.96,66,128,565
04/19/2017 00:06:27,147,10.9,246.400,375.01,3.96,67,125,565
04/19/2017 00:06:37,157,10.9,249.220,374.72,3.96,66,124,565
04/19/2017 00:06:47,163,10.9,251.740,374.63,3.96,67,125,565
04/19/2017 00:06:57,149,10.8,254.370,375.41,3.96,67,125,565
04/19/2017 00:07:07,152,10.8,257.060,375.49,3.95,66,126,565
04/19/2017 00:07:17,174,10.9,259.690,375.77,3.95,66,126,565
04/19/2017 00:07:27,159,10.9,262.410,374.28,3.94,65,124,565
04/19/2017 00:07:37,150,10.8,265.120,374.69,3.93,64,126,565
04/19/2017 00:07:47,174,10.8,267.810,373.45,3.93,65,125,565
04/19/2017 00:07:57,157,10.8,270.370,374.12,3.93,65,125,565
04/19/2017 00:08:07,151,10.8,272.970,373.60,3.93,64,126,565
04/19/2017 00:08:17,157,10.8,275.720,373.55,3.92,64,124,565
04/19/2017 00:08:27,173,10.8,278.400,372.76,3.90,64,123,565
04/19/2017 00:08:37,168,10.8,280.970,372.19,3.90,63,122,565
04/19/2017 00:08:47,158,10.8,283.690,371.73,3.89,63,123,565
04/19/2017 00:08:57,167,10.8,286.330,371.40,3.88,61,123,565
04/19/2017 00:09:07,171,10.8,289.030,371.39,3.87,61,122,565
04/19/2017 00:09:17,163,10.8,291.540,371.78,3.87,60,125,565
04/19/2017 00:09:27,169,10.8,294.240,371.31,3.87,62,124,565
04/19/2017 00:09:37,164,10.8,296.970,370.23,3.86,61,122,565
04/19/2017 00:09:47,131,10.8,299.510,370.13,3.86,59,122,565
04/19/2017 00:09:57,151,10.8,302.230,369.95,3.85,61,121,565
04/19/2017 00:10:07,157,10.9,304.990,370.41,3.84,62,123,565
04/19/2017 00:10:17,147,10.8,307.610,369.60,3.84,61,123,564
04/19/2017 00:10:27,153,10.9,310.230,369.59,3.84,63,125,565
04/19/2017 00:10:37,138,10.8,312.870,370.46,3.84,62,122,565
04/19/2017 00:10:47,135,10.9,315.450,370.69,3.84,61,123,565
04/19/2017 00:10:57,139,10.8,318.230,370.04,3.83,63,125,565
04/19/2017 00:11:07,136,10.8,320.890,371.46,3.83,63,124,565
04/19/2017 00:11:17,153,10.8,323.500,371.58,3.82,62,125,565
04/19/2017 00:11:27,152,10.8,326.140,371.73,3.81,64,123,565
04/19/2017 00:11:37,132,10.9,328.830,370.96,3.80,65,123,564
04/19/2017 00:11:47,149,10.8,331.560,372.81,3.79,64,123,564
04/19/2017 00:11:57,145,10.8,334.120,372.20,3.78,65,125,565
04/19/2017 00:12:07,149,10.9,336.890,373.48,3.78,64,124,564
04/19/2017 00:12:17,124,10.9,339.570,372.73,3.78,65,123,565
04/19/2017 00:12:27,141,10.9,342.090,372.40,3.76,66,125,565
04/19/2017 00:12:37,152,10.8,344.840,373.13,3.74,68,125,564
04/19/2017 00:12:47,162,10.9,347.520,373.81,3.72,66,123,565
04/19/2017 00:12:57,148,10.9,350.170,374.32,3.70,69,133,565
04/19/2017 00:13:07,165,10.8,352.800,374.88,3.70,67,124,564
04/19/2017 00:13:17,157,10.9,355.480,375.02,3.70,69,125,565
04/19/2017 00:13:27,140,10.8,358.070,375.24,3.70,71,124,564
04/19/2017 00:13:37,133,10.8,360.720,374.86,3.70,72,130,564
04/19/2017 00:13:47,164,10.8,363.410,375.07,3.71,72,126,564
04/19/2017 00:13:57,165,10.8,366.120,376.02,3.71,74,125,564
04/19/2017 00:14:07,174,10.8,368.690,376.08,3.71,74,128,564
04/19/2017 00:14:17,165,10.8,371.410,376.21,3.71,73,127,564
04/19/2017 00:14:27,141,10.8,374.010,377.02,3.72,74,127,564
04/19/2017 00:14:37,157,10.8,376.660,376.84,3.72,74,125,564
04/19/2017 00:14:47,170,10.8,379.410,376.81,3.72,74,125,565
04/19/2017 00:14:57,155,10.8,382.130,376.67,3.72,72,126,564
04/19/2017 00:15:07,157,10.8,384.570,376.99,3.71,72,125,564
04/19/2017 00:15:17,156,10.8,387.340,376.84,3.71,72,126,565
04/19/2017 00:15:27,163,10.8,390.050,375.86,3.71,71,125,564
04/19/2017 00:15:37,157,10.8,392.660,375.80,3.71,72,125,564
04/19/2017 00:15:47,129,10.9,395.230,376.31,3.70,72,124,565
04/19/2017 00:15:57,133,10.9,397.870,377.16,3.70,73,125,564
04/19/2017 00:16:07,150,10.9,400.580,376.72,3.70,70,125,564
04/19/2017 00:16:17,158,10.8,403.240,377.57,3.70,71,125,564
04/19/2017 00:16:27,140,10.9,405.950,377.57,3.70,71,125,564
04/19/2017 00:16:37,158,10.8,408.440,377.12,3.70,72,125,564
04/19/2017 00:16:47,162,10.8,411.290,376.91,3.70,71,127,564
04/19/2017 00:16:57,140,10.8,413.820,376.85,3.70,72,125,564
04/19/2017 00:17:07,168,10.9,416.380,377.44,3.69,71,124,564
04/19/2017 00:17:17,151,10.8,419.200,376.31,3.69,71,123,564
04/19/2017 00:17:27,157,10.9,421.690,376.55,3.69,71,124,564
04/19/2017 00:17:37,149,10.8,424.480,376.28,3.69,70,124,565
04/19/2017 00:17:47,160,10.8,427.080,376.40,3.69,70,124,565
04/19/2017 00:17:57,150,10.9,429.650,376.83,3.69,70,124,565
04/19/2017 00:18:07,155,10.9,432.360,376.46,3.69,70,128,565
04/19/2017 00:18:17,155,10.8,434.940,376.46,3.69,68,125,565
04/19/2017 00:18:27,170,10.8,437.560,376.49,3.69,71,124,564
04/19/2017 00:18:37,168,10.9,440.180,376.42,3.69,71,126,564
04/19/2017 00:18:47,164,10.8,442.860,376.52,3.69,70,124,564
04/19/2017 00:18:57,165,10.8,445.540,376.45,3.68,71,124,564
04/19/2017 00:19:07,172,10.8,448.160,376.80,3.68,70,125,564
04/19/2017 00:19:17,154,10.8,450.880,376.82,3.68,71,123,564
04/19/2017 00:19:27,172,10.8,453.500,376.79,3.68,70,129,564
04/19/2017 00:19:37,173,10.8,456.230,375.43,3.68,70,123,564
04/19/2017 00:19:47,165,10.8,458.760,376.67,3.67,70,125,564
04/19/2017 00:19:57,162,10.8,461.310,376.41,3.67,69,123,564
04/19/2017 00:20:07,152,10.9,464.030,375.87,3.66,66,123,564
04/19/2017 00:20:17,166,10.8,466.690,376.48,3.66,66,124,564
04/19/2017 00:20:27,175,10.8,469.370,376.80,3.65,66,122,564
04/19/2017 00:20:37,151,10.9,472.010,375.48,3.65,68,124,564
04/19/2017 00:20:47,156,10.9,474.610,376.09,3.65,67,123,565
04/19/2017 00:20:57,175,10.9,477.250,376.03,3.65,66,122,564
04/19/2017 00:21:07,166,10.8,479.900,374.99,3.65,67,123,564
04/19/2017 00:21:17,155,10.9,482.580,375.23,3.65,66,124,564
04/19/2017 00:21:27,153,10.8,485.120,375.51,3.65,66,123,564
04/19/2017 00:21:37,168,10.8,487.850,376.05,3.65,67,122,564
04/19/2017 00:21:47,168,10.8,490.430,375.22,3.65,67,124,564
04/19/2017 00:21:57,164,10.8,493.140,376.15,3.65,67,125,565
04/19/2017 00:22:07,170,10.8,495.820,374.97,3.65,70,125,564
04/19/2017 00:22:17,159,10.8,498.410,375.64,3.65,68,124,564
04/19/2017 00:22:27,163,10.8,500.960,376.13,3.65,69,123,564
04/19/2017 00:22:37,154,10.8,503.690,375.10,3.65,67,122,565
04/19/2017 00:22:47,175,10.8,506.360,374.86,3.65,68,124,564
04/19/2017 00:22:57,165,10.9,508.900,375.35,3.65,67,125,564
04/19/2017 00:23:07,175,10.9,511.560,375.95,3.65,68,124,564
04/19/2017 00:23:17,164,10.8,514.250,376.56,3.65,68,126,564
04/19/2017 00:23:27,175,10.9,516.880,375.93,3.65,67,122,564
04/19/2017 00:23:37,163,10.8,519.460,376.43,3.65,69,122,564
04/19/2017 00:23:47,171,10.8,522.150,376.48,3.65,67,124,564
04/19/2017 00:23:57,176,10.9,524.740,376.19,3.65,66,129,564
04/19/2017 00:24:07,186,10.8,527.350,375.47,3.65,69,125,564
04/19/2017 00:24:17,156,10.9,530.010,377.32,3.65,69,125,564
04/19/2017 00:24:27,173,10.8,532.690,375.93,3.66,67,125,564
04/19/2017 00:24:37,176,10.8,535.370,375.64,3.66,66,125,564
04/19/2017 00:24:47,166,10.9,537.880,376.47,3.65,65,124,564
04/19/2017 00:24:57,162,10.9,540.630,376.37,3.66,68,124,564
04/19/2017 00:25:07,163,10.8,543.230,376.79,3.66,67,123,564
04/19/2017 00:25:17,171,10.8,545.760,375.47,3.65,67,125,564
04/19/2017 00:25:27,180,10.8,548.400,375.39,3.65,68,122,564
04/19/2017 00:25:37,181,10.8,551.060,376.69,3.65,66,124,564
04/19/2017 00:25:47,168,10.9,553.810,376.81,3.65,67,125,564
04/19/2017 00:25:57,169,10.8,556.400,376.18,3.65,66,123,565
04/19/2017 00:26:07,157,10.9,558.970,375.35,3.65,67,123,564
04/19/2017 00:26:17,161,10.9,561.550,376.60,3.65,67,124,564
04/19/2017 00:26:27,153,10.9,564.240,375.85,3.65,66,123,564
04/19/2017 00:26:37,160,10.9,566.840,375.97,3.65,66,125,564
04/19/2017 00:26:47,169,10.8,569.500,376.18,3.64,63,122,564
04/19/2017 00:26:57,175,10.9,572.080,375.75,3.63,64,124,565
04/19/2017 00:27:07,191,10.8,574.750,374.58,3.63,65,122,564
04/19/2017 00:27:17,192,10.8,577.380,374.79,3.63,64,125,565
04/19/2017 00:27:27,147,10.8,580.000,375.91,3.64,64,125,564
04/19/2017 00:27:37,191,10.8,582.590,374.69,3.64,65,121,564
04/19/2017 00:27:47,152,10.8,585.240,374.60,3.64,64,122,564
04/19/2017 00:27:57,183,10.8,587.810,375.12,3.64,65,124,564
04/19/2017 00:28:07,170,10.9,590.380,374.85,3.63,65,123,565
04/19/2017 00:28:17,176,10.8,593.080,374.06,3.59,58,120,564
04/19/2017 00:28:27,175,10.8,595.640,372.17,3.58,58,121,564
04/19/2017 00:28:37,158,10.8,598.370,372.15,3.58,58,123,564
04/19/2017 00:28:47,166,10.9,600.940,371.57,3.57,57,121,564
04/19/2017 00:28:57,167,10.8,603.540,371.90,3.57,57,119,564
04/19/2017 00:29:07,190,10.8,606.080,371.14,3.57,57,120,564
04/19/2017 00:29:17,190,10.8,608.690,370.60,3.57,56,125,564
04/19/2017 00:29:27,197,10.8,611.330,370.71,3.57,56,120,565
04/19/2017 00:29:37,171,10.8,614.030,370.40,3.57,58,122,565
04/19/2017 00:29:47,200,10.8,616.570,371.56,3.57,57,121,565
04/19/2017 00:29:57,199,10.8,619.280,370.84,3.57,57,120,564
04/19/2017 00:30:07,184,10.8,621.800,370.57,3.57,57,120,564
04/19/2017 00:30:17,176,10.8,624.520,370.34,3.57,58,121,564
04/19/2017 00:30:27,165,10.9,627.120,370.54,3.56,55,118,564
04/19/2017 00:30:37,173,10.8,629.660,370.04,3.57,57,121,564
04/19/2017 00:30:47,200,10.8,632.380,369.78,3.56,58,119,564
04/19/2017 00:30:57,195,10.8,634.980,371.14,3.56,57,119,565
04/19/2017 00:31:07,201,10.8,637.490,370.53,3.56,57,120,565
04/19/2017 00:31:17,184,10.8,640.140,370.20,3.55,55,121,564
04/19/2017 00:31:27,178,10.9,642.760,369.11,3.55,56,122,564
04/19/2017 00:31:37,194,10.8,645.480,369.80,3.55,56,119,564
04/19/2017 00:31:47,155,10.9,648.030,368.96,3.55,55,119,565
04/19/2017 00:31:57,149,10.9,650.660,369.65,3.54,55,120,564
04/19/2017 00:32:07,181,10.9,653.150,369.36,3.54,56,118,564
04/19/2017 00:32:17,173,10.8,655.770,369.49,3.54,55,120,565
04/19/2017 00:32:27,163,10.8,658.440,369.59,3.54,55,122,564
04/19/2017 00:32:37,166,10.9,661.060,370.13,3.54,57,120,564
04/19/2017 00:32:47,191,10.8,663.700,370.52,3.54,56,120,564
04/19/2017 00:32:57,188,10.8,666.170,368.95,3.54,56,119,564
04/19/2017 00:33:07,190,10.9,668.750,369.52,3.54,56,119,565
04/19/2017 00:33:17,183,10.9,671.480,370.26,3.54,56,119,564
04/19/2017 00:33:27,184,10.9,674.100,369.81,3.54,57,119,565
04/19/2017 00:33:37,198,10.8,676.590,369.83,3.53,57,119,565
04/19/2017 00:33:47,183,10.8,679.200,369.20,3.53,57,119,564
04/19/2017 00:33:57,168,10.9,681.890,370.23,3.53,57,119,564
04/19/2017 00:34:07,192,10.8,684.530,370.16,3.53,56,120,565
04/19/2017 00:34:17,175,10.8,687.130,370.15,3.53,57,121,564
04/19/2017 00:34:27,186,10.8,689.630,371.55,3.53,56,119,565
04/19/2017 00:34:37,165,10.9,692.350,370.71,3.53,56,120,565
04/19/2017 00:34:47,180,10.8,694.870,370.31,3.53,57,121,565
04/19/2017 00:34:57,169,10.9,697.590,369.60,3.53,57,121,565
04/19/2017 00:35:07,159,10.8,700.120,370.45,3.53,55,119,564
04/19/2017 00:35:17,183,10.8,702.710,370.19,3.53,56,120,564
04/19/2017 00:35:27,172,10.8,705.450,370.08,3.53,56,119,565
04/19/2017 00:35:37,189,10.8,707.950,369.32,3.53,56,121,564
04/19/2017 00:35:47,194,10.8,710.530,369.55,3.53,56,121,565
04/19/2017 00:35:57,170,10.8,713.170,369.32,3.53,55,120,565
04/19/2017 00:36:07,181,10.9,715.730,369.37,3.53,56,119,565
04/19/2017 00:36:17,177,10.9,718.300,369.24,3.53,56,121,564
04/19/2017 00:36:27,166,10.8,721.080,369.65,3.53,57,121,564
04/19/2017 00:36:37,159,10.8,723.560,369.84,3.53,56,120,565
04/19/2017 00:36:47,176,10.8,726.200,370.31,3.53,55,119,565
04/19/2017 00:36:57,176,10.8,728.810,370.23,3.53,56,119,565
04/19/2017 00:37:07,179,10.9,731.370,370.00,3.53,57,121,564
04/19/2017 00:37:17,181,10.8,733.980,370.27,3.53,55,121,564
04/19/2017 00:37:27,179,10.8,736.630,371.46,3.54,56,121,564
04/19/2017 00:37:37,178,10.8,739.250,371.20,3.54,57,121,564
04/19/2017 00:37:47,189,10.8,741.890,371.31,3.54,58,121,565
04/19/2017 00:37:57,186,10.9,744.580,372.09,3.54,57,120,565
04/19/2017 00:38:07,173,10.8,747.140,371.10,3.54,58,122,565
04/19/2017 00:38:17,166,10.9,749.780,371.40,3.53,56,122,565
04/19/2017 00:38:27,162,10.8,752.380,371.48,3.54,59,122,565
04/19/2017 00:38:37,184,10.8,754.930,371.88,3.53,55,122,565
04/19/2017 00:38:47,183,10.8,757.490,372.05,3.53,57,122,565
04/19/2017 00:38:57,189,10.8,760.110,371.32,3.53,56,121,564
04/19/2017 00:39:07,178,10.8,762.810,371.76,3.53,57,120,565
04/19/2017 00:39:17,177,10.8,765.360,371.38,3.53,57,123,564
04/19/2017 00:39:27,186,10.9,767.950,371.79,3.53,58,121,565
04/19/2017 00:39:37,182,10.9,770.560,371.02,3.53,58,121,565
04/19/2017 00:39:47,155,10.8,773.160,371.88,3.53,58,122,565
04/19/2017 00:39:57,176,10.8,775.770,371.83,3.53,58,123,564
04/19/2017 00:40:07,181,10.9,778.340,371.01,3.53,57,121,565
04/19/2017 00:40:17,153,10.8,780.850,371.00,3.53,57,120,565
04/19/2017 00:40:27,162,10.8,783.530,371.35,3.52,56,120,565
04/19/2017 00:40:37,186,10.8,786.050,370.96,3.52,56,120,565
04/19/2017 00:40:47,174,10.8,788.680,370.92,3.52,57,122,565
04/19/2017 00:40:57,188,10.8,791.300,370.93,3.52,56,120,565
04/19/2017 00:41:07,171,10.9,793.800,371.04,3.52,56,123,565
04/19/2017 00:41:17,186,10.9,796.430,371.01,3.52,57,119,564
04/19/2017 00:41:27,183,10.8,799.030,370.69,3.52,55,124,565
04/19/2017 00:41:37,193,10.8,801.630,371.45,3.52,55,119,565
04/19/2017 00:41:47,166,10.8,804.290,371.44,3.52,56,121,565
04/19/2017 00:41:57,177,10.8,806.890,370.76,3.52,57,121,565
04/19/2017 00:42:07,181,10.8,809.470,370.91,3.52,57,121,564
04/19/2017 00:42:17,185,10.9,812.030,370.37,3.52,55,121,565
04/19/2017 00:42:27,181,10.8,814.610,369.58,3.52,56,120,565
04/19/2017 00:42:37,183,10.8,817.190,370.69,3.52,55,120,565
04/19/2017 00:42:47,183,10.8,819.780,370.02,3.52,56,122,565
04/19/2017 00:42:57,188,10.8,822.410,369.45,3.52,57,120,565
04/19/2017 00:43:07,170,10.8,824.930,368.72,3.52,56,119,564
04/19/2017 00:43:17,173,10.8,827.450,369.27,3.52,56,118,565
04/19/2017 00:43:27,177,10.8,830.090,368.85,3.51,56,120,565
04/19/2017 00:43:37,197,10.8,832.700,368.57,3.51,56,119,565
04/19/2017 00:43:47,198,10.8,835.410,368.67,3.51,57,120,565
04/19/2017 00:43:57,193,10.8,837.910,368.39,3.51,56,120,565
04/19/2017 00:44:07,190,10.8,840.480,368.80,3.51,56,120,565
04/19/2017 00:44:17,175,10.8,843.030,368.13,3.50,55,120,565
04/19/2017 00:44:27,186,10.8,845.630,366.12,3.50,55,121,564
04/19/2017 00:44:37,190,10.8,848.240,366.21,3.50,55,117,565
04/19/2017 00:44:47,197,10.8,850.840,365.59,3.50,53,117,565
04/19/2017 00:44:57,176,10.8,853.380,365.05,3.49,54,117,564
04/19/2017 00:45:07,192,10.8,855.970,363.90,3.49,53,116,565
04/19/2017 00:45:17,180,10.9,858.650,365.26,3.49,53,116,565
04/19/2017 00:45:27,196,10.8,861.150,365.21,3.49,53,116,564
04/19/2017 00:45:37,180,10.8,863.790,364.26,3.48,54,117,565
04/19/2017 00:45:47,171,10.8,866.400,363.94,3.48,53,117,565
04/19/2017 00:45:57,185,10.8,869.010,364.22,3.48,54,117,565
04/19/2017 00:46:07,178,10.8,871.560,363.57,3.48,54,117,564
04/19/2017 00:46:17,162,10.9,874.230,363.23,3.48,53,116,565
04/19/2017 00:46:27,200,10.8,876.690,362.83,3.48,52,116,565
04/19/2017 00:46:37,192,10.8,879.380,363.41,3.48,53,116,564
04/19/2017 00:46:47,195,10.8,881.950,363.18,3.48,54,117,565
04/19/2017 00:46:57,184,10.8,884.470,363.32,3.48,52,117,564
04/19/2017 00:47:07,172,10.8,887.220,362.03,3.48,53,116,565
04/19/2017 00:47:17,162,10.8,889.610,363.70,3.47,52,117,565
04/19/2017 00:47:27,171,10.9,892.340,362.40,3.47,53,116,565
04/19/2017 00:47:37,191,10.9,894.940,362.43,3.46,53,116,565
04/19/2017 00:47:47,177,10.8,897.370,361.64,3.46,53,116,565
04/19/2017 00:47:57,195,10.8,900.130,362.44,3.46,53,115,565
04/19/2017 00:48:07,177,10.8,902.650,362.26,3.46,53,117,565
04/19/2017 00:48:17,186,10.8,905.250,361.68,3.45,53,115,565
04/19/2017 00:48:27,184,10.8,907.780,361.27,3.45,51,119,565
04/19/2017 00:48:37,161,10.8,910.350,361.28,3.45,53,116,564
04/19/2017 00:48:47,189,10.8,912.900,361.02,3.45,52,115,565
04/19/2017 00:48:57,180,10.9,915.600,360.69,3.45,53,115,565
04/19/2017 00:49:07,182,10.8,918.210,361.33,3.45,53,118,565
04/19/2017 00:49:17,161,10.9,920.770,360.53,3.45,52,116,565
04/19/2017 00:49:27,165,10.8,923.320,362.22,3.45,52,113,565
04/19/2017 00:49:37,186,10.8,925.870,360.67,3.45,52,116,565
04/19/2017 00:49:47,172,10.8,928.530,361.21,3.45,52,117,565
04/19/2017 00:49:57,174,10.8,931.030,361.73,3.45,53,114,565
04/19/2017 00:50:07,158,10.8,933.590,361.00,3.45,51,119,565
04/19/2017 00:50:17,200,10.8,936.220,361.15,3.45,52,115,565
04/19/2017 00:50:27,176,10.8,938.840,360.73,3.45,52,114,564
04/19/2017 00:50:37,178,10.8,941.430,360.72,3.44,53,115,565
04/19/2017 00:50:47,185,10.9,944.020,360.04,3.44,53,117,565
04/19/2017 00:50:57,178,10.8,946.560,361.62,3.44,52,116,565
04/19/2017 00:51:07,167,10.8,949.090,360.11,3.44,54,114,565
04/19/2017 00:51:17,153,10.8,951.790,360.99,3.44,51,114,565
04/19/2017 00:51:27,168,10.8,954.410,360.12,3.43,53,115,565
04/19/2017 00:51:37,192,10.8,956.880,360.31,3.43,52,114,565
04/19/2017 00:51:47,159,10.8,959.500,361.02,3.43,52,115,565
04/19/2017 00:51:57,186,10.8,962.050,360.14,3.43,52,114,565
04/19/2017 00:52:07,159,10.8,964.740,359.99,3.42,52,116,565
04/19/2017 00:52:17,177,10.9,967.190,359.94,3.42,52,115,565
04/19/2017 00:52:27,176,10.8,969.890,360.20,3.42,52,114,565
04/19/2017 00:52:37,192,10.8,972.430,359.15,3.42,55,114,565
04/19/2017 00:52:47,191,10.8,975.040,359.64,3.42,52,115,565
04/19/2017 00:52:57,197,10.8,977.690,360.11,3.42,52,115,565
04/19/2017 00:53:07,144,10.8,980.090,359.58,3.42,53,114,565
04/19/2017 00:53:17,168,10.8,982.790,359.94,3.42,53,115,565
04/19/2017 00:53:27,181,10.8,985.310,359.34,3.42,54,114,565
04/19/2017 00:53:37,181,10.8,987.920,359.30,3.42,51,117,565
04/19/2017 00:53:47,166,10.8,990.550,360.29,3.41,51,114,565
04/19/2017 00:53:57,178,10.9,993.140,359.08,3.41,52,115,565
04/19/2017 00:54:07,153,10.8,995.850,359.43,3.41,52,116,565
04/19/2017 00:54:17,199,10.8,998.340,360.27,3.41,52,115,565
04/19/2017 00:54:27,165,10.9,1000.950,359.77,3.41,53,115,565
04/19/2017 00:54:37,195,10.8,1003.550,359.57,3.40,52,114,565
04/19/2017 00:54:47,187,10.8,1006.200,359.03,3.40,52,117,565
04/19/2017 00:54:57,181,10.9,1008.770,359.45,3.41,52,114,565
04/19/2017 00:55:07,154,10.9,1011.300,359.41,3.41,52,115,565
04/19/2017 00:55:17,157,10.9,1013.790,359.25,3.41,51,116,565
04/19/2017 00:55:27,198,10.8,1016.370,360.09,3.40,53,115,565
04/19/2017 00:55:37,170,10.9,1019.010,358.97,3.40,52,115,565
04/19/2017 00:55:47,178,10.8,1021.690,360.33,3.39,52,116,565
04/19/2017 00:55:57,161,10.8,1024.130,359.71,3.39,53,115,565
04/19/2017 00:56:07,147,10.8,1026.760,359.53,3.39,53,115,565
04/19/2017 00:56:17,177,10.8,1029.400,359.28,3.39,51,115,564
04/19/2017 00:56:27,194,10.8,1031.950,359.79,3.39,51,115,565
04/19/2017 00:56:37,177,10.8,1034.480,359.82,3.39,52,114,565
04/19/2017 00:56:47,168,10.8,1037.190,359.44,3.38,52,114,565
04/19/2017 00:56:57,163,10.8,1039.810,359.18,3.38,52,115,565
04/19/2017 00:57:07,182,10.8,1042.360,359.24,3.38,50,116,565
04/19/2017 00:57:17,168,10.8,1044.930,359.80,3.38,52,114,565
04/19/2017 00:57:27,176,10.9,1047.480,359.58,3.38,52,115,565
04/19/2017 00:57:37,201,10.8,1050.090,359.87,3.38,53,118,565
04/19/2017 00:57:47,163,10.8,1052.590,358.87,3.38,52,115,565
04/19/2017 00:57:57,189,10.8,1055.160,358.73,3.38,51,115,565
04/19/2017 00:58:07,177,10.8,1057.810,359.45,3.38,52,113,565
04/19/2017 00:58:17,180,10.8,1060.320,358.87,3.38,52,115,565
04/19/2017 00:58:27,183,10.8,1062.960,359.32,3.38,52,113,565
04/19/2017 00:58:37,189,10.8,1065.510,359.48,3.38,53,114,565
04/19/2017 00:58:47,190,10.8,1068.260,358.88,3.38,53,113,565
04/19/2017 00:58:57,173,10.8,1070.700,358.78,3.38,53,114,565
04/19/2017 00:59:07,181,10.8,1073.350,358.61,3.37,52,114,565
04/19/2017 00:59:17,199,10.8,1075.870,358.37,3.37,52,115,565
04/19/2017 00:59:27,192,10.8,1078.520,359.16,3.37,51,115,565
04/19/2017 00:59:37,181,10.8,1081.030,359.54,3.37,52,114,565
04/19/2017 00:59:47,185,10.8,1083.600,358.38,3.36,52,114,565
04/19/2017 00:59:57,191,10.8,1086.200,358.70,3.36,53,114,565
04/19/2017 01:00:07,200,10.8,1088.860,358.53,3.36,52,114,565
04/19/2017 01:00:17,194,10.8,1091.410,358.12,3.36,53,114,565
04/19/2017 01:00:27,194,10.8,1094.020,358.67,3.36,52,114,565
04/19/2017 01:00:37,192,10.8,1096.690,359.25,3.37,53,115,565
04/19/2017 01:00:47,184,10.8,1099.190,358.67,3.36,53,113,565
04/19/2017 01:00:57,181,10.8,1101.810,358.38,3.37,52,114,565
04/19/2017 01:01:07,183,10.9,1104.390,357.71,3.37,52,114,565
04/19/2017 01:01:17,199,10.8,1106.890,358.05,3.37,51,113,565
04/19/2017 01:01:27,189,10.8,1109.430,358.27,3.37,53,114,565
04/19/2017 01:01:37,207,10.8,1111.960,357.49,3.37,52,114,565
04/19/2017 01:01:47,202,10.8,1114.490,358.49,3.37,53,198,565
04/19/2017 01:01:57,192,10.8,1117.180,357.98,3.37,51,115,565
04/19/2017 01:02:07,190,10.8,1119.820,357.66,3.37,52,113,565
04/19/2017 01:02:17,187,10.8,1122.400,357.64,3.37,53,113,565
04/19/2017 01:02:27,179,10.8,1124.930,357.37,3.37,52,112,565
04/19/2017 01:02:37,213,10.8,1127.490,358.04,3.36,54,116,565
04/19/2017 01:02:47,191,10.8,1130.050,357.63,3.36,52,113,565
04/19/2017 01:02:57,173,10.8,1132.630,357.90,3.36,52,114,565
04/19/2017 01:03:07,179,10.8,1135.160,357.32,3.36,51,114,565
04/19/2017 01:03:17,191,10.8,1137.670,358.25,3.36,50,114,565
04/19/2017 01:03:27,199,10.8,1140.280,357.89,3.36,52,114,565
04/19/2017 01:03:37,180,10.8,1142.760,358.29,3.35,53,112,565
04/19/2017 01:03:47,179,10.8,1145.340,357.44,3.35,52,114,565
04/19/2017 01:03:57,191,10.8,1148.010,358.13,3.35,52,114,565
04/19/2017 01:04:07,195,10.8,1150.650,357.64,3.35,52,114,565
04/19/2017 01:04:17,174,10.8,1153.060,357.19,3.35,52,114,565
04/19/2017 01:04:27,182,10.8,1155.810,357.68,3.35,52,113,565
04/19/2017 01:04:37,187,10.8,1158.210,357.28,3.35,53,114,565
04/19/2017 01:04:47,185,10.8,1160.780,357.93,3.35,51,115,565
04/19/2017 01:04:57,181,10.8,1163.410,357.17,3.35,53,115,565
04/19/2017 01:05:07,180,10.8,1166.050,358.46,3.35,52,115,565
04/19/2017 01:05:17,192,10.8,1168.550,357.70,3.35,51,114,565
04/19/2017 01:05:27,175,10.9,1171.080,357.41,3.35,53,114,565
04/19/2017 01:05:37,172,10.8,1173.640,357.53,3.35,53,117,565
04/19/2017 01:05:47,198,10.8,1176.220,357.83,3.36,52,114,565
04/19/2017 01:05:57,211,10.8,1178.700,357.36,3.35,53,113,565
04/19/2017 01:06:07,188,10.8,1181.290,356.88,3.35,53,112,565
04/19/2017 01:06:17,191,10.8,1183.810,357.13,3.35,52,113,565
04/19/2017 01:06:27,203,10.8,1186.430,358.21,3.35,54,114,565
04/19/2017 01:06:37,192,10.8,1188.950,356.79,3.35,52,114,565
04/19/2017 01:06:47,186,10.8,1191.550,358.45,3.35,53,113,565
04/19/2017 01:06:57,187,10.8,1194.120,356.52,3.34,51,113,565
04/19/2017 01:07:07,182,10.8,1196.800,357.73,3.34,54,114,565
04/19/2017 01:07:17,166,10.8,1199.370,358.08,3.34,52,113,565
04/19/2017 01:07:27,183,10.8,1201.820,357.34,3.34,53,113,565
04/19/2017 01:07:37,188,10.8,1204.350,357.26,3.34,53,113,565
04/19/2017 01:07:47,186,10.8,1206.900,356.47,3.35,53,112,565
04/19/2017 01:07:57,209,10.8,1209.470,357.81,3.35,53,113,565
04/19/2017 01:08:07,203,10.8,1212.100,357.49,3.35,53,112,565
04/19/2017 01:08:17,182,10.8,1214.710,356.88,3.35,52,114,565
04/19/2017 01:08:27,198,10.8,1217.240,356.78,3.35,52,114,565
04/19/2017 01:08:37,186,10.8,1219.690,356.57,3.35,52,112,565
04/19/2017 01:08:47,190,10.8,1222.410,356.86,3.35,51,125,565
04/19/2017 01:08:57,200,10.8,1224.800,357.10,3.35,52,114,565
04/19/2017 01:09:07,195,10.8,1227.520,356.54,3.35,54,114,565
04/19/2017 01:09:17,210,10.8,1230.060,356.38,3.35,51,112,565
04/19/2017 01:09:27,191,10.8,1232.560,355.97,3.35,53,113,565
04/19/2017 01:09:37,200,10.8,1235.050,355.91,3.36,53,113,565
04/19/2017 01:09:47,184,10.8,1237.800,356.60,3.36,51,113,565
04/19/2017 01:09:57,196,10.8,1240.230,356.40,3.36,51,112,565
04/19/2017 01:10:07,199,10.8,1242.870,355.27,3.36,53,112,565
04/19/2017 01:10:17,196,10.9,1245.310,355.36,3.36,52,113,565
04/19/2017 01:10:27,212,10.8,1247.810,355.74,3.36,51,113,565
04/19/2017 01:10:37,201,10.8,1250.530,355.16,3.36,52,113,565
04/19/2017 01:10:47,200,10.8,1252.950,355.92,3.36,52,113,565
04/19/2017 01:10:57,196,10.8,1255.530,355.64,3.36,53,112,565
04/19/2017 01:11:07,217,10.8,1258.170,355.48,3.36,52,112,565
04/19/2017 01:11:17,177,10.8,1260.680,354.97,3.36,51,112,565
04/19/2017 01:11:27,200,10.8,1263.170,355.70,3.36,52,113,565
04/19/2017 01:11:37,195,10.8,1265.700,355.49,3.37,53,114,565
04/19/2017 01:11:47,187,10.8,1268.350,354.70,3.37,52,113,565
04/19/2017 01:11:57,209,10.8,1270.940,355.20,3.37,52,116,565
04/19/2017 01:12:07,178,10.8,1273.510,354.94,3.37,53,112,565
04/19/2017 01:12:17,220,10.8,1275.930,354.86,3.37,52,112,565
04/19/2017 01:12:27,187,10.8,1278.430,354.45,3.37,52,112,565
04/19/2017 01:12:37,203,10.8,1280.990,354.52,3.38,52,113,565
04/19/2017 01:12:47,177,10.8,1283.630,354.40,3.38,52,112,565
04/19/2017 01:12:57,202,10.8,1286.080,353.03,3.38,52,112,565
04/19/2017 01:13:07,177,10.8,1288.780,353.02,3.39,53,112,565
04/19/2017 01:13:17,191,10.8,1291.220,353.65,3.39,52,114,565
04/19/2017 01:13:27,199,10.8,1293.720,353.25,3.40,52,113,565
04/19/2017 01:13:37,172,10.8,1296.260,352.25,3.40,52,113,565
04/19/2017 01:13:47,210,10.8,1298.800,352.32,3.41,52,119,565
04/19/2017 01:13:57,185,10.8,1301.430,352.14,3.41,53,113,565
04/19/2017 01:14:07,208,10.8,1303.970,352.25,3.41,53,112,565
04/19/2017 01:14:17,173,10.8,1306.570,351.66,3.42,51,114,565
04/19/2017 01:14:27,200,10.8,1309.130,351.26,3.42,52,113,565
04/19/2017 01:14:37,198,10.8,1311.640,349.55,3.43,53,114,565
04/19/2017 01:14:47,202,10.8,1314.130,350.25,3.43,51,114,565
04/19/2017 01:14:57,214,10.8,1316.750,349.97,3.44,55,112,565
04/19/2017 01:15:07,191,10.8,1319.090,349.48,3.44,51,112,565
04/19/2017 01:15:17,205,10.8,1321.660,348.61,3.44,53,113,565
04/19/2017 01:15:27,197,10.8,1324.330,347.76,3.44,52,112,565
04/19/2017 01:15:37,211,10.8,1326.890,348.94,3.44,52,113,565
04/19/2017 01:15:47,202,10.8,1329.340,348.24,3.45,52,114,565
04/19/2017 01:15:57,200,10.8,1331.880,347.90,3.45,52,113,565
04/19/2017 01:16:07,210,10.8,1334.460,348.15,3.45,52,113,565
04/19/2017 01:16:17,183,10.9,1337.040,347.66,3.45,52,112,565
04/19/2017 01:16:27,192,10.8,1339.460,347.95,3.45,52,113,565
04/19/2017 01:16:37,200,10.8,1342.070,347.84,3.45,53,113,565
04/19/2017 01:16:47,187,10.8,1344.650,347.87,3.44,54,114,565
04/19/2017 01:16:57,220,10.8,1347.200,348.83,3.43,52,115,565
04/19/2017 01:17:07,194,10.8,1349.620,347.33,3.43,53,113,565
04/19/2017 01:17:17,193,10.8,1352.220,346.94,3.44,52,114,565
04/19/2017 01:17:27,197,10.8,1354.730,346.43,3.46,54,113,565
04/19/2017 01:17:37,195,10.8,1357.300,345.59,3.46,55,113,565
04/19/2017 01:17:47,196,10.8,1359.800,346.15,3.45,52,113,565
04/19/2017 01:17:57,204,10.8,1362.280,345.30,3.47,52,112,565
04/19/2017 01:18:07,193,10.8,1364.830,345.12,3.48,52,113,565
04/19/2017 01:18:17,203,10.8,1367.460,344.48,3.48,52,113,565
04/19/2017 01:18:27,204,10.8,1369.900,344.07,3.48,53,112,565
04/19/2017 01:18:37,143,10.8,1372.450,343.72,3.48,53,112,565
04/19/2017 01:18:47,219,10.8,1375.070,343.39,3.48,52,115,565
04/19/2017 01:18:57,204,10.8,1377.540,343.12,3.48,53,111,565
04/19/2017 01:19:07,210,10.8,1380.020,343.93,3.48,53,114,565
04/19/2017 01:19:17,203,10.8,1382.610,343.66,3.48,53,114,565
04/19/2017 01:19:27,202,10.8,1385.090,342.60,3.48,54,114,565
04/19/2017 01:19:37,212,10.8,1387.610,342.99,3.48,52,113,565
04/19/2017 01:19:47,208,10.8,1390.100,342.21,3.48,53,113,565
04/19/2017 01:19:57,214,10.8,1392.670,343.11,3.48,52,111,565
04/19/2017 01:20:07,194,10.8,1395.170,341.65,3.48,51,113,565
04/19/2017 01:20:17,210,10.8,1397.650,342.61,3.48,52,112,565
04/19/2017 01:20:27,207,10.8,1400.100,343.11,3.48,52,113,565
04/19/2017 01:20:37,211,10.8,1402.490,342.58,3.48,52,111,565
04/19/2017 01:20:47,201,10.8,1405.030,342.12,3.48,52,114,565
04/19/2017 01:20:57,190,10.8,1407.660,343.35,3.48,53,115,565
04/19/2017 01:21:07,200,10.8,1410.090,341.94,3.48,53,111,565
04/19/2017 01:21:17,182,10.8,1412.620,341.57,3.48,52,114,565
04/19/2017 01:21:27,192,10.8,1415.190,341.84,3.48,53,113,565
04/19/2017 01:21:37,177,10.9,1417.530,341.77,3.48,52,112,565
04/19/2017 01:21:47,214,10.8,1420.180,341.17,3.49,52,113,565
04/19/2017 01:21:57,177,10.8,1422.590,340.83,3.49,53,112,565
04/19/2017 01:22:07,205,10.8,1425.070,341.49,3.49,52,113,565
04/19/2017 01:22:17,188,10.8,1427.640,340.74,3.49,52,114,565
04/19/2017 01:22:27,188,10.8,1430.130,341.09,3.49,53,114,565
04/19/2017 01:22:37,208,10.8,1432.580,340.88,3.50,51,112,565
04/19/2017 01:22:47,205,10.9,1435.220,340.15,3.51,53,113,565
04/19/2017 01:22:57,195,10.9,1437.650,339.20,3.51,54,113,565
04/19/2017 01:23:07,198,10.8,1440.200,338.37,3.52,53,113,565
04/19/2017 01:23:17,199,10.8,1442.610,337.99,3.52,53,113,565
04/19/2017 01:23:27,219,10.8,1445.200,337.40,3.53,53,113,565
04/19/2017 01:23:37,209,10.8,1447.810,337.94,3.53,53,113,565
04/19/2017 01:23:47,222,10.8,1450.260,337.11,3.53,52,114,565
04/19/2017 01:23:57,216,10.8,1452.650,337.28,3.54,54,113,565
04/19/2017 01:24:07,220,10.8,1455.240,336.39,3.54,53,113,565
04/19/2017 01:24:17,213,10.8,1457.610,335.88,3.56,51,113,565
04/19/2017 01:24:27,193,10.8,1460.260,334.41,3.56,52,114,565
04/19/2017 01:24:37,220,10.8,1462.710,334.35,3.56,52,114,565
04/19/2017 01:24:47,218,10.8,1465.070,334.80,3.57,52,114,565
04/19/2017 01:24:57,167,10.9,1467.480,334.42,3.57,52,114,565
04/19/2017 01:25:07,196,10.8,1470.130,333.40,3.58,51,117,565
04/19/2017 01:25:17,212,10.8,1472.610,332.90,3.60,52,114,565
04/19/2017 01:25:27,214,10.8,1475.030,332.89,3.61,54,115,565
04/19/2017 01:25:37,245,10.8,1477.200,331.64,3.61,52,114,565
04/19/2017 01:25:47,205,10.8,1479.730,331.92,3.61,53,114,565
04/19/2017 01:25:57,178,10.8,1482.080,331.85,3.62,53,114,565
04/19/2017 01:26:07,226,10.8,1484.560,331.15,3.62,52,117,565
04/19/2017 01:26:17,245,10.8,1486.910,330.77,3.62,53,113,565
04/19/2017 01:26:27,216,10.8,1489.300,330.34,3.62,52,115,565
04/19/2017 01:26:37,253,10.8,1491.640,331.01,3.62,52,114,565
04/19/2017 01:26:47,237,10.8,1494.090,330.04,3.62,51,115,565
04/19/2017 01:26:57,248,10.8,1496.450,329.45,3.62,53,114,565
04/19/2017 01:27:07,245,10.8,1498.820,329.73,3.62,54,116,565
04/19/2017 01:27:17,227,10.8,1501.240,329.70,3.62,52,113,565
04/19/2017 01:27:27,271,10.7,1503.470,329.05,3.62,53,114,565
04/19/2017 01:27:37,235,10.8,1505.940,329.87,3.62,54,114,565
04/19/2017 01:27:47,246,10.7,1508.280,329.32,3.62,51,114,565
04/19/2017 01:27:57,247,10.8,1510.580,330.08,3.62,54,112,565
04/19/2017 01:28:07,229,10.8,1512.930,328.09,3.62,53,114,565
04/19/2017 01:28:17,229,10.8,1515.400,328.44,3.63,53,113,565
04/19/2017 01:28:27,246,10.8,1517.750,328.94,3.63,52,114,565
04/19/2017 01:28:37,270,10.8,1520.100,328.35,3.63,53,114,565
04/19/2017 01:28:47,247,10.8,1522.440,327.80,3.63,53,114,565
04/19/2017 01:28:57,251,10.8,1524.820,328.36,3.62,52,113,565
04/19/2017 01:29:07,250,10.8,1527.230,326.97,3.62,52,115,565
04/19/2017 01:29:17,257,10.7,1529.660,327.22,3.62,52,114,565
04/19/2017 01:29:27,266,10.8,1532.110,326.46,3.62,52,114,565
04/19/2017 01:29:37,277,10.7,1534.460,326.70,3.61,53,114,565
04/19/2017 01:29:47,248,10.8,1536.910,326.97,3.61,53,115,565
04/19/2017 01:29:57,264,10.8,1539.160,327.43,3.61,54,114,565
04/19/2017 01:30:07,247,10.8,1541.550,326.94,3.61,54,114,565
04/19/2017 01:30:17,269,10.8,1543.970,326.67,3.61,52,119,565
04/19/2017 01:30:27,208,10.8,1546.370,326.29,3.61,53,114,565
04/19/2017 01:30:37,212,10.8,1548.780,326.14,3.60,53,112,565
04/19/2017 01:30:47,212,10.8,1551.320,326.42,3.60,54,117,565
04/19/2017 01:30:57,220,10.8,1553.800,327.01,3.59,53,115,565
04/19/2017 01:31:07,206,10.8,1556.390,326.11,3.59,54,113,565
04/19/2017 01:31:17,197,10.8,1558.870,325.96,3.59,54,113,565
04/19/2017 01:31:27,213,10.8,1561.250,326.50,3.59,53,115,564
04/19/2017 01:31:37,193,10.8,1563.850,326.28,3.59,52,114,565
04/19/2017 01:31:47,210,10.8,1566.320,326.64,3.59,52,116,565
04/19/2017 01:31:57,213,10.8,1568.820,326.20,3.59,53,113,565
04/19/2017 01:32:07,220,10.8,1571.320,326.46,3.59,53,115,565
04/19/2017 01:32:17,234,10.8,1573.710,326.34,3.59,53,115,565
04/19/2017 01:32:27,213,10.8,1576.290,326.20,3.58,54,113,565
04/19/2017 01:32:37,221,10.8,1578.720,325.57,3.58,53,114,565
04/19/2017 01:32:47,211,10.8,1581.210,326.60,3.58,53,113,565
04/19/2017 01:32:57,228,10.8,1583.750,326.09,3.56,53,115,565
04/19/2017 01:33:07,230,10.8,1586.160,326.01,3.56,53,115,565
04/19/2017 01:33:17,226,10.8,1588.650,326.47,3.56,53,115,565
04/19/2017 01:33:27,246,10.8,1591.020,326.61,3.54,54,114,565
04/19/2017 01:33:37,224,10.8,1593.520,326.45,3.54,53,115,565
04/19/2017 01:33:47,215,10.8,1596.110,326.26,3.53,53,117,565
04/19/2017 01:33:57,240,10.8,1598.500,327.02,3.53,52,116,565
04/19/2017 01:34:07,225,10.8,1600.770,326.45,3.52,54,115,564
04/19/2017 01:34:17,164,10.8,1603.110,326.37,3.52,54,115,565
04/19/2017 01:34:27,237,10.8,1605.600,326.28,3.51,53,114,565
04/19/2017 01:34:37,191,10.8,1608.070,326.32,3.51,53,115,565
04/19/2017 01:34:47,207,10.8,1610.360,325.47,3.50,53,113,565
04/19/2017 01:34:57,221,10.8,1612.880,325.61,3.50,53,115,565
04/19/2017 01:35:07,224,10.8,1615.300,326.03,3.50,52,114,565
04/19/2017 01:35:17,224,10.8,1617.800,325.74,3.50,51,112,565
04/19/2017 01:35:27,249,10.8,1620.250,325.42,3.49,53,112,565
04/19/2017 01:35:37,255,10.8,1622.650,325.16,3.49,53,115,565
04/19/2017 01:35:47,247,10.8,1625.120,324.85,3.49,53,113,565
04/19/2017 01:35:57,201,10.8,1627.580,325.29,3.49,52,115,565
04/19/2017 01:36:07,179,10.8,1630.050,325.61,3.49,54,113,565
04/19/2017 01:36:17,239,10.8,1632.450,325.44,3.49,52,114,565
04/19/2017 01:36:27,200,10.8,1634.940,325.76,3.49,53,115,565
04/19/2017 01:36:37,192,10.8,1637.340,324.75,3.48,52,111,565
04/19/2017 01:36:47,236,10.8,1639.750,325.30,3.49,52,113,565
04/19/2017 01:36:57,240,10.8,1642.130,325.80,3.49,52,113,565
04/19/2017 01:37:07,217,10.8,1644.540,324.86,3.49,53,114,565
04/19/2017 01:37:17,185,10.8,1646.920,324.98,3.49,54,113,565
04/19/2017 01:37:27,210,10.8,1649.260,325.15,3.49,53,113,565
04/19/2017 01:37:37,212,10.8,1651.720,325.44,3.49,52,113,565
04/19/2017 01:37:47,210,10.8,1654.150,324.86,3.49,53,114,565
04/19/2017 01:37:57,215,10.8,1656.600,325.65,3.49,53,113,565
04/19/2017 01:38:07,242,10.8,1659.150,324.23,3.49,53,114,565
04/19/2017 01:38:17,218,10.8,1661.610,324.12,3.49,54,128,565
04/19/2017 01:38:27,214,10.8,1663.940,324.97,3.49,53,114,564
04/19/2017 01:38:37,223,10.9,1666.450,324.98,3.49,54,114,564
04/19/2017 01:38:47,213,10.8,1668.840,325.37,3.49,53,114,565
04/19/2017 01:38:57,216,10.8,1671.320,324.94,3.48,52,116,565
04/19/2017 01:39:07,200,10.8,1673.710,325.31,3.48,52,115,565
04/19/2017 01:39:17,189,10.8,1676.090,325.43,3.48,52,113,565
04/19/2017 01:39:27,151,10.8,1678.370,325.12,3.48,53,114,564
04/19/2017 01:39:37,236,10.9,1680.530,324.78,3.48,51,114,565
04/19/2017 01:39:47,203,10.9,1682.750,324.53,3.48,53,115,565
04/19/2017 01:39:57,204,10.8,1684.880,325.30,3.48,53,114,565
04/19/2017 01:40:07,191,10.8,1686.980,325.26,3.48,53,115,565
04/19/2017 01:40:17,233,10.8,1689.330,324.48,3.47,54,114,565
04/19/2017 01:40:27,168,10.9,1691.490,325.18,3.47,52,114,565
04/19/2017 01:40:37,231,10.8,1693.730,324.88,3.47,53,114,565
04/19/2017 01:40:47,195,10.8,1696.000,324.94,3.47,52,113,565
04/19/2017 01:40:57,220,10.9,1698.180,324.81,3.46,54,115,565
04/19/2017 01:41:07,199,10.8,1700.300,324.53,3.46,54,115,565
04/19/2017 01:41:17,172,10.9,1702.570,324.98,3.46,52,113,565
04/19/2017 01:41:27,225,10.9,1704.800,324.29,3.45,52,114,565
04/19/2017 01:41:37,243,10.8,1706.970,324.38,3.45,53,113,565
04/19/2017 01:41:47,195,10.8,1709.300,324.40,3.45,52,114,565
04/19/2017 01:41:57,204,10.8,1711.390,324.77,3.45,53,115,565
04/19/2017 01:42:07,203,10.8,1713.550,324.61,3.45,52,112,565
04/19/2017 01:42:17,209,10.8,1715.650,324.38,3.45,53,116,565
04/19/2017 01:42:27,211,10.8,1717.780,324.24,3.45,53,113,565
04/19/2017 01:42:37,237,10.8,1720.080,324.16,3.45,52,112,565
04/19/2017 01:42:47,184,10.9,1722.220,324.51,3.45,53,113,565
04/19/2017 01:42:57,247,10.8,1724.630,324.52,3.45,52,124,565
04/19/2017 01:43:07,186,10.8,1726.960,324.59,3.44,53,116,565
04/19/2017 01:43:17,179,10.9,1729.160,324.60,3.44,52,114,565
04/19/2017 01:43:27,177,10.8,1731.430,323.87,3.44,52,113,565
04/19/2017 01:43:37,248,10.8,1733.720,324.16,3.44,53,113,565
04/19/2017 01:43:47,206,10.8,1736.130,323.69,3.44,52,114,565
04/19/2017 01:43:57,217,10.8,1738.310,323.68,3.44,53,112,565
04/19/2017 01:44:07,226,10.9,1740.540,323.85,3.44,54,116,565
04/19/2017 01:44:17,186,10.8,1742.910,324.56,3.44,53,113,565
04/19/2017 01:44:27,190,10.8,1745.280,324.00,3.44,54,113,565
04/19/2017 01:44:37,215,10.8,1747.620,324.02,3.44,53,114,565
04/19/2017 01:44:47,198,10.8,1750.070,324.83,3.44,52,113,565
04/19/2017 01:44:57,199,10.8,1752.190,324.92,3.44,54,114,565
04/19/2017 01:45:07,226,10.9,1754.640,324.94,3.44,53,115,565
04/19/2017 01:45:17,195,10.8,1756.910,324.71,3.43,52,114,565
04/19/2017 01:45:27,223,10.9,1759.170,324.02,3.43,53,115,565
04/19/2017 01:45:37,233,10.8,1761.500,324.14,3.43,53,113,565
04/19/2017 01:45:47,225,10.8,1763.770,324.48,3.43,53,112,565
04/19/2017 01:45:57,178,10.9,1765.900,324.63,3.42,54,112,565
04/19/2017 01:46:07,220,10.8,1767.980,324.13,3.42,53,119,565
04/19/2017 01:46:17,240,10.8,1770.090,324.41,3.41,53,114,564
04/19/2017 01:46:27,199,10.8,1772.440,324.19,3.41,53,112,565
04/19/2017 01:46:37,249,10.9,1774.760,323.75,3.41,53,112,565
04/19/2017 01:46:47,196,10.8,1776.990,324.39,3.41,53,112,565
04/19/2017 01:46:57,233,10.8,1779.350,324.22,3.40,53,111,565
04/19/2017 01:47:07,244,10.8,1781.740,324.35,3.40,53,114,565
04/19/2017 01:47:17,201,10.8,1784.240,323.99,3.40,52,115,565
04/19/2017 01:47:27,243,10.8,1786.550,323.15,3.39,53,112,565
04/19/2017 01:47:37,235,10.8,1789.080,324.57,3.39,52,114,565
04/19/2017 01:47:47,207,10.8,1791.320,323.83,3.39,52,112,565
04/19/2017 01:47:57,221,10.8,1793.750,323.81,3.39,52,112,565
04/19/2017 01:48:07,239,10.8,1796.040,323.18,3.38,53,112,565
04/19/2017 01:48:17,206,10.8,1798.470,323.40,3.38,53,112,565
04/19/2017 01:48:27,240,10.8,1800.760,323.32,3.38,53,113,565
04/19/2017 01:48:37,238,10.8,1803.030,323.59,3.37,53,113,565
04/19/2017 01:48:47,240,10.8,1805.380,323.80,3.37,54,113,565
04/19/2017 01:48:57,218,10.8,1807.710,323.65,3.37,54,113,565
04/19/2017 01:49:07,231,10.8,1809.950,323.55,3.36,52,112,565
04/19/2017 01:49:17,245,10.8,1812.200,323.34,3.36,53,114,565
04/19/2017 01:49:27,234,10.8,1814.490,324.10,3.36,53,113,565
04/19/2017 01:49:37,208,10.8,1816.910,323.61,3.35,53,112,565
04/19/2017 01:49:47,217,10.8,1819.030,323.32,3.35,54,112,565
04/19/2017 01:49:57,217,10.8,1821.390,323.32,3.35,52,112,565
04/19/2017 01:50:07,246,10.8,1823.570,323.15,3.34,51,113,565
04/19/2017 01:50:17,246,10.8,1825.800,323.69,3.34,54,113,565
04/19/2017 01:50:27,194,10.8,1828.030,323.81,3.34,54,113,565
04/19/2017 01:50:37,216,10.8,1830.290,323.97,3.33,53,111,565
04/19/2017 01:50:47,241,10.8,1832.430,323.95,3.33,53,115,565
04/19/2017 01:50:57,241,10.8,1834.810,323.52,3.33,53,111,565
04/19/2017 01:51:07,247,10.8,1837.030,323.89,3.33,52,113,565
04/19/2017 01:51:17,198,10.8,1839.170,323.08,3.33,54,112,565
04/19/2017 01:51:27,211,10.8,1841.380,324.08,3.32,54,113,565
04/19/2017 01:51:37,236,10.8,1843.730,323.69,3.32,52,138,565
04/19/2017 01:51:47,294,10.8,1845.870,323.62,3.32,53,112,565
04/19/2017 01:51:57,245,10.8,1848.210,324.39,3.31,53,111,565
04/19/2017 01:52:07,241,10.8,1850.530,323.78,3.31,52,114,565
04/19/2017 01:52:17,256,10.8,1852.680,323.44,3.31,52,113,565
04/19/2017 01:52:27,256,10.8,1855.100,324.16,3.30,54,111,565
04/19/2017 01:52:37,253,10.8,1857.320,323.18,3.30,53,114,565
04/19/2017 01:52:47,244,10.8,1859.620,323.97,3.29,53,112,565
04/19/2017 01:52:57,242,10.8,1861.800,324.14,3.28,53,111,565
04/19/2017 01:53:07,223,10.8,1864.150,324.14,3.28,52,113,565
04/19/2017 01:53:17,232,10.8,1866.340,323.73,3.28,52,110,565
04/19/2017 01:53:27,228,10.8,1868.650,323.68,3.28,54,112,565
04/19/2017 01:53:37,247,10.8,1870.980,324.36,3.28,54,111,565
04/19/2017 01:53:47,233,10.8,1873.190,323.89,3.28,53,112,565
04/19/2017 01:53:57,264,10.8,1875.340,323.95,3.28,53,113,565
04/19/2017 01:54:07,236,10.7,1877.680,323.72,3.27,53,112,565
04/19/2017 01:54:17,231,10.8,1879.930,324.00,3.27,53,110,565
04/19/2017 01:54:27,241,10.8,1882.210,323.83,3.27,54,110,565
04/19/2017 01:54:37,257,10.8,1884.440,323.81,3.27,53,115,565
04/19/2017 01:54:47,241,10.8,1886.810,323.53,3.27,53,110,565
04/19/2017 01:54:57,240,10.8,1889.070,323.68,3.27,53,112,565
04/19/2017 01:55:07,247,10.8,1891.490,323.45,3.27,53,114,565
04/19/2017 01:55:17,231,10.8,1893.680,323.64,3.27,53,111,565
04/19/2017 01:55:27,248,10.8,1896.120,323.70,3.27,54,111,565
04/19/2017 01:55:37,208,10.8,1898.300,323.91,3.26,52,113,565
04/19/2017 01:55:47,238,10.8,1900.380,323.21,3.26,53,112,565
04/19/2017 01:55:57,245,10.8,1902.860,323.34,3.26,52,112,565
04/19/2017 01:56:07,222,10.8,1905.080,323.58,3.26,54,111,565
04/19/2017 01:56:17,250,10.8,1907.340,322.91,3.26,54,112,565
04/19/2017 01:56:27,210,10.8,1909.470,323.34,3.26,53,111,565
04/19/2017 01:56:37,253,10.8,1911.870,323.84,3.25,53,110,565
04/19/2017 01:56:47,206,10.8,1913.990,324.12,3.25,53,111,565
04/19/2017 01:56:57,201,10.8,1916.240,323.54,3.25,53,111,565
04/19/2017 01:57:07,250,10.8,1918.580,323.24,3.23,53,111,565
04/19/2017 01:57:17,220,10.8,1920.790,324.05,3.23,52,112,565
04/19/2017 01:57:27,195,10.8,1922.820,323.53,3.23,53,111,565
04/19/2017 01:57:37,276,10.8,1925.210,322.84,3.23,53,111,565
04/19/2017 01:57:47,241,10.8,1927.460,323.54,3.23,52,112,565
04/19/2017 01:57:57,240,10.8,1929.730,323.58,3.23,53,112,565
04/19/2017 01:58:07,231,10.8,1931.940,323.02,3.22,54,111,565
04/19/2017 01:58:17,286,10.8,1934.290,322.88,3.22,54,111,565
04/19/2017 01:58:27,220,10.8,1936.490,323.23,3.21,52,112,565
04/19/2017 01:58:37,235,10.8,1938.840,323.33,3.21,53,113,565
04/19/2017 01:58:47,214,10.8,1941.310,323.23,3.21,53,111,565
04/19/2017 01:58:57,238,10.8,1943.520,323.32,3.21,52,110,565
04/19/2017 01:59:07,250,10.8,1945.690,324.05,3.21,54,111,565
04/19/2017 01:59:17,216,10.8,1948.000,323.52,3.21,53,110,565
04/19/2017 01:59:27,228,10.8,1950.440,323.16,3.21,52,111,565
04/19/2017 01:59:37,215,10.8,1952.500,324.38,3.20,53,111,565
04/19/2017 01:59:47,255,10.8,1954.720,323.67,3.20,51,111,565
04/19/2017 01:59:57,238,10.8,1956.960,323.02,3.20,54,111,565
04/19/2017 02:00:07,218,10.8,1959.470,322.97,3.20,52,112,565
04/19/2017 02:00:17,277,10.8,1961.690,323.18,3.20,52,111,565
04/19/2017 02:00:27,238,10.8,1964.080,323.22,3.20,54,111,565
04/19/2017 02:00:37,238,10.8,1966.540,323.48,3.20,53,111,565
04/19/2017 02:00:47,238,10.8,1968.890,322.33,3.20,52,109,565
04/19/2017 02:00:57,241,10.8,1971.250,323.05,3.20,52,110,565
04/19/2017 02:01:07,237,10.8,1973.560,323.36,3.19,52,111,565
04/19/2017 02:01:17,217,10.8,1975.750,323.07,3.18,54,111,565
04/19/2017 02:01:27,265,10.8,1978.010,323.49,3.18,53,112,565
04/19/2017 02:01:37,215,10.8,1980.360,323.31,3.18,53,119,565
04/19/2017 02:01:47,220,10.8,1982.640,323.34,3.18,52,113,565
04/19/2017 02:01:57,208,10.8,1985.060,323.00,3.18,52,110,565
04/19/2017 02:02:07,238,10.8,1987.440,323.13,3.18,52,109,565
04/19/2017 02:02:17,249,10.8,1989.880,323.29,3.17,55,110,565
04/19/2017 02:02:27,240,10.8,1992.070,323.59,3.17,52,110,565
04/19/2017 02:02:37,217,10.8,1994.570,323.41,3.17,53,111,565
04/19/2017 02:02:47,218,10.8,1996.880,322.77,3.16,52,110,565
04/19/2017 02:02:57,257,10.8,1999.310,323.09,3.16,54,115,565
04/19/2017 02:03:07,231,10.8,2001.510,323.84,3.16,52,109,565
04/19/2017 02:03:17,204,10.8,2003.770,323.15,3.16,54,110,565
04/19/2017 02:03:27,246,10.8,2006.210,323.46,3.16,53,111,565
04/19/2017 02:03:37,239,10.8,2008.740,323.13,3.15,55,110,565
04/19/2017 02:03:47,265,10.8,2011.030,323.71,3.14,53,111,565
04/19/2017 02:03:57,239,10.8,2013.250,323.28,3.13,53,111,565
04/19/2017 02:04:07,258,10.8,2015.640,323.15,3.13,52,112,565
04/19/2017 02:04:17,232,10.8,2018.010,323.51,3.13,53,112,565
04/19/2017 02:04:27,252,10.7,2020.110,323.23,3.13,53,111,565
04/19/2017 02:04:37,248,10.8,2022.490,323.79,3.13,53,110,565
04/19/2017 02:04:47,241,10.8,2024.690,323.19,3.12,54,112,565
04/19/2017 02:04:57,140,10.9,2026.850,323.50,3.12,52,112,565
04/19/2017 02:05:07,231,10.8,2029.140,323.69,3.12,54,111,565
04/19/2017 02:05:17,241,10.8,2031.470,323.20,3.12,54,112,565
04/19/2017 02:05:27,238,10.8,2033.790,322.81,3.12,54,112,565
04/19/2017 02:05:37,230,10.8,2036.080,323.27,3.12,54,110,565
04/19/2017 02:05:47,223,10.8,2038.340,322.93,3.12,52,111,565
04/19/2017 02:05:57,234,10.8,2040.720,323.60,3.12,52,111,565
04/19/2017 02:06:07,205,10.8,2042.940,323.31,3.11,54,112,565
04/19/2017 02:06:17,240,10.8,2045.250,322.69,3.11,53,115,565
04/19/2017 02:06:27,228,10.8,2047.600,323.56,3.11,54,112,565
04/19/2017 02:06:37,257,10.8,2049.830,322.86,3.10,55,111,565
04/19/2017 02:06:47,248,10.8,2052.120,323.08,3.10,53,110,565
04/19/2017 02:06:57,233,10.8,2054.380,322.70,3.10,52,110,565
04/19/2017 02:07:07,234,10.8,2056.740,322.67,3.10,53,109,565
04/19/2017 02:07:17,241,10.8,2059.040,322.92,3.10,53,110,565
04/19/2017 02:07:27,238,10.8,2061.290,323.01,3.10,52,109,565
04/19/2017 02:07:37,241,10.8,2063.750,321.76,3.10,54,111,565
04/19/2017 02:07:47,238,10.8,2066.090,322.95,3.09,52,111,565
04/19/2017 02:07:57,247,10.8,2068.340,322.91,3.09,55,113,565
04/19/2017 02:08:07,220,10.8,2070.760,323.33,3.09,53,111,565
04/19/2017 02:08:17,216,10.8,2073.010,322.48,3.08,53,110,565
04/19/2017 02:08:27,211,10.8,2075.190,322.81,3.07,53,111,565
04/19/2017 02:08:37,236,10.8,2077.520,323.01,3.07,53,109,565
04/19/2017 02:08:47,254,10.8,2079.770,322.78,3.07,54,112,565
04/19/2017 02:08:57,274,10.8,2082.060,322.35,3.07,53,112,565
04/19/2017 02:09:07,210,10.8,2084.290,322.75,3.07,53,111,565
04/19/2017 02:09:17,274,10.8,2086.520,323.14,3.06,54,110,565
04/19/2017 02:09:27,234,10.9,2088.870,322.65,3.06,53,111,565
04/19/2017 02:09:37,229,10.8,2091.120,323.43,3.06,53,112,565
04/19/2017 02:09:47,255,10.8,2093.420,322.43,3.06,52,110,565
04/19/2017 02:09:57,191,10.8,2095.780,322.17,3.06,53,111,565
04/19/2017 02:10:07,211,10.8,2097.900,321.70,3.06,53,109,565
04/19/2017 02:10:17,254,10.8,2100.220,322.04,3.05,54,111,565
04/19/2017 02:10:27,249,10.8,2102.560,323.19,3.05,53,112,565
04/19/2017 02:10:37,234,10.8,2104.890,323.31,3.05,53,111,565
04/19/2017 02:10:47,252,10.8,2107.230,321.89,3.05,52,114,565
04/19/2017 02:10:57,224,10.8,2109.540,322.35,3.04,52,112,565
04/19/2017 02:11:07,239,10.8,2111.730,321.91,3.04,52,110,565
04/19/2017 02:11:17,251,10.8,2114.050,322.51,3.04,53,114,565
04/19/2017 02:11:27,220,10.8,2116.270,322.77,3.04,54,109,565
04/19/2017 02:11:37,242,10.8,2118.560,322.10,3.04,53,112,565
04/19/2017 02:11:47,227,10.8,2121.060,321.91,3.04,53,111,565
04/19/2017 02:11:57,258,10.8,2123.310,322.61,3.04,54,109,565
04/19/2017 02:12:07,259,10.8,2125.430,322.33,3.04,52,112,565
04/19/2017 02:12:17,259,10.8,2127.800,322.23,3.04,53,110,565
04/19/2017 02:12:27,254,10.8,2129.970,322.19,3.04,52,115,565
04/19/2017 02:12:37,240,10.8,2132.420,322.55,3.04,52,110,565
04/19/2017 02:12:47,253,10.8,2134.500,322.64,3.03,52,110,565
04/19/2017 02:12:57,254,10.8,2136.860,322.03,3.03,52,111,565
04/19/2017 02:13:07,251,10.8,2139.060,322.74,3.03,53,113,565
04/19/2017 02:13:17,270,10.8,2141.370,322.06,3.03,52,111,565
04/19/2017 02:13:27,224,10.8,2143.550,322.09,3.03,54,110,565
04/19/2017 02:13:37,233,10.8,2145.710,321.99,3.03,53,109,565
04/19/2017 02:13:47,210,10.8,2147.870,321.22,3.02,53,111,565
04/19/2017 02:13:57,242,10.8,2150.180,321.82,3.02,54,110,565
04/19/2017 02:14:07,231,10.7,2152.300,321.66,3.02,54,113,565
04/19/2017 02:14:17,248,10.8,2154.540,321.92,3.02,52,111,566
04/19/2017 02:14:27,246,10.8,2156.710,322.20,3.01,53,111,565
04/19/2017 02:14:37,239,10.8,2158.950,321.36,3.01,53,110,565
04/19/2017 02:14:47,229,10.8,2161.060,322.21,3.00,54,110,565
04/19/2017 02:14:57,261,10.8,2163.450,322.63,3.00,54,110,565
04/19/2017 02:15:07,269,10.8,2165.600,321.50,3.00,52,112,565
04/19/2017 02:15:17,220,10.8,2167.910,322.12,3.00,53,111,565
04/19/2017 02:15:27,260,10.8,2169.970,322.50,2.99,54,110,565
04/19/2017 02:15:37,235,10.8,2172.370,322.40,2.99,51,110,565
04/19/2017 02:15:47,213,10.8,2174.620,322.79,2.99,52,113,565
04/19/2017 02:15:57,231,10.7,2176.880,322.63,2.99,54,111,565
04/19/2017 02:16:07,237,10.7,2179.020,322.31,2.99,52,109,565
04/19/2017 02:16:17,227,10.8,2181.370,321.76,2.99,55,111,565
04/19/2017 02:16:27,199,10.8,2183.550,321.52,2.99,51,110,565
04/19/2017 02:16:37,268,10.7,2185.890,322.23,2.99,53,111,565
04/19/2017 02:16:47,237,10.8,2188.230,321.68,2.99,52,110,565
04/19/2017 02:16:57,239,10.8,2190.450,322.52,2.98,53,110,565
04/19/2017 02:17:07,230,10.8,2192.860,322.26,2.98,54,110,565
04/19/2017 02:17:17,239,10.9,2195.050,321.78,2.98,53,110,565
04/19/2017 02:17:27,243,10.8,2197.380,321.76,2.97,53,109,565
04/19/2017 02:17:37,243,10.8,2199.560,321.43,2.97,54,111,565
04/19/2017 02:17:47,243,10.8,2201.830,321.69,2.97,53,111,565
04/19/2017 02:17:57,252,10.9,2204.100,322.08,2.97,54,110,565
04/19/2017 02:18:07,210,10.8,2206.220,321.95,2.97,54,111,565
04/19/2017 02:18:17,199,10.8,2208.560,322.21,2.97,53,111,565
04/19/2017 02:18:27,252,10.8,2210.810,321.32,2.96,53,111,565
04/19/2017 02:18:37,236,10.8,2213.050,322.46,2.96,53,113,565
04/19/2017 02:18:47,256,10.8,2215.230,321.90,2.96,54,111,565
04/19/2017 02:18:57,267,10.8,2217.470,321.55,2.96,52,109,565
04/19/2017 02:19:07,241,10.8,2219.830,321.85,2.95,53,112,565
04/19/2017 02:19:17,262,10.8,2221.800,321.53,2.95,54,111,565
04/19/2017 02:19:27,247,10.8,2223.860,321.79,2.95,54,111,565
04/19/2017 02:19:37,270,10.9,2226.040,321.12,2.94,53,109,565
04/19/2017 02:19:47,259,10.8,2228.320,321.66,2.94,52,111,565
04/19/2017 02:19:57,251,10.8,2230.350,321.43,2.94,53,110,565
04/19/2017 02:20:07,244,10.8,2232.340,321.15,2.93,54,110,565
04/19/2017 02:20:17,263,10.8,2234.500,321.53,2.93,53,110,565
04/19/2017 02:20:27,240,10.7,2236.740,321.12,2.93,54,110,565
04/19/2017 02:20:37,252,10.7,2238.740,320.87,2.93,52,110,565
04/19/2017 02:20:47,256,10.8,2240.790,321.46,2.93,51,120,565
04/19/2017 02:20:57,251,10.8,2243.050,320.22,2.93,53,109,565
04/19/2017 02:21:07,261,10.8,2245.160,321.40,2.92,54,110,565
04/19/2017 02:21:17,253,10.8,2247.260,321.79,2.92,54,111,565
04/19/2017 02:21:27,252,10.8,2249.420,320.86,2.92,53,111,566
04/19/2017 02:21:37,272,10.8,2251.350,321.26,2.92,52,111,565
04/19/2017 02:21:47,234,10.8,2253.630,322.06,2.92,53,112,565
04/19/2017 02:21:57,255,10.8,2255.440,321.02,2.92,52,110,565
04/19/2017 02:22:07,231,10.7,2257.490,321.69,2.91,52,110,565
04/19/2017 02:22:17,287,10.8,2259.660,320.69,2.91,53,111,565
04/19/2017 02:22:27,235,10.8,2261.650,321.22,2.91,53,109,565
04/19/2017 02:22:37,219,10.8,2263.610,320.67,2.91,54,111,565
04/19/2017 02:22:47,220,10.8,2265.730,321.58,2.91,52,111,566
04/19/2017 02:22:57,241,10.8,2267.670,321.28,2.91,52,111,565
04/19/2017 02:23:07,256,10.8,2269.790,321.54,2.90,53,110,566
04/19/2017 02:23:17,226,10.8,2271.810,321.13,2.90,52,111,565
04/19/2017 02:23:27,244,10.8,2273.990,321.11,2.90,54,115,566
04/19/2017 02:23:37,230,10.8,2275.960,321.91,2.90,53,111,566
04/19/2017 02:23:47,240,10.8,2278.000,321.46,2.89,54,110,565
04/19/2017 02:23:57,229,10.8,2280.020,321.69,2.89,53,112,566
04/19/2017 02:24:07,282,10.8,2282.090,320.49,2.89,54,110,566
04/19/2017 02:24:17,269,10.8,2284.100,321.63,2.89,52,111,566
04/19/2017 02:24:27,266,10.7,2285.830,321.23,2.89,54,110,565
04/19/2017 02:24:37,284,10.8,2287.850,320.58,2.89,54,110,566
04/19/2017 02:24:47,240,10.9,2290.000,321.10,2.88,54,110,565
04/19/2017 02:24:57,225,10.8,2291.800,321.07,2.88,52,111,566
04/19/2017 02:25:07,238,10.8,2293.800,321.35,2.88,53,112,566
04/19/2017 02:25:17,274,10.8,2295.840,320.88,2.88,52,112,566
04/19/2017 02:25:27,244,10.8,2298.020,321.91,2.88,52,111,566
04/19/2017 02:25:37,253,10.7,2299.940,321.29,2.88,53,109,566
04/19/2017 02:25:47,289,10.8,2301.890,320.94,2.88,53,112,566
04/19/2017 02:25:57,256,10.8,2304.100,321.22,2.88,53,111,565
04/19/2017 02:26:07,278,10.7,2306.220,320.83,2.88,52,118,565
04/19/2017 02:26:17,212,10.8,2308.140,320.86,2.88,54,112,566
04/19/2017 02:26:27,273,10.8,2310.310,320.67,2.88,53,113,566
04/19/2017 02:26:37,222,10.8,2312.460,320.46,2.88,52,116,566
04/19/2017 02:26:47,270,10.8,2314.570,320.73,2.88,53,112,565
04/19/2017 02:26:57,228,10.7,2316.690,320.63,2.88,52,110,566
04/19/2017 02:27:07,294,10.7,2318.750,321.11,2.88,53,113,565
04/19/2017 02:27:17,268,10.8,2320.760,320.80,2.88,52,115,566
04/19/2017 02:27:27,238,10.7,2322.790,320.79,2.88,53,110,566
04/19/2017 02:27:37,270,10.8,2324.840,320.21,2.88,53,110,566
04/19/2017 02:27:47,261,10.8,2326.900,321.25,2.88,54,109,565
04/19/2017 02:27:57,256,10.8,2329.090,321.14,2.88,53,110,566
04/19/2017 02:28:07,259,10.8,2331.110,320.24,2.88,53,110,565
04/19/2017 02:28:17,235,10.8,2333.200,320.85,2.88,54,111,565
04/19/2017 02:28:27,220,10.7,2335.250,320.42,2.88,52,112,566
04/19/2017 02:28:37,241,10.7,2336.970,320.61,2.88,52,111,565
04/19/2017 02:28:47,237,10.8,2339.000,320.57,2.88,53,112,566
04/19/2017 02:28:57,292,10.8,2341.180,320.58,2.87,53,111,565
04/19/2017 02:29:07,258,10.8,2343.290,321.06,2.87,52,112,566
04/19/2017 02:29:17,213,10.8,2345.250,320.74,2.87,53,110,566
04/19/2017 02:29:27,273,10.7,2347.390,321.14,2.87,54,111,566
04/19/2017 02:29:37,272,10.8,2349.460,320.25,2.87,53,111,566
04/19/2017 02:29:47,226,10.7,2351.470,320.42,2.86,54,110,566
04/19/2017 02:29:57,280,10.8,2353.330,320.69,2.86,52,110,566
04/19/2017 02:30:07,269,10.8,2355.320,320.87,2.85,53,110,566
04/19/2017 02:30:17,232,10.7,2357.410,320.70,2.85,53,111,566
04/19/2017 02:30:27,272,10.8,2359.330,320.78,2.85,53,111,566
04/19/2017 02:30:37,268,10.8,2361.430,320.50,2.85,53,110,566
04/19/2017 02:30:47,271,10.8,2363.410,320.32,2.85,51,111,566
04/19/2017 02:30:57,245,10.7,2365.550,320.83,2.85,53,110,566
04/19/2017 02:31:07,244,10.8,2367.520,320.04,2.85,53,110,566
04/19/2017 02:31:17,224,10.8,2369.490,320.57,2.85,53,114,565
04/19/2017 02:31:27,280,10.8,2371.400,320.88,2.85,53,109,566
04/19/2017 02:31:37,305,10.7,2373.420,321.17,2.85,53,111,566
04/19/2017 02:31:47,224,10.7,2375.590,320.67,2.84,53,112,566
04/19/2017 02:31:57,246,10.8,2377.380,320.49,2.83,54,113,565
04/19/2017 02:32:07,254,10.7,2379.450,320.33,2.82,53,112,566
04/19/2017 02:32:17,269,10.8,2381.430,320.71,2.82,53,112,566
04/19/2017 02:32:27,250,10.8,2383.360,320.39,2.81,52,112,566
04/19/2017 02:32:37,264,10.7,2385.360,320.68,2.81,54,111,566
04/19/2017 02:32:47,264,10.8,2387.490,321.09,2.81,54,111,566
04/19/2017 02:32:57,233,10.8,2389.390,321.30,2.80,53,112,566
04/19/2017 02:33:07,277,10.8,2391.500,321.81,2.79,53,113,566
04/19/2017 02:33:17,237,10.8,2393.490,321.25,2.79,53,113,566
04/19/2017 02:33:27,277,10.8,2395.420,320.64,2.79,54,111,566
04/19/2017 02:33:37,259,10.7,2397.620,320.73,2.79,53,112,565
04/19/2017 02:33:47,219,10.8,2399.640,321.05,2.78,54,111,566
04/19/2017 02:33:57,279,10.8,2401.480,321.52,2.78,53,122,566
04/19/2017 02:34:07,285,10.8,2403.320,321.59,2.77,52,112,566
04/19/2017 02:34:17,259,10.8,2405.360,320.99,2.77,53,112,566
04/19/2017 02:34:27,254,10.7,2407.300,321.54,2.77,53,112,566
04/19/2017 02:34:37,241,10.8,2409.340,322.23,2.77,52,111,566
04/19/2017 02:34:47,224,10.8,2411.310,321.50,2.75,54,112,566
04/19/2017 02:34:57,242,10.7,2413.140,322.27,2.75,54,115,566
04/19/2017 02:35:07,243,10.8,2415.090,322.78,2.75,51,112,566
04/19/2017 02:35:17,282,10.8,2417.030,322.50,2.74,53,113,566
04/19/2017 02:35:27,230,10.8,2419.050,322.70,2.74,53,114,566
04/19/2017 02:35:37,253,10.8,2420.960,323.27,2.73,52,113,566
04/19/2017 02:35:47,234,10.8,2422.820,322.55,2.72,52,115,566
04/19/2017 02:35:57,267,10.8,2424.700,324.26,2.71,52,115,566
04/19/2017 02:36:07,256,10.8,2426.530,324.85,2.70,53,117,566
04/19/2017 02:36:17,294,10.8,2428.750,327.09,2.68,54,119,566
04/19/2017 02:36:27,258,10.8,2430.660,327.76,2.66,53,121,566
04/19/2017 02:36:37,277,10.8,2432.420,328.75,2.64,53,122,566
04/19/2017 02:36:47,248,10.8,2434.110,329.30,2.62,53,122,566
04/19/2017 02:36:57,268,10.8,2436.060,329.85,2.61,52,122,566
04/19/2017 02:37:07,246,10.8,2438.090,330.33,2.61,53,121,566
04/19/2017 02:37:17,263,10.8,2439.990,330.30,2.58,53,123,566
04/19/2017 02:37:27,226,10.7,2441.920,330.10,2.58,53,121,566
04/19/2017 02:37:37,282,10.7,2444.020,330.79,2.57,53,124,566
04/19/2017 02:37:47,273,10.8,2446.060,330.95,2.56,54,122,566
04/19/2017 02:37:57,241,10.9,2447.860,331.49,2.56,54,122,566
04/19/2017 02:38:07,268,10.8,2449.900,331.89,2.55,52,121,566
04/19/2017 02:38:17,258,10.7,2451.800,331.89,2.54,53,123,566
04/19/2017 02:38:27,318,10.8,2453.870,332.59,2.53,53,122,566
04/19/2017 02:38:37,234,10.8,2456.040,331.90,2.53,54,125,566
04/19/2017 02:38:47,239,10.8,2457.930,333.78,2.52,54,123,566
04/19/2017 02:38:57,271,10.8,2459.960,332.43,2.52,54,126,566
04/19/2017 02:39:07,254,10.8,2461.770,333.88,2.52,54,125,566
04/19/2017 02:39:17,241,10.8,2463.820,332.86,2.51,53,123,566
04/19/2017 02:39:27,216,10.8,2465.710,332.53,2.51,53,123,566
04/19/2017 02:39:37,220,10.8,2467.520,332.23,2.49,54,122,566
04/19/2017 02:39:47,255,10.9,2469.420,333.03,2.48,55,123,566
04/19/2017 02:39:57,187,10.8,2471.050,333.03,2.47,52,124,566
04/19/2017 02:40:07,254,10.8,2472.820,333.34,2.46,54,124,566
04/19/2017 02:40:17,207,10.7,2474.390,332.67,2.46,52,124,566
04/19/2017 02:40:27,224,10.8,2476.020,334.44,2.44,53,134,566
04/19/2017 02:40:37,252,10.8,2477.770,334.77,2.41,53,128,566
04/19/2017 02:40:47,219,10.8,2479.830,336.04,2.37,53,136,566
04/19/2017 02:40:57,261,10.8,2481.560,337.17,2.36,54,132,566
04/19/2017 02:41:07,251,10.8,2483.320,337.63,2.36,52,132,566
04/19/2017 02:41:17,246,10.8,2485.150,337.44,2.35,53,133,566
04/19/2017 02:41:27,260,10.8,2486.970,338.41,2.35,53,133,566
04/19/2017 02:41:37,246,10.9,2488.730,338.42,2.35,53,132,566
04/19/2017 02:41:47,217,10.8,2490.500,338.17,2.34,53,130,566
04/19/2017 02:41:57,243,10.8,2492.120,338.65,2.33,53,135,566
04/19/2017 02:42:07,218,10.8,2493.880,337.88,2.32,53,130,566
04/19/2017 02:42:17,227,10.8,2495.750,339.10,2.31,55,132,566
04/19/2017 02:42:27,237,10.9,2497.560,338.20,2.30,55,132,566
04/19/2017 02:42:37,222,10.8,2499.160,338.49,2.30,53,128,566
04/19/2017 02:42:47,228,10.8,2500.850,338.57,2.29,53,130,566
04/19/2017 02:42:57,235,10.8,2502.490,339.26,2.29,53,136,566
04/19/2017 02:43:07,193,10.8,2504.000,338.64,2.29,54,136,566
04/19/2017 02:43:17,228,10.8,2505.730,338.70,2.28,53,129,566
04/19/2017 02:43:27,216,10.8,2507.470,338.61,2.28,53,130,566
04/19/2017 02:43:37,222,10.9,2509.210,338.74,2.28,53,129,566
04/19/2017 02:43:47,229,10.8,2510.760,338.64,2.28,51,142,566
04/19/2017 02:43:57,212,10.8,2512.370,339.09,2.28,53,131,566
04/19/2017 02:44:07,226,10.8,2513.960,339.28,2.28,54,131,566
04/19/2017 02:44:17,226,10.8,2515.690,339.26,2.26,53,132,566
04/19/2017 02:44:27,180,10.8,2517.350,338.82,2.24,53,128,566
04/19/2017 02:44:37,225,10.9,2518.940,338.54,2.23,54,127,566
04/19/2017 02:44:47,188,10.9,2520.450,338.54,2.22,54,128,566
04/19/2017 02:44:57,218,10.8,2521.990,339.80,2.22,53,126,566
04/19/2017 02:45:07,209,10.8,2523.510,337.84,2.22,54,127,566
04/19/2017 02:45:17,230,10.9,2525.160,338.82,2.22,53,125,566
04/19/2017 02:45:27,195,10.9,2526.480,338.65,2.20,53,126,566
04/19/2017 02:45:37,226,10.8,2528.170,338.73,2.20,52,126,566

 Ramp exit:    SMOOTH RUNNING
 Profile exit: BOTTOM PRESSURE

 Vehicle motion stopped at 04/19/2017 02:45:41
 Sensor logging stopped at 04/19/2017 02:47:50
