
 Profile 340

 Sensors were turned on at  04/20/2017 16:00:02
 Vehicle began profiling at 04/20/2017 16:02:04

Date,[mA],[V],[dbar],Oxygen[uM],Optode Temp[C],Chl,NTU,Therm
04/20/2017 16:02:04,0,11.0,0.000,0.00,0.00,77,129,567
04/20/2017 16:02:14,208,10.7,0.000,0.00,0.00,74,132,566
04/20/2017 16:02:24,194,10.8,0.000,0.00,0.00,72,131,566
04/20/2017 16:02:37,290,10.7,186.460,377.65,4.12,73,128,566
04/20/2017 16:02:48,165,10.9,189.450,376.89,4.12,70,129,566
04/20/2017 16:02:58,149,11.0,192.100,375.90,4.11,71,129,566
04/20/2017 16:03:08,158,10.9,194.740,376.28,4.11,68,128,566
04/20/2017 16:03:18,159,11.0,197.420,374.00,4.10,65,125,566
04/20/2017 16:03:28,160,10.9,200.090,372.65,4.08,57,126,566
04/20/2017 16:03:38,161,10.9,202.750,369.67,4.07,58,124,566
04/20/2017 16:03:48,154,10.9,205.390,368.75,4.07,58,126,566
04/20/2017 16:03:58,158,10.9,208.090,367.89,4.07,56,122,566
04/20/2017 16:04:08,151,10.9,210.770,368.18,4.07,57,124,566
04/20/2017 16:04:18,150,10.9,213.510,367.37,4.07,57,124,565
04/20/2017 16:04:28,158,10.9,216.100,367.31,4.07,56,124,566
04/20/2017 16:04:38,166,10.9,218.870,366.81,4.07,57,127,566
04/20/2017 16:04:48,171,10.9,221.530,367.82,4.06,56,124,565
04/20/2017 16:04:58,166,10.9,224.170,367.26,4.06,56,125,565
04/20/2017 16:05:08,154,10.9,226.710,366.25,4.06,56,124,565
04/20/2017 16:05:18,180,10.8,229.350,367.13,4.06,56,123,565
04/20/2017 16:05:28,182,10.9,232.140,367.52,4.06,57,124,565
04/20/2017 16:05:38,172,10.9,234.630,367.06,4.05,57,125,565
04/20/2017 16:05:48,157,10.9,237.310,366.61,4.05,56,123,565
04/20/2017 16:05:58,154,10.8,239.910,366.35,4.05,56,124,565
04/20/2017 16:06:08,170,10.8,242.570,366.87,4.05,56,123,565
04/20/2017 16:06:18,163,10.8,245.220,366.40,4.05,56,126,565
04/20/2017 16:06:28,147,10.8,247.880,366.35,4.05,56,124,565
04/20/2017 16:06:38,181,10.8,250.550,366.40,4.04,57,123,565
04/20/2017 16:06:48,135,10.8,253.160,366.36,4.04,56,122,565
04/20/2017 16:06:58,159,10.8,255.940,366.44,4.04,54,124,565
04/20/2017 16:07:08,156,10.8,258.500,366.32,4.04,55,123,565
04/20/2017 16:07:18,172,10.8,261.190,366.48,4.03,55,123,565
04/20/2017 16:07:28,160,10.8,263.870,366.58,4.03,54,124,565
04/20/2017 16:07:38,165,10.8,266.420,366.04,4.03,56,124,565
04/20/2017 16:07:48,165,10.8,269.060,367.60,4.03,55,122,565
04/20/2017 16:07:58,156,10.8,271.840,366.28,4.03,55,120,565
04/20/2017 16:08:08,170,10.8,274.380,366.88,4.02,55,123,565
04/20/2017 16:08:18,164,10.8,277.100,366.99,4.01,53,120,565
04/20/2017 16:08:28,169,10.8,279.750,366.85,4.01,55,123,565
04/20/2017 16:08:38,177,10.8,282.400,366.99,4.01,56,122,565
04/20/2017 16:08:48,168,10.8,284.950,367.97,4.01,56,123,565
04/20/2017 16:08:58,176,10.8,287.550,366.59,4.00,54,122,565
04/20/2017 16:09:08,180,10.8,290.240,367.01,3.99,55,124,564
04/20/2017 16:09:18,154,10.8,292.830,367.19,3.99,56,123,565
04/20/2017 16:09:28,180,10.8,295.440,367.33,3.98,55,121,564
04/20/2017 16:09:38,154,10.8,298.220,367.73,3.98,56,126,565
04/20/2017 16:09:48,185,10.8,300.710,366.41,3.98,55,122,564
04/20/2017 16:09:58,171,10.8,303.350,367.71,3.97,56,122,564
04/20/2017 16:10:08,176,10.8,306.040,367.12,3.97,56,122,564
04/20/2017 16:10:18,165,10.8,308.570,366.78,3.97,55,124,564
04/20/2017 16:10:28,179,10.8,311.250,367.15,3.97,55,122,564
04/20/2017 16:10:38,161,10.8,313.860,367.40,3.96,56,124,564
04/20/2017 16:10:48,160,10.8,316.540,367.86,3.96,55,121,564
04/20/2017 16:10:58,185,10.8,319.240,367.74,3.95,55,124,564
04/20/2017 16:11:08,153,10.8,321.880,367.06,3.94,57,124,564
04/20/2017 16:11:18,164,10.8,324.390,367.98,3.94,55,125,564
04/20/2017 16:11:28,165,10.8,327.110,368.17,3.93,53,122,564
04/20/2017 16:11:38,165,10.8,329.630,368.14,3.92,54,122,564
04/20/2017 16:11:48,180,10.8,332.380,368.84,3.91,55,123,564
04/20/2017 16:11:58,183,10.8,334.900,367.29,3.90,55,120,564
04/20/2017 16:12:08,189,10.8,337.630,366.47,3.90,55,125,564
04/20/2017 16:12:18,164,10.8,340.150,366.56,3.90,54,128,564
04/20/2017 16:12:28,175,10.8,342.710,366.56,3.90,54,121,564
04/20/2017 16:12:38,170,10.8,345.330,366.58,3.89,54,122,564
04/20/2017 16:12:48,184,10.8,347.960,365.76,3.89,54,119,564
04/20/2017 16:12:58,196,10.8,350.600,366.23,3.89,54,121,564
04/20/2017 16:13:08,192,10.8,353.240,366.11,3.89,55,121,564
04/20/2017 16:13:18,188,10.8,355.800,365.47,3.88,55,122,564
04/20/2017 16:13:28,179,10.8,358.500,366.01,3.88,54,122,564
04/20/2017 16:13:38,181,10.8,361.070,365.89,3.88,54,121,564
04/20/2017 16:13:48,182,10.8,363.660,366.13,3.88,55,121,564
04/20/2017 16:13:58,175,10.8,366.250,367.00,3.87,55,120,564
04/20/2017 16:14:08,180,10.8,368.910,366.36,3.87,54,121,564
04/20/2017 16:14:18,180,10.8,371.500,366.82,3.87,55,121,564
04/20/2017 16:14:28,194,10.8,374.120,368.13,3.87,56,119,564
04/20/2017 16:14:38,183,10.8,376.720,368.80,3.87,55,121,564
04/20/2017 16:14:48,192,10.8,379.200,369.42,3.86,54,120,564
04/20/2017 16:14:58,186,10.8,381.880,368.57,3.86,55,124,564
04/20/2017 16:15:08,191,10.8,384.440,368.86,3.86,55,122,564
04/20/2017 16:15:18,209,10.8,387.160,368.03,3.85,54,120,564
04/20/2017 16:15:28,171,10.8,389.600,368.97,3.85,54,121,564
04/20/2017 16:15:38,191,10.8,392.230,368.90,3.85,54,120,564
04/20/2017 16:15:48,204,10.8,394.820,368.21,3.85,56,120,564
04/20/2017 16:15:58,161,10.8,397.530,368.84,3.85,55,120,564
04/20/2017 16:16:08,194,10.8,400.140,368.05,3.84,55,121,564
04/20/2017 16:16:18,181,10.8,402.620,368.98,3.84,54,125,564
04/20/2017 16:16:28,169,10.8,405.330,369.36,3.84,54,121,564
04/20/2017 16:16:38,175,10.8,407.920,368.69,3.84,54,124,564
04/20/2017 16:16:48,190,10.8,410.560,369.98,3.84,54,120,564
04/20/2017 16:16:58,179,10.8,413.070,369.41,3.83,53,119,564
04/20/2017 16:17:08,168,10.8,415.680,369.05,3.83,55,120,564
04/20/2017 16:17:18,181,10.8,418.420,369.86,3.82,54,124,564
04/20/2017 16:17:28,180,10.8,420.890,369.47,3.82,54,120,564
04/20/2017 16:17:38,180,10.8,423.520,369.15,3.82,55,119,564
04/20/2017 16:17:48,167,10.8,426.210,368.55,3.81,55,121,564
04/20/2017 16:17:58,198,10.8,428.690,369.50,3.81,54,120,564
04/20/2017 16:18:08,186,10.8,431.450,369.32,3.81,56,122,564
04/20/2017 16:18:18,178,10.8,433.990,368.15,3.81,55,126,564
04/20/2017 16:18:28,211,10.8,436.490,369.87,3.81,55,120,564
04/20/2017 16:18:38,179,10.8,439.210,368.37,3.80,54,122,564
04/20/2017 16:18:48,209,10.8,441.690,368.62,3.81,54,120,564
04/20/2017 16:18:58,199,10.8,444.360,368.35,3.80,52,120,564
04/20/2017 16:19:08,205,10.8,446.920,367.91,3.80,54,122,564
04/20/2017 16:19:18,153,10.8,449.600,367.68,3.80,56,120,564
04/20/2017 16:19:28,177,10.8,452.170,368.31,3.80,55,122,564
04/20/2017 16:19:38,183,10.8,454.850,367.69,3.79,54,119,564
04/20/2017 16:19:48,190,10.8,457.370,365.88,3.79,54,121,564
04/20/2017 16:19:58,192,10.8,460.030,364.77,3.78,54,119,564
04/20/2017 16:20:08,162,10.8,462.730,364.53,3.78,54,118,564
04/20/2017 16:20:18,196,10.8,465.250,364.62,3.77,55,121,564
04/20/2017 16:20:28,174,10.8,467.780,363.21,3.77,54,118,564
04/20/2017 16:20:38,191,10.8,470.390,363.49,3.77,55,120,564
04/20/2017 16:20:48,181,10.8,473.090,363.53,3.77,53,120,564
04/20/2017 16:20:58,185,10.8,475.590,363.35,3.77,55,120,564
04/20/2017 16:21:08,182,10.8,478.310,363.66,3.77,55,120,564
04/20/2017 16:21:18,174,10.8,480.810,362.77,3.76,53,121,564
04/20/2017 16:21:28,192,10.8,483.470,364.28,3.76,54,120,564
04/20/2017 16:21:38,197,10.8,486.040,363.13,3.76,55,119,564
04/20/2017 16:21:48,178,10.8,488.670,363.08,3.76,53,121,564
04/20/2017 16:21:58,189,10.8,491.220,362.94,3.76,56,140,564
04/20/2017 16:22:08,166,10.8,493.860,363.40,3.76,54,120,564
04/20/2017 16:22:18,153,10.8,496.490,362.66,3.76,54,118,564
04/20/2017 16:22:28,183,10.8,499.110,362.90,3.75,54,119,564
04/20/2017 16:22:38,188,10.8,501.710,363.10,3.75,53,117,564
04/20/2017 16:22:48,178,10.8,504.350,363.51,3.75,53,118,564
04/20/2017 16:22:58,190,10.8,506.800,363.62,3.75,54,119,564
04/20/2017 16:23:08,172,10.8,509.470,364.06,3.74,54,121,564
04/20/2017 16:23:18,161,10.8,512.120,363.59,3.73,56,120,564
04/20/2017 16:23:28,190,10.8,514.640,364.61,3.74,53,118,564
04/20/2017 16:23:38,174,10.8,517.210,364.38,3.73,55,121,564
04/20/2017 16:23:48,178,10.8,519.850,364.11,3.73,54,118,564
04/20/2017 16:23:58,196,10.8,522.380,365.09,3.73,56,122,564
04/20/2017 16:24:08,198,10.8,525.040,365.04,3.73,54,124,564
04/20/2017 16:24:18,187,10.8,527.630,365.11,3.73,55,124,564
04/20/2017 16:24:28,181,10.8,530.130,365.26,3.72,55,121,564
04/20/2017 16:24:38,169,10.8,532.840,366.17,3.72,54,129,564
04/20/2017 16:24:48,187,10.8,535.400,367.10,3.72,57,120,564
04/20/2017 16:24:58,200,10.8,537.890,367.30,3.71,55,121,564
04/20/2017 16:25:08,187,10.8,540.590,366.65,3.71,56,121,564
04/20/2017 16:25:18,176,10.8,543.160,366.91,3.69,59,122,564
04/20/2017 16:25:28,177,10.8,545.780,368.82,3.69,57,121,564
04/20/2017 16:25:38,174,10.8,548.420,369.28,3.70,56,120,564
04/20/2017 16:25:48,182,10.8,551.010,368.69,3.70,56,122,564
04/20/2017 16:25:58,191,10.8,553.530,368.52,3.69,59,121,564
04/20/2017 16:26:08,198,10.8,556.190,369.60,3.67,58,124,564
04/20/2017 16:26:18,196,10.8,558.820,371.19,3.67,60,123,564
04/20/2017 16:26:28,196,10.8,561.390,370.51,3.67,59,124,564
04/20/2017 16:26:38,184,10.8,563.960,370.75,3.66,60,123,564
04/20/2017 16:26:48,189,10.8,566.540,371.45,3.66,58,122,564
04/20/2017 16:26:58,177,10.8,569.110,370.79,3.66,58,123,564
04/20/2017 16:27:08,217,10.8,571.680,371.13,3.66,59,124,564
04/20/2017 16:27:18,215,10.8,574.200,370.43,3.66,58,123,564
04/20/2017 16:27:28,198,10.8,576.710,371.26,3.66,60,122,564
04/20/2017 16:27:38,162,10.8,579.330,370.86,3.66,58,123,564
04/20/2017 16:27:48,181,10.8,581.960,371.33,3.66,58,149,564
04/20/2017 16:27:58,203,10.8,584.490,370.81,3.66,58,122,564
04/20/2017 16:28:08,203,10.8,587.090,370.44,3.65,59,122,564
04/20/2017 16:28:18,209,10.8,589.700,369.96,3.65,59,121,564
04/20/2017 16:28:28,196,10.8,592.100,370.96,3.66,57,122,564
04/20/2017 16:28:38,198,10.8,594.780,370.25,3.66,58,122,564
04/20/2017 16:28:48,203,10.8,597.260,370.65,3.67,58,122,564
04/20/2017 16:28:58,197,10.8,599.770,370.10,3.66,60,121,564
04/20/2017 16:29:08,201,10.8,602.430,370.28,3.66,61,123,564
04/20/2017 16:29:18,179,10.8,605.040,370.13,3.66,59,124,564
04/20/2017 16:29:28,161,10.8,607.590,369.98,3.66,57,120,564
04/20/2017 16:29:38,176,10.8,610.110,370.14,3.66,60,122,564
04/20/2017 16:29:48,207,10.8,612.750,371.31,3.65,58,125,564
04/20/2017 16:29:58,189,10.8,615.400,369.72,3.65,61,121,564
04/20/2017 16:30:08,176,10.8,617.820,370.17,3.66,59,121,564
04/20/2017 16:30:18,194,10.8,620.400,370.92,3.66,58,163,564
04/20/2017 16:30:28,185,10.8,623.000,370.62,3.65,59,121,564
04/20/2017 16:30:38,179,10.8,625.670,370.68,3.65,58,121,564
04/20/2017 16:30:48,190,10.8,628.150,369.83,3.64,57,123,564
04/20/2017 16:30:58,173,10.8,630.740,369.45,3.64,58,121,564
04/20/2017 16:31:08,212,10.8,633.290,370.57,3.65,59,122,564
04/20/2017 16:31:18,171,10.8,635.920,370.89,3.64,57,122,564
04/20/2017 16:31:28,188,10.8,638.390,370.41,3.64,59,123,564
04/20/2017 16:31:38,215,10.8,641.090,370.08,3.63,58,121,564
04/20/2017 16:31:48,198,10.8,643.690,369.61,3.63,57,128,564
04/20/2017 16:31:58,205,10.8,646.090,369.82,3.63,56,121,564
04/20/2017 16:32:08,179,10.8,648.830,370.18,3.63,59,121,564
04/20/2017 16:32:18,182,10.8,651.360,370.43,3.63,59,121,564
04/20/2017 16:32:28,182,10.8,653.850,370.19,3.63,57,120,564
04/20/2017 16:32:38,187,10.8,656.400,370.52,3.62,57,118,564
04/20/2017 16:32:48,178,10.8,658.990,370.57,3.62,57,120,564
04/20/2017 16:32:58,191,10.8,661.520,369.91,3.63,57,121,564
04/20/2017 16:33:08,181,10.8,664.120,369.94,3.62,56,120,564
04/20/2017 16:33:18,185,10.8,666.720,370.48,3.62,57,121,564
04/20/2017 16:33:28,193,10.8,669.210,370.25,3.62,59,123,564
04/20/2017 16:33:38,187,10.8,671.910,370.20,3.61,56,122,564
04/20/2017 16:33:48,201,10.8,674.370,369.47,3.61,57,120,564
04/20/2017 16:33:58,172,10.8,676.940,371.04,3.61,58,121,564
04/20/2017 16:34:08,195,10.8,679.570,369.47,3.61,55,121,564
04/20/2017 16:34:18,199,10.8,682.160,370.23,3.61,57,119,564
04/20/2017 16:34:28,205,10.8,684.740,369.30,3.62,58,121,565
04/20/2017 16:34:38,178,10.8,687.340,369.21,3.63,57,117,564
04/20/2017 16:34:48,196,10.8,689.820,368.59,3.63,57,120,564
04/20/2017 16:34:58,185,10.8,692.410,368.63,3.64,56,119,565
04/20/2017 16:35:08,206,10.8,694.970,367.91,3.64,56,119,564
04/20/2017 16:35:18,204,10.8,697.590,368.77,3.63,56,121,564
04/20/2017 16:35:28,181,10.8,700.210,368.14,3.63,57,120,564
04/20/2017 16:35:38,214,10.8,702.730,368.14,3.63,56,118,565
04/20/2017 16:35:48,186,10.8,705.220,367.66,3.64,56,118,564
04/20/2017 16:35:58,195,10.8,707.710,367.41,3.64,59,118,564
04/20/2017 16:36:08,180,10.8,710.320,367.38,3.64,56,118,564
04/20/2017 16:36:18,198,10.8,712.950,366.77,3.64,56,117,565
04/20/2017 16:36:28,184,10.8,715.530,367.43,3.64,56,117,564
04/20/2017 16:36:38,196,10.8,718.090,367.54,3.64,57,118,564
04/20/2017 16:36:48,197,10.8,720.530,367.87,3.63,56,119,564
04/20/2017 16:36:58,186,10.8,723.050,367.84,3.63,57,119,564
04/20/2017 16:37:08,187,10.8,725.620,367.01,3.63,57,118,565
04/20/2017 16:37:18,187,10.8,728.170,367.59,3.63,56,118,564
04/20/2017 16:37:28,189,10.8,730.780,367.90,3.63,55,119,564
04/20/2017 16:37:38,192,10.8,733.330,367.25,3.63,57,118,564
04/20/2017 16:37:48,186,10.8,735.840,367.14,3.63,58,121,564
04/20/2017 16:37:58,198,10.8,738.420,367.62,3.63,57,120,564
04/20/2017 16:38:08,197,10.8,740.940,368.07,3.63,59,121,564
04/20/2017 16:38:18,203,10.8,743.570,368.29,3.63,56,121,565
04/20/2017 16:38:28,182,10.8,746.030,368.57,3.63,57,129,564
04/20/2017 16:38:38,202,10.8,748.720,368.87,3.63,57,120,564
04/20/2017 16:38:48,195,10.8,751.130,368.20,3.63,58,120,564
04/20/2017 16:38:58,203,10.8,753.820,369.29,3.63,59,119,565
04/20/2017 16:39:08,202,10.8,756.230,368.42,3.63,59,120,564
04/20/2017 16:39:18,208,10.8,758.800,369.06,3.63,56,119,565
04/20/2017 16:39:28,193,10.8,761.510,368.80,3.63,58,120,565
04/20/2017 16:39:38,186,10.8,763.910,369.16,3.62,57,126,565
04/20/2017 16:39:48,205,10.8,766.540,368.53,3.62,58,119,564
04/20/2017 16:39:58,200,10.8,769.150,369.09,3.62,58,120,564
04/20/2017 16:40:08,190,10.8,771.690,368.45,3.62,57,120,565
04/20/2017 16:40:18,214,10.8,774.260,369.19,3.62,58,119,564
04/20/2017 16:40:28,198,10.8,776.750,369.11,3.62,57,119,564
04/20/2017 16:40:38,194,10.8,779.250,367.80,3.62,57,121,565
04/20/2017 16:40:48,211,10.8,781.660,367.34,3.62,58,119,564
04/20/2017 16:40:58,183,10.8,784.240,368.68,3.62,57,120,564
04/20/2017 16:41:08,227,10.8,786.800,367.57,3.62,56,118,564
04/20/2017 16:41:18,198,10.8,789.320,367.08,3.62,56,120,565
04/20/2017 16:41:28,210,10.8,791.900,366.82,3.62,55,117,565
04/20/2017 16:41:38,210,10.8,794.370,365.69,3.62,54,116,564
04/20/2017 16:41:48,227,10.8,797.000,365.63,3.62,53,117,565
04/20/2017 16:41:58,210,10.8,799.560,365.34,3.62,53,120,565
04/20/2017 16:42:08,224,10.8,801.960,364.32,3.62,54,116,564
04/20/2017 16:42:18,215,10.8,804.510,365.03,3.62,54,123,564
04/20/2017 16:42:28,216,10.8,807.020,364.46,3.61,55,117,564
04/20/2017 16:42:38,203,10.8,809.580,364.69,3.61,55,117,565
04/20/2017 16:42:48,203,10.8,812.120,365.06,3.61,55,120,564
04/20/2017 16:42:58,194,10.8,814.650,364.81,3.61,55,119,564
04/20/2017 16:43:08,198,10.8,817.250,365.07,3.61,55,119,564
04/20/2017 16:43:18,208,10.8,819.720,365.68,3.61,56,118,564
04/20/2017 16:43:28,192,10.8,822.300,365.96,3.61,58,118,564
04/20/2017 16:43:38,202,10.8,824.830,365.33,3.61,56,124,564
04/20/2017 16:43:48,200,10.8,827.380,366.61,3.61,56,121,564
04/20/2017 16:43:58,231,10.8,829.770,366.85,3.61,58,118,564
04/20/2017 16:44:08,208,10.8,832.360,367.07,3.61,57,119,565
04/20/2017 16:44:18,191,10.8,834.930,366.05,3.61,54,117,565
04/20/2017 16:44:28,210,10.8,837.340,365.31,3.60,55,117,564
04/20/2017 16:44:38,208,10.8,839.880,365.37,3.60,57,116,564
04/20/2017 16:44:48,227,10.8,842.410,365.64,3.60,55,118,564
04/20/2017 16:44:58,215,10.8,844.900,364.76,3.60,55,117,565
04/20/2017 16:45:08,205,10.8,847.450,364.79,3.60,56,118,565
04/20/2017 16:45:18,211,10.8,850.040,365.44,3.60,54,115,565
04/20/2017 16:45:28,213,10.8,852.630,364.20,3.60,54,115,565
04/20/2017 16:45:38,223,10.8,855.010,364.01,3.60,55,119,564
04/20/2017 16:45:48,224,10.8,857.680,364.20,3.60,54,116,565
04/20/2017 16:45:58,213,10.8,860.140,364.22,3.60,56,117,565
04/20/2017 16:46:08,194,10.8,862.640,365.30,3.60,55,117,564
04/20/2017 16:46:18,214,10.8,865.210,365.02,3.59,54,115,565
04/20/2017 16:46:28,207,10.8,867.760,365.01,3.59,55,117,565
04/20/2017 16:46:38,203,10.8,870.320,365.01,3.59,55,117,564
04/20/2017 16:46:48,214,10.8,872.740,365.61,3.59,54,118,564
04/20/2017 16:46:58,197,10.8,875.300,365.58,3.59,54,119,564
04/20/2017 16:47:08,213,10.8,877.920,365.70,3.59,55,118,565
04/20/2017 16:47:18,205,10.8,880.360,365.48,3.59,56,118,565
04/20/2017 16:47:28,216,10.8,882.920,365.76,3.59,56,119,565
04/20/2017 16:47:38,205,10.8,885.550,365.68,3.59,57,117,564
04/20/2017 16:47:48,196,10.8,887.970,366.85,3.59,58,123,564
04/20/2017 16:47:58,205,10.8,890.650,366.65,3.59,55,119,564
04/20/2017 16:48:08,204,10.8,892.960,366.56,3.59,56,118,564
04/20/2017 16:48:18,213,10.8,895.600,366.86,3.59,57,119,564
04/20/2017 16:48:28,219,10.8,898.160,366.59,3.59,56,118,565
04/20/2017 16:48:38,204,10.8,900.740,366.83,3.59,57,119,565
04/20/2017 16:48:48,205,10.8,903.090,367.56,3.58,57,119,564
04/20/2017 16:48:58,195,10.8,905.760,368.03,3.58,57,121,564
04/20/2017 16:49:08,205,10.8,908.330,367.80,3.58,57,121,564
04/20/2017 16:49:18,206,10.8,910.810,368.19,3.58,57,125,564
04/20/2017 16:49:28,221,10.8,913.260,368.31,3.58,57,118,565
04/20/2017 16:49:38,204,10.8,915.770,368.71,3.58,59,120,565
04/20/2017 16:49:48,210,10.8,918.260,368.26,3.58,56,120,564
04/20/2017 16:49:58,202,10.8,920.700,368.55,3.58,56,118,564
04/20/2017 16:50:08,211,10.8,923.310,367.82,3.58,56,118,565
04/20/2017 16:50:18,205,10.8,925.910,366.81,3.58,56,116,565
04/20/2017 16:50:28,206,10.8,928.360,364.93,3.58,55,117,564
04/20/2017 16:50:38,221,10.8,930.770,364.69,3.58,55,116,564
04/20/2017 16:50:48,193,10.8,933.260,365.06,3.58,55,117,564
04/20/2017 16:50:58,206,10.8,935.840,365.60,3.57,56,120,564
04/20/2017 16:51:08,200,10.8,938.320,366.32,3.57,56,117,564
04/20/2017 16:51:18,191,10.9,940.810,366.27,3.57,56,119,564
04/20/2017 16:51:28,214,10.8,943.360,365.84,3.57,56,118,565
04/20/2017 16:51:38,216,10.8,945.980,365.11,3.57,55,118,565
04/20/2017 16:51:48,219,10.8,948.410,364.59,3.57,56,119,564
04/20/2017 16:51:58,205,10.8,950.930,364.90,3.57,54,117,565
04/20/2017 16:52:08,200,10.8,953.310,363.52,3.57,54,116,564
04/20/2017 16:52:18,201,10.8,955.960,363.83,3.56,52,114,565
04/20/2017 16:52:28,203,10.8,958.550,360.97,3.56,54,114,565
04/20/2017 16:52:38,177,10.8,960.960,360.12,3.56,54,112,565
04/20/2017 16:52:48,205,10.8,963.500,359.82,3.56,53,112,564
04/20/2017 16:52:58,191,10.8,965.930,359.32,3.56,53,113,564
04/20/2017 16:53:08,212,10.8,968.490,358.48,3.56,53,114,565
04/20/2017 16:53:18,207,10.8,970.970,358.97,3.56,53,112,565
04/20/2017 16:53:28,194,10.8,973.540,359.68,3.55,54,114,564
04/20/2017 16:53:38,189,10.8,976.130,358.70,3.55,53,112,564
04/20/2017 16:53:48,215,10.8,978.660,358.18,3.55,53,114,565
04/20/2017 16:53:58,195,10.8,981.100,358.68,3.55,52,113,564
04/20/2017 16:54:08,208,10.8,983.570,358.46,3.55,52,114,564
04/20/2017 16:54:18,211,10.8,986.000,358.73,3.55,53,114,565
04/20/2017 16:54:28,210,10.8,988.500,359.02,3.55,52,114,564
04/20/2017 16:54:38,230,10.8,990.950,358.98,3.55,53,114,565
04/20/2017 16:54:48,212,10.8,993.480,358.70,3.55,52,113,565
04/20/2017 16:54:58,194,10.8,996.030,358.61,3.55,54,114,565
04/20/2017 16:55:08,207,10.8,998.640,358.57,3.55,54,113,564
04/20/2017 16:55:18,220,10.8,1001.010,357.80,3.55,52,114,565
04/20/2017 16:55:28,209,10.8,1003.580,357.66,3.54,53,114,564
04/20/2017 16:55:38,218,10.8,1006.170,358.53,3.54,52,113,565
04/20/2017 16:55:48,236,10.8,1008.500,356.97,3.54,52,112,565
04/20/2017 16:55:58,200,10.8,1011.060,358.65,3.54,52,113,565
04/20/2017 16:56:08,215,10.8,1013.560,358.16,3.54,53,112,564
04/20/2017 16:56:18,220,10.8,1016.160,357.46,3.54,53,115,565
04/20/2017 16:56:28,223,10.8,1018.720,357.41,3.54,52,113,565
04/20/2017 16:56:38,215,10.8,1021.130,356.94,3.54,52,113,565
04/20/2017 16:56:48,226,10.8,1023.580,358.09,3.54,51,113,565
04/20/2017 16:56:58,197,10.8,1026.100,357.44,3.53,52,113,565
04/20/2017 16:57:08,235,10.8,1028.660,358.37,3.53,51,114,565
04/20/2017 16:57:18,201,10.8,1031.140,357.89,3.53,51,113,565
04/20/2017 16:57:28,223,10.8,1033.610,357.15,3.53,51,113,565
04/20/2017 16:57:38,234,10.8,1036.150,358.13,3.52,51,113,565
04/20/2017 16:57:48,218,10.8,1038.600,357.85,3.52,52,113,565
04/20/2017 16:57:58,214,10.8,1041.050,357.23,3.51,52,113,565
04/20/2017 16:58:08,213,10.8,1043.580,357.83,3.51,51,115,565
04/20/2017 16:58:18,225,10.8,1046.140,356.75,3.51,53,114,564
04/20/2017 16:58:28,221,10.8,1048.670,357.35,3.51,52,113,565
04/20/2017 16:58:38,222,10.8,1051.030,357.72,3.51,52,113,565
04/20/2017 16:58:48,208,10.8,1053.620,356.78,3.51,53,115,565
04/20/2017 16:58:58,208,10.8,1056.050,356.91,3.51,53,113,565
04/20/2017 16:59:08,200,10.8,1058.580,357.04,3.50,53,112,565
04/20/2017 16:59:18,215,10.8,1061.140,357.35,3.49,53,113,565
04/20/2017 16:59:28,207,10.8,1063.550,357.42,3.48,51,113,565
04/20/2017 16:59:38,207,10.8,1066.110,357.60,3.48,52,116,565
04/20/2017 16:59:48,203,10.8,1068.660,357.39,3.48,51,113,565
04/20/2017 16:59:58,203,10.8,1071.220,357.17,3.49,52,112,565
04/20/2017 17:00:08,174,10.8,1073.570,356.74,3.49,51,112,565
04/20/2017 17:00:18,228,10.8,1076.080,356.73,3.49,52,114,565
04/20/2017 17:00:28,224,10.8,1078.660,357.19,3.49,53,117,564
04/20/2017 17:00:38,203,10.8,1081.150,357.13,3.49,50,113,565
04/20/2017 17:00:48,224,10.8,1083.630,356.67,3.49,51,112,565
04/20/2017 17:00:58,216,10.8,1086.170,356.26,3.49,51,114,565
04/20/2017 17:01:08,214,10.8,1088.610,356.30,3.49,52,114,565
04/20/2017 17:01:18,211,10.8,1091.250,356.76,3.49,52,114,565
04/20/2017 17:01:28,223,10.8,1093.560,356.21,3.49,52,113,565
04/20/2017 17:01:38,199,10.8,1096.220,355.99,3.49,52,113,565
04/20/2017 17:01:48,204,10.8,1098.650,355.32,3.49,52,113,565
04/20/2017 17:01:58,186,10.8,1101.110,356.80,3.48,53,114,565
04/20/2017 17:02:08,217,10.8,1103.740,356.16,3.48,52,112,565
04/20/2017 17:02:18,202,10.8,1106.190,355.67,3.47,53,115,565
04/20/2017 17:02:28,219,10.8,1108.620,355.70,3.47,51,114,565
04/20/2017 17:02:38,198,10.9,1111.180,356.43,3.47,52,114,565
04/20/2017 17:02:48,185,10.8,1113.770,356.36,3.47,52,113,565
04/20/2017 17:02:58,204,10.8,1116.190,356.63,3.47,53,113,565
04/20/2017 17:03:08,193,10.8,1118.750,356.38,3.47,52,113,565
04/20/2017 17:03:18,215,10.8,1121.200,356.48,3.47,53,111,565
04/20/2017 17:03:28,214,10.8,1123.720,356.34,3.47,51,112,565
04/20/2017 17:03:38,225,10.8,1126.080,355.96,3.47,52,113,564
04/20/2017 17:03:48,217,10.8,1128.660,355.51,3.47,53,113,564
04/20/2017 17:03:58,207,10.8,1131.250,355.84,3.46,52,113,565
04/20/2017 17:04:08,194,10.8,1133.770,356.44,3.46,52,112,565
04/20/2017 17:04:18,221,10.8,1136.190,354.78,3.46,53,115,565
04/20/2017 17:04:28,211,10.8,1138.690,355.87,3.46,53,113,565
04/20/2017 17:04:38,203,10.8,1141.160,356.31,3.45,52,113,564
04/20/2017 17:04:48,204,10.8,1143.700,356.26,3.45,53,113,565
04/20/2017 17:04:58,213,10.8,1146.250,355.79,3.45,52,114,565
04/20/2017 17:05:08,215,10.8,1148.750,355.98,3.45,52,113,565
04/20/2017 17:05:18,202,10.8,1151.210,356.12,3.44,53,114,564
04/20/2017 17:05:28,201,10.8,1153.790,355.70,3.45,53,113,565
04/20/2017 17:05:38,207,10.8,1156.280,355.95,3.45,52,115,564
04/20/2017 17:05:48,210,10.8,1158.720,355.39,3.46,52,113,565
04/20/2017 17:05:58,199,10.8,1161.350,355.22,3.45,51,112,565
04/20/2017 17:06:08,153,10.8,1163.720,354.83,3.45,50,112,565
04/20/2017 17:06:18,206,10.8,1166.110,355.03,3.45,52,114,565
04/20/2017 17:06:28,190,10.8,1168.550,355.24,3.45,51,113,565
04/20/2017 17:06:38,214,10.8,1170.880,355.16,3.45,53,113,565
04/20/2017 17:06:48,213,10.8,1173.290,355.77,3.45,53,112,565
04/20/2017 17:06:58,210,10.8,1175.830,355.59,3.45,53,112,565
04/20/2017 17:07:08,239,10.8,1178.200,354.73,3.45,52,113,565
04/20/2017 17:07:18,210,10.8,1180.810,354.85,3.45,51,113,565
04/20/2017 17:07:28,234,10.8,1183.270,354.47,3.45,52,113,565
04/20/2017 17:07:38,220,10.8,1185.620,354.75,3.45,53,114,565
04/20/2017 17:07:48,205,10.8,1188.100,354.99,3.45,52,113,565
04/20/2017 17:07:58,230,10.8,1190.760,354.64,3.44,53,114,565
04/20/2017 17:08:08,189,10.8,1193.120,355.06,3.44,53,114,565
04/20/2017 17:08:18,210,10.8,1195.470,355.36,3.44,53,113,565
04/20/2017 17:08:28,176,10.8,1197.930,355.27,3.43,52,112,565
04/20/2017 17:08:38,211,10.8,1200.470,355.93,3.43,51,131,565
04/20/2017 17:08:48,204,10.8,1202.900,354.89,3.43,53,113,565
04/20/2017 17:08:58,223,10.8,1205.320,354.52,3.43,52,112,565
04/20/2017 17:09:08,205,10.8,1207.820,355.09,3.43,52,114,565
04/20/2017 17:09:18,238,10.8,1210.390,354.98,3.43,51,112,565
04/20/2017 17:09:28,225,10.8,1212.730,354.31,3.43,52,117,565
04/20/2017 17:09:38,210,10.8,1215.210,354.27,3.44,52,113,565
04/20/2017 17:09:48,230,10.8,1217.750,353.70,3.45,53,113,565
04/20/2017 17:09:58,205,10.8,1220.190,353.88,3.45,52,114,565
04/20/2017 17:10:08,223,10.8,1222.590,352.73,3.45,52,112,565
04/20/2017 17:10:18,228,10.8,1225.020,352.95,3.45,53,114,565
04/20/2017 17:10:28,212,10.8,1227.570,353.37,3.45,52,113,565
04/20/2017 17:10:38,209,10.8,1230.080,353.63,3.45,54,112,565
04/20/2017 17:10:48,212,10.8,1232.420,353.10,3.45,52,113,565
04/20/2017 17:10:58,249,10.8,1234.930,353.27,3.45,52,113,565
04/20/2017 17:11:08,199,10.8,1237.520,353.08,3.45,52,112,565
04/20/2017 17:11:18,189,10.8,1239.950,352.21,3.45,53,114,565
04/20/2017 17:11:28,198,10.8,1242.480,353.11,3.45,52,116,565
04/20/2017 17:11:38,231,10.8,1244.900,353.00,3.45,53,112,565
04/20/2017 17:11:48,233,10.8,1247.320,352.43,3.45,53,113,565
04/20/2017 17:11:58,216,10.8,1249.790,352.39,3.45,54,114,565
04/20/2017 17:12:08,240,10.7,1252.360,352.62,3.45,53,112,565
04/20/2017 17:12:18,226,10.8,1254.800,352.98,3.45,52,114,565
04/20/2017 17:12:28,224,10.8,1257.220,352.84,3.45,52,112,565
04/20/2017 17:12:38,204,10.8,1259.840,351.70,3.45,53,113,565
04/20/2017 17:12:48,190,10.8,1262.280,352.20,3.45,51,112,565
04/20/2017 17:12:58,230,10.8,1264.790,351.91,3.45,52,115,565
04/20/2017 17:13:08,213,10.8,1267.230,351.97,3.45,52,112,565
04/20/2017 17:13:18,187,10.8,1269.590,352.05,3.45,53,112,565
04/20/2017 17:13:28,237,10.8,1272.130,351.75,3.45,51,112,565
04/20/2017 17:13:38,222,10.8,1274.500,352.16,3.45,52,112,565
04/20/2017 17:13:48,229,10.8,1277.060,352.96,3.45,53,111,565
04/20/2017 17:13:58,228,10.8,1279.540,352.10,3.45,52,112,565
04/20/2017 17:14:08,207,10.8,1281.820,351.98,3.44,53,112,565
04/20/2017 17:14:18,256,10.8,1284.350,351.47,3.44,52,112,565
04/20/2017 17:14:28,221,10.8,1286.860,351.99,3.45,52,115,565
04/20/2017 17:14:38,224,10.8,1289.260,351.68,3.45,52,114,565
04/20/2017 17:14:48,239,10.8,1291.790,351.98,3.44,51,112,565
04/20/2017 17:14:58,225,10.8,1294.360,352.02,3.45,53,114,565
04/20/2017 17:15:08,231,10.8,1296.710,351.74,3.45,51,112,565
04/20/2017 17:15:18,206,10.8,1299.150,351.22,3.45,54,113,565
04/20/2017 17:15:28,218,10.8,1301.760,351.17,3.45,52,112,565
04/20/2017 17:15:38,165,10.8,1303.970,351.50,3.45,52,112,565
04/20/2017 17:15:48,243,10.8,1306.270,350.33,3.45,52,114,565
04/20/2017 17:15:58,211,10.8,1308.710,351.02,3.45,52,113,565
04/20/2017 17:16:08,227,10.9,1311.160,351.62,3.45,52,113,565
04/20/2017 17:16:18,205,10.8,1313.520,350.90,3.45,52,112,565
04/20/2017 17:16:28,221,10.8,1316.100,351.36,3.45,52,121,565
04/20/2017 17:16:38,210,10.8,1318.440,351.06,3.44,54,112,565
04/20/2017 17:16:48,219,10.8,1321.020,351.09,3.44,53,112,565
04/20/2017 17:16:58,215,10.8,1323.410,350.69,3.44,51,113,565
04/20/2017 17:17:08,231,10.8,1325.810,351.41,3.44,54,113,565
04/20/2017 17:17:18,213,10.8,1328.440,350.57,3.44,52,112,565
04/20/2017 17:17:28,247,10.8,1330.860,349.88,3.45,53,113,565
04/20/2017 17:17:38,228,10.8,1333.240,350.61,3.45,51,112,565
04/20/2017 17:17:48,231,10.8,1335.830,349.74,3.45,52,114,565
04/20/2017 17:17:58,237,10.8,1338.250,350.15,3.44,53,112,565
04/20/2017 17:18:08,204,10.8,1340.690,349.96,3.44,53,114,565
04/20/2017 17:18:18,211,10.8,1343.070,350.13,3.45,52,113,565
04/20/2017 17:18:28,221,10.8,1345.560,349.80,3.44,53,113,565
04/20/2017 17:18:38,242,10.8,1348.170,350.06,3.44,52,115,565
04/20/2017 17:18:48,251,10.8,1350.470,349.84,3.44,52,113,565
04/20/2017 17:18:58,213,10.8,1352.980,350.26,3.44,52,114,565
04/20/2017 17:19:08,242,10.8,1355.500,349.83,3.44,53,112,565
04/20/2017 17:19:18,206,10.8,1357.890,349.83,3.44,53,112,565
04/20/2017 17:19:28,239,10.8,1360.270,348.71,3.45,53,113,564
04/20/2017 17:19:38,225,10.8,1362.780,349.36,3.45,53,112,565
04/20/2017 17:19:48,231,10.8,1365.290,349.05,3.45,52,112,565
04/20/2017 17:19:58,244,10.8,1367.760,348.62,3.45,54,112,565
04/20/2017 17:20:08,217,10.8,1370.140,348.75,3.45,50,112,565
04/20/2017 17:20:18,248,10.8,1372.620,349.03,3.45,52,114,565
04/20/2017 17:20:28,235,10.8,1375.070,349.22,3.44,53,111,565
04/20/2017 17:20:38,220,10.8,1377.440,348.69,3.44,51,114,565
04/20/2017 17:20:48,225,10.8,1379.870,349.71,3.44,52,113,565
04/20/2017 17:20:58,220,10.8,1382.410,348.67,3.47,53,112,565
04/20/2017 17:21:08,225,10.8,1384.970,348.11,3.47,52,114,565
04/20/2017 17:21:18,232,10.8,1387.280,347.38,3.47,52,113,565
04/20/2017 17:21:28,226,10.8,1389.850,346.87,3.47,52,113,565
04/20/2017 17:21:38,221,10.8,1392.100,346.51,3.48,52,112,565
04/20/2017 17:21:48,253,10.8,1394.570,346.34,3.48,52,112,565
04/20/2017 17:21:58,228,10.8,1397.060,345.97,3.48,52,114,565
04/20/2017 17:22:08,214,10.8,1399.430,345.32,3.48,53,113,565
04/20/2017 17:22:18,237,10.8,1401.990,345.50,3.49,52,113,564
04/20/2017 17:22:28,236,10.8,1404.380,345.15,3.51,52,113,565
04/20/2017 17:22:38,199,10.8,1406.770,342.92,3.53,54,113,565
04/20/2017 17:22:48,217,10.8,1409.270,342.43,3.54,53,112,565
04/20/2017 17:22:58,223,10.8,1411.730,341.86,3.55,53,112,565
04/20/2017 17:23:08,214,10.8,1414.040,340.92,3.55,52,113,565
04/20/2017 17:23:18,256,10.8,1416.480,340.59,3.55,54,114,565
04/20/2017 17:23:28,206,10.8,1418.880,340.52,3.55,52,115,565
04/20/2017 17:23:38,249,10.8,1421.250,340.27,3.55,53,114,565
04/20/2017 17:23:48,206,10.8,1423.600,340.20,3.55,52,117,565
04/20/2017 17:23:58,232,10.8,1426.180,340.80,3.55,52,113,565
04/20/2017 17:24:08,265,10.8,1428.520,339.90,3.56,52,113,565
04/20/2017 17:24:18,237,10.8,1430.840,339.78,3.56,51,112,565
04/20/2017 17:24:28,211,10.8,1433.280,340.07,3.57,51,114,565
04/20/2017 17:24:38,228,10.8,1435.700,338.89,3.58,52,113,565
04/20/2017 17:24:48,227,10.8,1438.150,338.15,3.59,53,114,565
04/20/2017 17:24:58,211,10.8,1440.530,336.56,3.59,54,114,565
04/20/2017 17:25:08,240,10.8,1442.890,337.59,3.59,53,114,565
04/20/2017 17:25:18,198,10.8,1445.400,337.03,3.59,51,113,565
04/20/2017 17:25:28,263,10.8,1447.800,336.95,3.60,53,114,565
04/20/2017 17:25:38,204,10.8,1450.240,335.57,3.60,53,113,565
04/20/2017 17:25:48,246,10.8,1452.600,335.50,3.61,52,113,565
04/20/2017 17:25:58,183,10.8,1455.000,334.13,3.62,53,113,565
04/20/2017 17:26:08,222,10.8,1457.460,333.78,3.63,52,119,565
04/20/2017 17:26:18,220,10.8,1459.830,333.25,3.62,54,112,565
04/20/2017 17:26:28,238,10.8,1462.160,333.23,3.62,52,114,565
04/20/2017 17:26:38,205,10.8,1464.410,333.36,3.62,53,115,565
04/20/2017 17:26:48,239,10.8,1466.780,332.96,3.62,53,114,565
04/20/2017 17:26:58,229,10.8,1469.200,332.20,3.63,53,115,565
04/20/2017 17:27:08,229,10.8,1471.470,331.43,3.63,53,112,565
04/20/2017 17:27:18,228,10.8,1473.940,331.05,3.63,52,114,565
04/20/2017 17:27:28,183,10.8,1476.270,331.06,3.62,52,113,565
04/20/2017 17:27:38,243,10.8,1478.650,330.86,3.62,52,113,565
04/20/2017 17:27:48,221,10.8,1481.050,330.94,3.61,52,113,565
04/20/2017 17:27:58,242,10.7,1483.400,330.90,3.61,53,114,565
04/20/2017 17:28:08,234,10.8,1485.820,329.97,3.62,53,113,565
04/20/2017 17:28:18,232,10.8,1488.170,330.28,3.61,53,115,565
04/20/2017 17:28:28,252,10.8,1490.640,330.69,3.61,54,114,565
04/20/2017 17:28:38,235,10.8,1492.950,329.85,3.61,53,114,565
04/20/2017 17:28:48,242,10.8,1495.460,329.81,3.61,52,113,565
04/20/2017 17:28:58,178,10.9,1497.450,330.40,3.61,54,113,564
04/20/2017 17:29:08,222,10.8,1499.650,329.92,3.61,54,113,565
04/20/2017 17:29:18,245,10.8,1502.060,330.23,3.61,52,114,565
04/20/2017 17:29:28,248,10.8,1504.400,329.28,3.62,52,114,565
04/20/2017 17:29:38,235,10.8,1506.840,329.89,3.61,54,114,565
04/20/2017 17:29:48,231,10.8,1509.320,329.56,3.61,54,113,565
04/20/2017 17:29:58,250,10.9,1511.650,329.68,3.61,53,114,564
04/20/2017 17:30:08,236,10.8,1513.990,329.76,3.61,52,123,565
04/20/2017 17:30:18,231,10.9,1516.150,330.12,3.61,53,114,565
04/20/2017 17:30:28,259,10.8,1518.680,329.07,3.61,53,114,565
04/20/2017 17:30:38,245,10.8,1521.080,328.97,3.61,54,115,565
04/20/2017 17:30:48,218,10.8,1523.540,328.81,3.61,52,114,565
04/20/2017 17:30:58,241,10.8,1525.840,328.57,3.61,53,114,565
04/20/2017 17:31:08,221,10.8,1528.250,329.05,3.60,52,114,565
04/20/2017 17:31:18,229,10.8,1530.780,328.74,3.60,52,115,565
04/20/2017 17:31:28,219,10.8,1533.110,329.11,3.60,53,122,565
04/20/2017 17:31:38,227,10.7,1535.470,328.84,3.60,52,115,565
04/20/2017 17:31:48,227,10.8,1537.710,328.56,3.60,53,114,565
04/20/2017 17:31:58,244,10.8,1540.130,328.91,3.62,53,117,565
04/20/2017 17:32:08,227,10.8,1542.500,328.14,3.62,53,114,565
04/20/2017 17:32:18,230,10.8,1544.780,327.37,3.62,53,114,565
04/20/2017 17:32:28,253,10.8,1547.140,327.16,3.61,53,113,565
04/20/2017 17:32:38,265,10.8,1549.650,327.42,3.61,53,113,565
04/20/2017 17:32:48,210,10.8,1551.860,327.31,3.61,54,115,565
04/20/2017 17:32:58,237,10.8,1554.200,326.75,3.61,53,113,565
04/20/2017 17:33:08,224,10.8,1556.540,326.98,3.61,53,114,565
04/20/2017 17:33:18,260,10.8,1558.890,325.98,3.61,54,113,565
04/20/2017 17:33:28,245,10.8,1561.320,326.27,3.61,54,114,565
04/20/2017 17:33:38,227,10.8,1563.610,326.73,3.61,52,115,565
04/20/2017 17:33:48,226,10.8,1565.920,327.11,3.61,53,115,564
04/20/2017 17:33:58,242,10.8,1568.030,326.61,3.60,53,112,565
04/20/2017 17:34:08,252,10.8,1570.470,326.63,3.60,53,124,565
04/20/2017 17:34:18,246,10.8,1572.850,326.64,3.60,53,114,565
04/20/2017 17:34:28,219,10.8,1575.010,326.80,3.59,52,115,565
04/20/2017 17:34:38,221,10.8,1577.390,326.27,3.59,52,115,565
04/20/2017 17:34:48,228,10.8,1579.830,326.86,3.59,54,114,565
04/20/2017 17:34:58,260,10.8,1582.100,326.27,3.59,52,114,565
04/20/2017 17:35:08,248,10.8,1584.500,326.98,3.58,53,115,565
04/20/2017 17:35:18,250,10.8,1586.690,327.35,3.58,52,114,565
04/20/2017 17:35:28,250,10.8,1589.080,326.83,3.58,53,118,564
04/20/2017 17:35:38,244,10.8,1591.420,326.24,3.58,53,115,565
04/20/2017 17:35:48,230,10.8,1593.720,326.82,3.58,54,115,564
04/20/2017 17:35:58,232,10.8,1596.110,326.80,3.58,52,113,565
04/20/2017 17:36:08,224,10.8,1598.570,326.80,3.57,52,117,564
04/20/2017 17:36:18,237,10.8,1600.820,326.79,3.57,51,115,565
04/20/2017 17:36:28,205,10.8,1603.120,326.41,3.57,53,114,565
04/20/2017 17:36:38,267,10.8,1605.370,327.03,3.57,52,114,565
04/20/2017 17:36:48,243,10.8,1607.800,326.64,3.56,52,116,565
04/20/2017 17:36:58,248,10.8,1610.220,327.53,3.56,53,115,565
04/20/2017 17:37:08,227,10.8,1612.600,326.71,3.55,54,116,565
04/20/2017 17:37:18,306,10.8,1614.960,327.55,3.54,52,115,565
04/20/2017 17:37:28,263,10.7,1617.120,326.93,3.54,54,117,565
04/20/2017 17:37:38,226,10.8,1619.440,326.95,3.54,52,116,564
04/20/2017 17:37:48,230,10.8,1621.900,328.00,3.54,53,114,565
04/20/2017 17:37:58,245,10.8,1624.080,327.45,3.54,52,116,565
04/20/2017 17:38:08,250,10.8,1626.390,327.00,3.54,53,116,565
04/20/2017 17:38:18,288,10.8,1628.510,326.80,3.54,54,115,565
04/20/2017 17:38:28,245,10.8,1630.930,327.58,3.54,54,115,564
04/20/2017 17:38:38,239,10.8,1633.160,326.93,3.53,52,114,565
04/20/2017 17:38:48,261,10.8,1635.470,326.59,3.53,54,120,565
04/20/2017 17:38:58,226,10.8,1637.870,327.08,3.53,53,115,565
04/20/2017 17:39:08,225,10.8,1639.970,326.96,3.53,53,116,565
04/20/2017 17:39:18,226,10.8,1642.430,326.70,3.53,53,114,565
04/20/2017 17:39:28,215,10.8,1644.690,326.51,3.53,54,117,565
04/20/2017 17:39:38,217,10.8,1646.810,326.98,3.53,53,116,565
04/20/2017 17:39:48,213,10.8,1648.990,325.85,3.53,54,114,565
04/20/2017 17:39:58,277,10.8,1651.300,326.03,3.53,53,115,565
04/20/2017 17:40:08,246,10.8,1653.470,325.54,3.53,53,115,565
04/20/2017 17:40:18,230,10.8,1656.000,325.66,3.52,53,113,564
04/20/2017 17:40:28,249,10.7,1658.100,326.73,3.52,53,115,565
04/20/2017 17:40:38,258,10.8,1660.550,325.88,3.52,54,115,565
04/20/2017 17:40:48,216,10.8,1662.800,326.00,3.52,55,113,565
04/20/2017 17:40:58,201,10.8,1665.170,325.86,3.52,54,116,564
04/20/2017 17:41:08,208,10.8,1667.480,325.16,3.52,52,114,565
04/20/2017 17:41:18,240,10.8,1669.700,325.27,3.52,53,115,565
04/20/2017 17:41:28,258,10.7,1672.120,325.86,3.51,53,112,565
04/20/2017 17:41:38,247,10.8,1674.310,325.04,3.51,52,115,565
04/20/2017 17:41:48,198,10.8,1676.550,326.11,3.51,53,116,565
04/20/2017 17:41:58,239,10.8,1678.770,325.10,3.50,52,115,564
04/20/2017 17:42:08,268,10.8,1681.010,324.58,3.50,54,114,565
04/20/2017 17:42:18,243,10.8,1683.240,324.83,3.50,53,113,565
04/20/2017 17:42:28,236,10.8,1685.560,325.28,3.49,53,114,565
04/20/2017 17:42:38,256,10.8,1687.850,325.66,3.49,54,115,565
04/20/2017 17:42:48,247,10.8,1690.040,325.14,3.49,54,115,564
04/20/2017 17:42:58,238,10.8,1692.370,325.91,3.49,52,114,565
04/20/2017 17:43:08,251,10.8,1694.610,325.57,3.49,52,120,565
04/20/2017 17:43:18,267,10.8,1696.980,325.25,3.48,53,116,565
04/20/2017 17:43:28,263,10.8,1699.290,325.54,3.48,54,123,565
04/20/2017 17:43:38,228,10.8,1701.470,325.18,3.48,53,116,565
04/20/2017 17:43:48,226,10.8,1703.720,325.51,3.48,54,114,565
04/20/2017 17:43:58,257,10.8,1706.160,325.62,3.48,53,114,565
04/20/2017 17:44:08,234,10.8,1708.430,325.81,3.48,52,114,565
04/20/2017 17:44:18,281,10.8,1710.580,325.41,3.48,53,113,565
04/20/2017 17:44:28,238,10.8,1712.790,325.15,3.48,54,115,565
04/20/2017 17:44:38,240,10.8,1714.910,324.13,3.48,54,113,565
04/20/2017 17:44:48,259,10.8,1717.100,325.25,3.47,52,115,565
04/20/2017 17:44:58,267,10.8,1719.450,324.74,3.47,54,113,565
04/20/2017 17:45:08,255,10.8,1721.580,324.55,3.47,53,113,565
04/20/2017 17:45:18,230,10.8,1723.940,324.53,3.47,53,114,565
04/20/2017 17:45:28,234,10.8,1726.070,325.35,3.47,52,116,565
04/20/2017 17:45:38,239,10.8,1728.210,324.13,3.46,52,113,565
04/20/2017 17:45:48,184,10.8,1730.520,324.39,3.46,52,115,565
04/20/2017 17:45:58,209,10.8,1732.510,325.17,3.46,53,113,565
04/20/2017 17:46:08,256,10.8,1734.750,324.76,3.46,53,112,565
04/20/2017 17:46:18,206,10.8,1737.040,324.39,3.46,52,113,565
04/20/2017 17:46:28,241,10.8,1739.050,324.65,3.46,52,114,565
04/20/2017 17:46:38,222,10.8,1741.330,324.35,3.46,53,114,565
04/20/2017 17:46:48,275,10.8,1743.460,325.28,3.45,54,113,565
04/20/2017 17:46:58,233,10.8,1745.540,324.40,3.45,53,113,565
04/20/2017 17:47:08,217,10.8,1747.560,324.16,3.44,52,114,565
04/20/2017 17:47:18,168,10.8,1749.920,324.65,3.44,52,114,565
04/20/2017 17:47:28,241,10.8,1752.140,324.58,3.44,54,113,565
04/20/2017 17:47:38,221,10.8,1754.370,324.16,3.44,53,121,565
04/20/2017 17:47:48,288,10.8,1756.560,323.98,3.44,54,113,565
04/20/2017 17:47:58,163,10.8,1758.710,325.21,3.42,54,113,565
04/20/2017 17:48:08,219,10.8,1760.780,326.07,3.40,54,115,565
04/20/2017 17:48:18,200,10.8,1762.910,327.13,3.40,51,118,565
04/20/2017 17:48:28,213,10.8,1765.120,326.91,3.39,53,116,565
04/20/2017 17:48:38,241,10.8,1767.540,327.75,3.39,53,115,565
04/20/2017 17:48:48,247,10.8,1769.810,327.73,3.39,54,116,565
04/20/2017 17:48:58,206,10.8,1772.070,326.88,3.40,53,118,565
04/20/2017 17:49:08,224,10.8,1774.420,326.74,3.40,53,115,565
04/20/2017 17:49:18,232,10.8,1776.660,325.66,3.41,52,117,565
04/20/2017 17:49:28,270,10.8,1779.090,325.25,3.40,53,113,565
04/20/2017 17:49:38,231,10.8,1781.240,325.63,3.40,54,114,565
04/20/2017 17:49:48,184,10.8,1783.720,325.44,3.40,52,112,565
04/20/2017 17:49:58,189,10.8,1785.870,324.35,3.40,52,114,565
04/20/2017 17:50:08,264,10.8,1788.200,324.94,3.40,52,112,565
04/20/2017 17:50:18,251,10.8,1790.510,324.49,3.40,54,115,565
04/20/2017 17:50:28,233,10.8,1792.740,324.60,3.39,52,115,565
04/20/2017 17:50:38,286,10.8,1795.010,324.55,3.39,53,113,565
04/20/2017 17:50:48,233,10.8,1797.340,324.87,3.39,54,112,565
04/20/2017 17:50:58,192,10.8,1799.620,324.46,3.39,53,113,565
04/20/2017 17:51:08,232,10.8,1801.800,323.09,3.38,53,113,565
04/20/2017 17:51:18,234,10.8,1804.160,324.31,3.38,53,114,565
04/20/2017 17:51:28,262,10.8,1806.360,323.73,3.38,52,114,565
04/20/2017 17:51:38,186,10.8,1808.570,324.28,3.38,53,117,565
04/20/2017 17:51:48,255,10.8,1810.730,323.96,3.38,54,115,565
04/20/2017 17:51:58,246,10.8,1812.950,324.19,3.38,53,113,565
04/20/2017 17:52:08,237,10.8,1815.340,325.07,3.38,53,115,565
04/20/2017 17:52:18,199,10.8,1817.500,324.58,3.37,53,112,565
04/20/2017 17:52:28,221,10.8,1819.720,324.04,3.37,53,115,565
04/20/2017 17:52:38,219,10.8,1822.140,325.16,3.37,52,112,565
04/20/2017 17:52:48,262,10.8,1824.330,324.34,3.36,52,113,565
04/20/2017 17:52:58,214,10.8,1826.850,324.80,3.36,54,113,565
04/20/2017 17:53:08,199,10.8,1829.110,324.41,3.36,52,112,565
04/20/2017 17:53:18,246,10.8,1831.520,324.66,3.36,53,112,565
04/20/2017 17:53:28,247,10.8,1833.830,323.31,3.35,53,112,565
04/20/2017 17:53:38,224,10.8,1836.150,324.17,3.35,53,123,565
04/20/2017 17:53:48,222,10.8,1838.450,324.92,3.35,55,112,565
04/20/2017 17:53:58,214,10.8,1840.740,324.54,3.34,52,112,565
04/20/2017 17:54:08,222,10.8,1843.090,324.59,3.34,52,112,565
04/20/2017 17:54:18,239,10.8,1845.270,324.98,3.33,53,113,565
04/20/2017 17:54:28,233,10.8,1847.720,324.95,3.33,53,113,565
04/20/2017 17:54:38,210,10.8,1850.010,324.83,3.32,52,113,565
04/20/2017 17:54:48,260,10.8,1852.380,324.66,3.32,52,167,565
04/20/2017 17:54:58,244,10.8,1854.760,324.71,3.32,53,113,565
04/20/2017 17:55:08,218,10.8,1857.140,325.40,3.32,52,112,565
04/20/2017 17:55:18,223,10.8,1859.420,324.60,3.32,53,113,565
04/20/2017 17:55:28,225,10.8,1861.820,324.45,3.31,52,112,565
04/20/2017 17:55:38,231,10.8,1864.240,323.76,3.31,52,113,565
04/20/2017 17:55:48,227,10.8,1866.570,324.50,3.31,54,112,565
04/20/2017 17:55:58,221,10.8,1868.940,324.34,3.29,53,110,565
04/20/2017 17:56:08,228,10.8,1871.220,324.01,3.29,52,114,565
04/20/2017 17:56:18,235,10.8,1873.690,323.76,3.29,52,112,565
04/20/2017 17:56:28,249,10.8,1875.960,323.90,3.29,52,112,565
04/20/2017 17:56:38,219,10.8,1878.360,324.07,3.28,54,112,565
04/20/2017 17:56:48,223,10.8,1880.780,324.53,3.28,53,113,565
04/20/2017 17:56:58,161,10.9,1883.130,325.06,3.28,53,113,565
04/20/2017 17:57:08,226,10.8,1885.220,323.69,3.28,54,111,565
04/20/2017 17:57:18,265,10.8,1887.580,323.75,3.28,54,112,565
04/20/2017 17:57:28,240,10.8,1889.820,323.41,3.28,52,113,565
04/20/2017 17:57:38,243,10.8,1892.260,323.92,3.28,53,112,565
04/20/2017 17:57:48,237,10.8,1894.650,323.94,3.28,54,110,565
04/20/2017 17:57:58,247,10.8,1897.020,324.45,3.28,53,112,565
04/20/2017 17:58:08,224,10.8,1899.420,324.61,3.27,53,115,565
04/20/2017 17:58:18,191,10.8,1901.720,323.84,3.27,53,113,565
04/20/2017 17:58:28,200,10.8,1904.070,324.01,3.26,51,113,565
04/20/2017 17:58:38,230,10.8,1906.550,324.16,3.26,53,110,565
04/20/2017 17:58:48,247,10.8,1908.790,323.69,3.26,53,111,565
04/20/2017 17:58:58,200,10.8,1911.220,324.65,3.26,54,113,565
04/20/2017 17:59:08,227,10.8,1913.460,323.94,3.25,53,114,565
04/20/2017 17:59:18,246,10.8,1916.010,323.77,3.25,52,111,565
04/20/2017 17:59:28,196,10.8,1918.310,323.16,3.25,53,110,565
04/20/2017 17:59:38,173,10.8,1920.480,324.45,3.25,53,112,565
04/20/2017 17:59:48,245,10.8,1922.930,323.78,3.25,54,115,565
04/20/2017 17:59:58,216,10.8,1925.250,324.12,3.24,54,111,565
04/20/2017 18:00:08,218,10.8,1927.580,323.46,3.24,53,113,565
04/20/2017 18:00:18,222,10.8,1929.910,323.72,3.24,53,112,565
04/20/2017 18:00:28,237,10.8,1932.330,324.35,3.23,52,115,565
04/20/2017 18:00:38,211,10.8,1934.670,324.06,3.23,54,112,565
04/20/2017 18:00:48,214,10.8,1937.100,323.75,3.23,52,111,565
04/20/2017 18:00:58,195,10.8,1939.520,324.38,3.23,52,113,565
04/20/2017 18:01:08,201,10.8,1941.900,324.27,3.22,53,112,565
04/20/2017 18:01:18,207,10.8,1944.080,323.30,3.22,53,111,565
04/20/2017 18:01:28,232,10.9,1946.590,323.32,3.22,52,112,565
04/20/2017 18:01:38,260,10.8,1948.890,323.49,3.22,52,114,565
04/20/2017 18:01:48,220,10.8,1951.250,323.06,3.22,53,111,565
04/20/2017 18:01:58,231,10.8,1953.710,324.38,3.22,53,112,565
04/20/2017 18:02:08,209,10.8,1956.110,324.64,3.22,53,113,565
04/20/2017 18:02:18,214,10.8,1958.480,324.25,3.22,51,111,565
04/20/2017 18:02:28,223,10.8,1960.830,324.61,3.22,52,111,565
04/20/2017 18:02:38,236,10.8,1963.250,324.19,3.21,54,111,565
04/20/2017 18:02:48,226,10.8,1965.560,324.36,3.21,53,112,565
04/20/2017 18:02:58,237,10.8,1967.950,324.27,3.20,53,112,565
04/20/2017 18:03:08,240,10.8,1970.340,324.13,3.20,52,111,565
04/20/2017 18:03:18,196,10.8,1972.860,323.96,3.19,53,113,565
04/20/2017 18:03:28,224,10.8,1975.320,323.30,3.19,53,111,565
04/20/2017 18:03:38,210,10.9,1977.700,324.14,3.19,53,111,565
04/20/2017 18:03:48,211,10.8,1980.070,323.57,3.19,52,110,565
04/20/2017 18:03:58,225,10.8,1982.630,323.54,3.19,54,112,565
04/20/2017 18:04:08,194,10.8,1984.990,323.90,3.19,54,111,565
04/20/2017 18:04:18,217,10.8,1987.350,323.54,3.19,50,112,565
04/20/2017 18:04:28,223,10.8,1989.970,323.82,3.18,53,111,565
04/20/2017 18:04:38,206,10.8,1992.270,324.20,3.18,53,113,565
04/20/2017 18:04:48,219,10.8,1994.740,324.61,3.18,54,109,565
04/20/2017 18:04:58,218,10.8,1997.180,322.92,3.17,53,113,565
04/20/2017 18:05:08,195,10.8,1999.720,323.78,3.16,52,110,565
04/20/2017 18:05:18,212,10.8,2002.050,324.03,3.15,53,110,565
04/20/2017 18:05:28,177,10.8,2004.430,324.16,3.15,52,112,565
04/20/2017 18:05:38,227,10.8,2006.870,323.43,3.15,53,112,565
04/20/2017 18:05:48,250,10.8,2009.320,323.59,3.15,54,112,565
04/20/2017 18:05:58,223,10.8,2011.810,324.24,3.14,54,110,565
04/20/2017 18:06:08,239,10.8,2014.210,324.37,3.14,52,112,565
04/20/2017 18:06:18,212,10.8,2016.770,324.27,3.14,53,111,565
04/20/2017 18:06:28,235,10.8,2019.190,323.98,3.13,52,110,565
04/20/2017 18:06:38,196,10.8,2021.530,324.59,3.13,53,113,565
04/20/2017 18:06:48,224,10.8,2023.940,323.66,3.12,53,112,565
04/20/2017 18:06:58,229,10.8,2026.350,323.80,3.12,54,111,565
04/20/2017 18:07:08,231,10.8,2028.890,323.84,3.12,53,111,565
04/20/2017 18:07:18,217,10.8,2031.280,323.83,3.12,53,112,565
04/20/2017 18:07:28,223,10.8,2033.670,323.30,3.11,53,111,565
04/20/2017 18:07:38,234,10.8,2035.970,323.48,3.11,52,112,565
04/20/2017 18:07:48,236,10.8,2038.450,324.14,3.10,54,113,565
04/20/2017 18:07:58,222,10.8,2040.930,324.25,3.10,53,110,565
04/20/2017 18:08:08,215,10.8,2043.370,324.20,3.09,53,111,565
04/20/2017 18:08:18,222,10.8,2045.780,324.23,3.09,54,113,565
04/20/2017 18:08:28,235,10.8,2048.240,323.46,3.09,53,112,565
04/20/2017 18:08:38,225,10.8,2050.540,322.46,3.09,53,113,565
04/20/2017 18:08:48,200,10.8,2052.900,324.00,3.09,52,112,565
04/20/2017 18:08:58,253,10.8,2055.350,324.40,3.09,53,111,565
04/20/2017 18:09:08,234,10.8,2057.680,323.46,3.09,53,110,565
04/20/2017 18:09:18,241,10.8,2060.110,324.07,3.09,53,112,565
04/20/2017 18:09:28,217,10.8,2062.500,323.61,3.09,53,111,565
04/20/2017 18:09:38,231,10.8,2064.800,323.21,3.09,54,112,565
04/20/2017 18:09:48,237,10.8,2067.150,323.69,3.09,53,111,565
04/20/2017 18:09:58,236,10.8,2069.470,323.82,3.08,53,115,565
04/20/2017 18:10:08,220,10.8,2071.910,323.00,3.08,53,113,565
04/20/2017 18:10:18,245,10.8,2074.410,324.30,3.08,52,112,565
04/20/2017 18:10:28,242,10.8,2076.710,324.13,3.07,53,113,565
04/20/2017 18:10:38,230,10.8,2079.030,324.97,3.06,52,112,565
04/20/2017 18:10:48,233,10.8,2081.360,325.11,3.06,52,114,565
04/20/2017 18:10:58,257,10.8,2083.800,325.72,3.05,53,118,565
04/20/2017 18:11:08,253,10.8,2086.020,326.16,3.05,52,115,565
04/20/2017 18:11:18,213,10.8,2088.460,325.73,3.05,53,117,565
04/20/2017 18:11:28,235,10.8,2090.840,325.56,3.04,53,116,565
04/20/2017 18:11:38,190,10.8,2093.290,326.58,3.04,52,116,565
04/20/2017 18:11:48,245,10.8,2095.540,326.04,3.04,53,115,565
04/20/2017 18:11:58,226,10.8,2097.880,325.94,3.04,52,114,565
04/20/2017 18:12:08,255,10.8,2100.300,325.66,3.04,52,114,565
04/20/2017 18:12:18,226,10.8,2102.890,325.91,3.04,53,116,565
04/20/2017 18:12:28,225,10.8,2105.270,325.84,3.05,54,115,565
04/20/2017 18:12:38,247,10.8,2107.540,325.02,3.05,54,113,565
04/20/2017 18:12:48,240,10.8,2109.920,325.29,3.05,53,112,565
04/20/2017 18:12:58,228,10.8,2112.410,325.23,3.05,53,114,565
04/20/2017 18:13:08,242,10.8,2114.800,325.11,3.05,54,114,565
04/20/2017 18:13:18,197,10.8,2117.220,324.76,3.05,53,114,565
04/20/2017 18:13:28,225,10.8,2119.650,324.47,3.05,53,112,565
04/20/2017 18:13:38,244,10.8,2121.960,324.59,3.05,52,111,565
04/20/2017 18:13:48,237,10.8,2124.480,323.95,3.04,53,111,565
04/20/2017 18:13:58,194,10.8,2126.920,323.56,3.04,53,112,565
04/20/2017 18:14:08,228,10.8,2129.140,323.24,3.03,53,112,565
04/20/2017 18:14:18,246,10.8,2131.740,322.42,3.03,53,109,565
04/20/2017 18:14:28,236,10.8,2134.070,322.79,3.03,54,111,565
04/20/2017 18:14:38,210,10.8,2136.480,323.06,3.03,53,111,565
04/20/2017 18:14:48,220,10.8,2138.890,323.18,3.03,53,109,565
04/20/2017 18:14:58,230,10.8,2141.340,322.57,3.03,53,109,565
04/20/2017 18:15:08,245,10.8,2143.700,322.62,3.03,52,111,565
04/20/2017 18:15:18,229,10.8,2145.970,322.75,3.02,53,110,565
04/20/2017 18:15:28,242,10.8,2148.400,323.42,3.02,54,111,565
04/20/2017 18:15:38,237,10.8,2150.740,321.98,3.02,54,110,565
04/20/2017 18:15:48,232,10.8,2153.160,322.42,3.02,54,113,565
04/20/2017 18:15:58,259,10.8,2155.560,322.45,3.02,54,109,565
04/20/2017 18:16:08,241,10.8,2157.910,322.43,3.02,53,110,565
04/20/2017 18:16:18,242,10.8,2160.300,321.71,3.02,53,111,565
04/20/2017 18:16:28,213,10.8,2162.760,322.15,3.02,54,110,565
04/20/2017 18:16:38,238,10.8,2165.070,323.17,3.02,55,111,565
04/20/2017 18:16:48,214,10.8,2167.460,321.50,3.01,54,110,565
04/20/2017 18:16:58,215,10.8,2169.810,322.37,3.01,52,111,565
04/20/2017 18:17:08,196,10.8,2172.120,321.82,3.01,54,115,565
04/20/2017 18:17:18,242,10.8,2174.450,322.77,3.01,53,109,565
04/20/2017 18:17:28,244,10.8,2177.010,321.88,3.01,53,110,565
04/20/2017 18:17:38,195,10.8,2179.270,322.19,3.01,53,110,565
04/20/2017 18:17:48,219,10.8,2181.600,322.44,3.01,54,111,565
04/20/2017 18:17:58,213,10.8,2184.050,322.15,3.01,53,111,565
04/20/2017 18:18:08,242,10.8,2186.290,322.10,3.00,52,109,565
04/20/2017 18:18:18,243,10.8,2188.670,321.58,3.00,53,110,565
04/20/2017 18:18:28,235,10.8,2190.970,321.58,3.00,53,109,565
04/20/2017 18:18:38,238,10.8,2193.360,321.53,3.00,53,112,565
04/20/2017 18:18:48,227,10.8,2195.850,321.41,3.00,53,110,565
04/20/2017 18:18:58,233,10.8,2198.220,321.24,2.99,53,111,565
04/20/2017 18:19:08,238,10.8,2200.450,321.63,2.99,53,111,565
04/20/2017 18:19:18,253,10.8,2203.070,321.76,2.99,53,111,565
04/20/2017 18:19:28,223,10.8,2205.280,321.36,2.98,53,109,565
04/20/2017 18:19:38,252,10.8,2207.690,321.36,2.98,52,109,565
04/20/2017 18:19:48,231,10.8,2209.960,321.54,2.98,54,109,565
04/20/2017 18:19:58,230,10.8,2212.430,320.89,2.98,53,111,565
04/20/2017 18:20:08,223,10.8,2214.650,321.33,2.98,52,109,565
04/20/2017 18:20:18,208,10.8,2217.100,321.32,2.98,53,111,565
04/20/2017 18:20:28,229,10.8,2219.600,321.31,2.98,54,109,565
04/20/2017 18:20:38,238,10.8,2221.820,321.49,2.97,52,110,565
04/20/2017 18:20:48,225,10.8,2224.150,321.39,2.97,52,111,566
04/20/2017 18:20:58,251,10.8,2226.590,320.55,2.97,53,110,565
04/20/2017 18:21:08,234,10.8,2228.830,322.12,2.97,54,110,565
04/20/2017 18:21:18,192,10.8,2231.350,321.16,2.96,53,109,565
04/20/2017 18:21:28,226,10.8,2233.600,322.10,2.95,52,112,565
04/20/2017 18:21:38,209,10.8,2236.090,322.06,2.95,54,110,565
04/20/2017 18:21:48,222,10.8,2238.360,321.39,2.95,54,111,565
04/20/2017 18:21:58,223,10.8,2240.690,321.59,2.95,52,112,565
04/20/2017 18:22:08,249,10.8,2243.170,321.61,2.94,53,110,565
04/20/2017 18:22:18,235,10.8,2245.510,321.37,2.94,54,111,565
04/20/2017 18:22:28,242,10.8,2247.820,321.12,2.93,53,111,565
04/20/2017 18:22:38,222,10.8,2250.070,321.61,2.93,53,110,565
04/20/2017 18:22:48,246,10.8,2252.330,321.56,2.92,52,112,565
04/20/2017 18:22:58,225,10.8,2254.660,321.95,2.92,53,111,565
04/20/2017 18:23:08,221,10.8,2256.740,322.78,2.92,54,110,565
04/20/2017 18:23:18,249,10.8,2259.090,322.03,2.91,52,112,565
04/20/2017 18:23:28,257,10.8,2261.460,322.12,2.90,53,109,565
04/20/2017 18:23:38,218,10.8,2263.710,322.21,2.90,53,114,565
04/20/2017 18:23:48,223,10.8,2266.120,322.17,2.90,55,110,565
04/20/2017 18:23:58,219,10.8,2268.380,322.16,2.89,53,110,566
04/20/2017 18:24:08,253,10.8,2270.540,321.97,2.89,53,111,565
04/20/2017 18:24:18,247,10.8,2272.880,322.00,2.89,54,110,565
04/20/2017 18:24:28,249,10.8,2275.160,322.58,2.88,54,110,565
04/20/2017 18:24:38,200,10.8,2277.350,322.71,2.88,54,112,565
04/20/2017 18:24:48,257,10.8,2279.700,322.60,2.88,54,111,566
04/20/2017 18:24:58,269,10.7,2281.910,322.70,2.88,52,112,565
04/20/2017 18:25:08,242,10.8,2284.390,322.78,2.87,52,111,565
04/20/2017 18:25:18,258,10.8,2286.640,322.64,2.87,53,112,565
04/20/2017 18:25:28,248,10.8,2288.840,321.82,2.87,54,113,565
04/20/2017 18:25:38,255,10.8,2291.260,322.91,2.87,55,113,565
04/20/2017 18:25:48,243,10.8,2293.370,322.36,2.87,52,111,565
04/20/2017 18:25:58,253,10.8,2295.770,322.81,2.87,53,112,566
04/20/2017 18:26:08,248,10.8,2297.980,322.90,2.86,52,112,565
04/20/2017 18:26:18,236,10.8,2300.370,322.37,2.86,52,110,566
04/20/2017 18:26:28,257,10.8,2302.800,322.91,2.86,52,113,566
04/20/2017 18:26:38,249,10.8,2305.050,322.65,2.85,53,113,566
04/20/2017 18:26:48,260,10.8,2307.400,323.43,2.84,53,114,565
04/20/2017 18:26:58,251,10.8,2309.660,324.47,2.84,53,113,565
04/20/2017 18:27:08,259,10.8,2311.910,324.12,2.83,53,113,565
04/20/2017 18:27:18,259,10.8,2314.150,323.47,2.83,53,113,566
04/20/2017 18:27:28,245,10.8,2316.550,324.34,2.82,53,114,565
04/20/2017 18:27:38,240,10.8,2318.720,324.31,2.82,54,114,566
04/20/2017 18:27:48,238,10.8,2321.090,324.82,2.83,51,114,566
04/20/2017 18:27:58,253,10.8,2323.440,324.29,2.82,53,114,566
04/20/2017 18:28:08,254,10.8,2325.770,324.07,2.82,54,112,565
04/20/2017 18:28:18,217,10.8,2328.140,323.97,2.82,54,113,566
04/20/2017 18:28:28,261,10.8,2330.370,323.59,2.82,53,116,565
04/20/2017 18:28:38,258,10.8,2332.780,324.46,2.81,52,115,566
04/20/2017 18:28:48,212,10.8,2334.990,323.81,2.80,54,113,566
04/20/2017 18:28:58,243,10.8,2337.320,323.64,2.80,53,115,565
04/20/2017 18:29:08,223,10.8,2339.530,323.55,2.80,53,116,566
04/20/2017 18:29:18,260,10.8,2341.940,324.41,2.80,52,114,565
04/20/2017 18:29:28,248,10.8,2344.210,324.41,2.81,53,112,565
04/20/2017 18:29:38,256,10.9,2346.490,323.51,2.81,52,114,566
04/20/2017 18:29:48,270,10.8,2348.680,323.57,2.81,53,113,565
04/20/2017 18:29:58,218,10.8,2350.870,323.87,2.81,54,112,566
04/20/2017 18:30:08,242,10.8,2353.240,323.88,2.81,53,114,565
04/20/2017 18:30:18,246,10.8,2355.590,322.99,2.81,54,114,566
04/20/2017 18:30:28,246,10.8,2357.940,323.16,2.81,53,112,566
04/20/2017 18:30:38,214,10.8,2360.200,323.57,2.80,53,112,565
04/20/2017 18:30:48,248,10.8,2362.460,323.08,2.80,53,112,566
04/20/2017 18:30:58,234,10.8,2364.710,323.15,2.79,54,113,565
04/20/2017 18:31:08,190,10.8,2367.040,322.59,2.79,54,111,565
04/20/2017 18:31:18,221,10.8,2369.190,322.22,2.79,55,113,566
04/20/2017 18:31:28,249,10.8,2371.460,322.12,2.79,53,114,566
04/20/2017 18:31:38,272,10.8,2373.790,322.12,2.78,55,111,566
04/20/2017 18:31:48,260,10.8,2376.010,322.29,2.78,54,112,566
04/20/2017 18:31:58,230,10.8,2378.220,321.71,2.77,53,113,566
04/20/2017 18:32:08,250,10.8,2380.540,322.86,2.75,54,114,566
04/20/2017 18:32:18,197,10.8,2382.740,324.02,2.75,53,116,565
04/20/2017 18:32:28,262,10.8,2385.030,325.08,2.73,54,116,566
04/20/2017 18:32:38,231,10.8,2387.410,324.91,2.72,53,114,566
04/20/2017 18:32:48,246,10.8,2389.540,325.67,2.71,53,120,566
04/20/2017 18:32:58,256,10.8,2391.800,326.59,2.68,52,119,566
04/20/2017 18:33:08,230,10.7,2394.070,327.59,2.67,53,119,566
04/20/2017 18:33:18,260,10.7,2396.430,328.42,2.66,54,118,566
04/20/2017 18:33:28,211,10.9,2398.680,328.57,2.66,54,120,566
04/20/2017 18:33:38,234,10.8,2400.800,328.25,2.66,53,120,566
04/20/2017 18:33:48,225,10.8,2403.140,328.80,2.66,52,118,566
04/20/2017 18:33:58,238,10.7,2405.400,329.11,2.65,51,119,566
04/20/2017 18:34:08,272,10.8,2407.730,328.91,2.64,53,122,566
04/20/2017 18:34:18,247,10.8,2409.950,329.92,2.64,51,124,566
04/20/2017 18:34:28,252,10.7,2412.080,330.11,2.64,53,121,565
04/20/2017 18:34:38,268,10.8,2414.060,329.95,2.63,54,122,566
04/20/2017 18:34:48,274,10.8,2416.270,330.14,2.63,53,127,566
04/20/2017 18:34:58,228,10.8,2418.620,330.26,2.61,54,124,566
04/20/2017 18:35:08,259,10.8,2420.700,331.62,2.59,53,128,566
04/20/2017 18:35:18,226,10.7,2422.890,332.87,2.57,53,129,566
04/20/2017 18:35:28,244,10.7,2425.100,333.56,2.55,53,130,566
04/20/2017 18:35:38,301,10.8,2427.270,333.32,2.55,55,127,566
04/20/2017 18:35:48,223,10.9,2429.570,333.29,2.55,53,126,566
04/20/2017 18:35:58,254,10.8,2431.450,334.47,2.54,53,123,566
04/20/2017 18:36:08,256,10.8,2433.400,332.71,2.55,53,129,566
04/20/2017 18:36:18,286,10.8,2435.650,332.32,2.54,53,124,566
04/20/2017 18:36:28,257,10.8,2437.750,332.42,2.54,53,129,566
04/20/2017 18:36:38,263,10.8,2439.660,332.39,2.53,54,123,566
04/20/2017 18:36:48,273,10.8,2441.770,333.25,2.52,54,124,566
04/20/2017 18:36:58,275,10.8,2444.030,333.15,2.52,52,126,566
04/20/2017 18:37:08,234,10.8,2446.220,333.28,2.52,53,124,566
04/20/2017 18:37:18,243,10.8,2448.070,331.69,2.52,52,120,566
04/20/2017 18:37:28,269,10.8,2450.130,331.28,2.52,54,119,566
04/20/2017 18:37:38,292,10.8,2452.250,330.48,2.52,53,120,566
04/20/2017 18:37:48,240,10.8,2454.380,330.09,2.52,54,120,566
04/20/2017 18:37:58,257,10.8,2456.490,329.59,2.52,54,127,566
04/20/2017 18:38:08,241,10.8,2458.630,330.10,2.51,54,125,566
04/20/2017 18:38:18,218,10.8,2460.630,331.06,2.50,53,121,566
04/20/2017 18:38:28,243,10.8,2462.730,331.80,2.49,52,122,566
04/20/2017 18:38:38,228,10.8,2464.760,332.16,2.47,54,123,566
04/20/2017 18:38:48,236,10.8,2466.780,332.12,2.47,54,133,566
04/20/2017 18:38:58,242,10.8,2468.740,333.54,2.46,54,121,566
04/20/2017 18:39:08,240,10.8,2470.700,332.00,2.45,53,121,566
04/20/2017 18:39:18,217,10.8,2472.550,333.16,2.44,54,120,566
04/20/2017 18:39:28,243,10.8,2474.310,333.42,2.42,53,125,566
04/20/2017 18:39:38,237,10.8,2476.240,333.33,2.42,54,122,566
04/20/2017 18:39:48,241,10.8,2478.160,333.83,2.41,54,124,566
04/20/2017 18:39:58,240,10.8,2480.180,334.70,2.41,53,124,566
04/20/2017 18:40:08,234,10.8,2482.060,334.03,2.41,52,122,566
04/20/2017 18:40:18,242,10.8,2484.050,334.39,2.40,53,127,566
04/20/2017 18:40:28,219,10.7,2486.020,334.69,2.37,53,124,566
04/20/2017 18:40:38,269,10.8,2487.970,333.94,2.36,53,122,566
04/20/2017 18:40:48,213,10.7,2489.900,334.46,2.34,52,122,566
04/20/2017 18:40:58,219,10.8,2491.860,334.66,2.33,54,123,566
04/20/2017 18:41:08,219,10.9,2493.660,335.08,2.31,52,122,566
04/20/2017 18:41:18,238,10.8,2495.770,335.81,2.29,52,120,566
04/20/2017 18:41:28,272,10.8,2497.770,336.22,2.28,53,122,566
04/20/2017 18:41:38,244,10.8,2499.820,335.37,2.28,53,121,566
04/20/2017 18:41:48,218,10.8,2501.600,336.87,2.27,53,127,566
04/20/2017 18:41:58,210,10.8,2503.470,336.24,2.27,54,123,566
04/20/2017 18:42:08,226,10.8,2505.430,336.58,2.26,53,124,566
04/20/2017 18:42:18,223,10.8,2507.560,336.13,2.26,53,124,566
04/20/2017 18:42:28,204,10.8,2509.490,337.04,2.26,53,127,566
04/20/2017 18:42:38,210,10.8,2511.400,336.64,2.25,54,121,566
04/20/2017 18:42:48,223,10.8,2513.500,336.66,2.25,54,134,566
04/20/2017 18:42:58,240,10.8,2515.730,336.65,2.25,54,123,566
04/20/2017 18:43:08,213,10.8,2517.660,336.67,2.25,53,123,566
04/20/2017 18:43:18,191,10.8,2519.560,337.23,2.23,54,123,566
04/20/2017 18:43:28,230,10.8,2521.600,337.92,2.23,52,125,566
04/20/2017 18:43:38,208,10.8,2523.510,336.68,2.21,53,123,566
04/20/2017 18:43:48,210,10.9,2525.420,338.05,2.20,54,124,566
04/20/2017 18:43:58,203,10.8,2527.280,337.77,2.18,54,123,566

 Ramp exit:    SMOOTH RUNNING
 Profile exit: BOTTOM PRESSURE

 Vehicle motion stopped at 04/20/2017 18:44:02
 Sensor logging stopped at 04/20/2017 18:46:10
