
 Profile 339

 Sensors were turned on at  04/19/2017 20:00:02
 Vehicle began profiling at 04/19/2017 20:02:04

Date,[mA],[V],[dbar],Oxygen[uM],Optode Temp[C],Chl,NTU,Therm
04/19/2017 20:02:04,0,11.0,0.000,0.00,0.00,54,122,569
04/19/2017 20:02:14,196,10.8,0.000,0.00,0.00,53,118,569
04/19/2017 20:02:24,154,10.8,0.000,0.00,0.00,53,120,569
04/19/2017 20:02:37,193,10.8,2506.190,333.31,2.34,55,120,569
04/19/2017 20:02:47,105,11.0,2503.350,332.64,2.36,53,121,569
04/19/2017 20:02:57,101,11.0,2500.650,332.23,2.38,54,124,569
04/19/2017 20:03:07,97,11.0,2497.800,332.71,2.39,54,119,569
04/19/2017 20:03:17,90,11.0,2495.010,333.32,2.40,53,122,569
04/19/2017 20:03:27,86,11.0,2492.280,333.37,2.40,52,123,569
04/19/2017 20:03:37,98,11.0,2489.510,333.60,2.42,52,121,569
04/19/2017 20:03:47,97,11.0,2486.850,332.97,2.43,53,126,568
04/19/2017 20:03:57,99,10.9,2484.020,332.74,2.43,53,129,568
04/19/2017 20:04:07,98,10.9,2481.180,333.18,2.45,53,128,569
04/19/2017 20:04:17,104,10.9,2478.410,334.25,2.45,53,127,568
04/19/2017 20:04:27,91,10.9,2475.660,333.72,2.47,53,133,568
04/19/2017 20:04:37,95,10.9,2472.900,333.99,2.47,51,127,568
04/19/2017 20:04:47,91,10.9,2470.180,335.21,2.47,53,127,568
04/19/2017 20:04:57,91,10.9,2467.360,334.94,2.47,54,126,568
04/19/2017 20:05:07,94,10.9,2464.570,334.84,2.48,54,131,568
04/19/2017 20:05:17,100,10.9,2461.900,334.76,2.50,54,127,568
04/19/2017 20:05:27,92,10.9,2459.140,334.38,2.50,53,128,568
04/19/2017 20:05:37,100,10.9,2456.380,334.57,2.51,52,125,568
04/19/2017 20:05:47,106,10.9,2453.550,334.53,2.51,53,126,568
04/19/2017 20:05:57,95,10.9,2450.950,334.17,2.51,52,131,568
04/19/2017 20:06:07,103,10.9,2448.110,333.76,2.52,55,129,568
04/19/2017 20:06:17,89,10.9,2445.300,334.65,2.52,54,128,568
04/19/2017 20:06:27,104,10.9,2442.610,334.31,2.52,54,130,568
04/19/2017 20:06:37,95,10.9,2439.910,334.70,2.51,53,128,568
04/19/2017 20:06:47,100,10.9,2437.140,334.84,2.53,55,126,568
04/19/2017 20:06:57,93,10.9,2434.320,334.41,2.56,53,125,568
04/19/2017 20:07:07,85,10.9,2431.630,333.77,2.58,53,126,568
04/19/2017 20:07:17,100,10.9,2428.910,333.11,2.57,54,127,568
04/19/2017 20:07:27,100,10.9,2426.190,332.59,2.59,53,122,567
04/19/2017 20:07:37,97,10.9,2423.460,331.78,2.60,54,124,568
04/19/2017 20:07:47,107,10.9,2420.700,331.93,2.60,52,122,567
04/19/2017 20:07:57,111,10.8,2418.010,331.54,2.61,52,121,567
04/19/2017 20:08:07,109,10.8,2415.130,330.85,2.62,53,122,567
04/19/2017 20:08:17,102,10.9,2412.610,330.69,2.62,52,121,567
04/19/2017 20:08:27,104,10.9,2409.830,329.29,2.66,52,117,567
04/19/2017 20:08:37,102,10.8,2406.990,327.15,2.69,51,117,567
04/19/2017 20:08:47,99,10.9,2404.330,326.45,2.70,53,121,567
04/19/2017 20:08:57,110,10.9,2401.540,325.74,2.70,53,119,567
04/19/2017 20:09:07,99,10.9,2398.830,325.15,2.71,53,119,567
04/19/2017 20:09:17,102,10.9,2396.160,325.21,2.71,53,122,567
04/19/2017 20:09:27,96,10.8,2393.430,325.18,2.71,53,122,567
04/19/2017 20:09:37,110,10.8,2390.620,326.79,2.71,54,120,567
04/19/2017 20:09:47,110,10.9,2387.850,327.26,2.71,54,123,567
04/19/2017 20:09:57,101,10.8,2385.140,328.47,2.71,54,121,567
04/19/2017 20:10:07,103,10.8,2382.550,328.42,2.70,53,121,567
04/19/2017 20:10:17,107,10.9,2379.650,329.11,2.71,54,122,567
04/19/2017 20:10:27,98,10.8,2376.870,329.65,2.72,53,120,567
04/19/2017 20:10:37,92,10.9,2374.230,328.25,2.74,53,118,567
04/19/2017 20:10:47,98,10.8,2371.360,327.29,2.76,52,119,567
04/19/2017 20:10:57,91,10.9,2368.690,325.38,2.78,54,115,567
04/19/2017 20:11:07,104,10.9,2365.950,325.29,2.80,54,113,567
04/19/2017 20:11:17,102,10.8,2363.260,323.86,2.82,54,113,567
04/19/2017 20:11:27,108,10.8,2360.500,323.02,2.82,54,112,567
04/19/2017 20:11:37,102,10.9,2357.740,322.76,2.83,54,113,567
04/19/2017 20:11:47,104,10.8,2355.120,322.38,2.83,53,112,567
04/19/2017 20:11:57,107,10.8,2352.400,320.86,2.85,55,111,567
04/19/2017 20:12:07,114,10.9,2349.560,320.55,2.85,53,113,567
04/19/2017 20:12:17,95,10.9,2346.790,320.57,2.85,53,111,567
04/19/2017 20:12:27,97,10.9,2344.040,319.87,2.85,53,113,567
04/19/2017 20:12:37,103,10.9,2341.330,320.58,2.85,53,111,567
04/19/2017 20:12:47,104,10.8,2338.680,320.64,2.86,53,117,567
04/19/2017 20:12:57,112,10.8,2336.050,320.68,2.86,52,111,567
04/19/2017 20:13:07,95,10.8,2333.150,320.45,2.87,53,111,567
04/19/2017 20:13:17,94,10.8,2330.380,320.46,2.88,53,113,567
04/19/2017 20:13:27,92,10.9,2327.670,319.26,2.88,54,110,567
04/19/2017 20:13:37,106,10.9,2325.060,320.70,2.89,54,109,567
04/19/2017 20:13:47,103,10.8,2322.170,319.71,2.89,52,110,567
04/19/2017 20:13:57,94,10.9,2319.570,319.62,2.90,52,111,567
04/19/2017 20:14:07,104,10.9,2316.800,320.25,2.90,54,147,566
04/19/2017 20:14:17,110,10.8,2314.150,320.43,2.90,53,111,566
04/19/2017 20:14:27,109,10.9,2311.370,320.19,2.90,54,110,567
04/19/2017 20:14:37,108,10.8,2308.610,320.09,2.90,52,110,566
04/19/2017 20:14:47,113,10.8,2305.810,319.31,2.91,52,113,566
04/19/2017 20:14:57,92,10.9,2303.160,320.37,2.91,53,111,567
04/19/2017 20:15:07,113,10.8,2300.320,319.84,2.92,53,110,566
04/19/2017 20:15:17,100,10.8,2297.680,319.65,2.92,53,110,566
04/19/2017 20:15:27,104,10.8,2294.950,319.73,2.92,53,110,566
04/19/2017 20:15:37,103,10.9,2292.330,320.21,2.93,53,109,566
04/19/2017 20:15:47,102,10.8,2289.510,320.46,2.93,52,109,566
04/19/2017 20:15:57,96,10.9,2286.790,319.31,2.93,53,110,566
04/19/2017 20:16:07,104,10.8,2284.060,319.94,2.93,54,110,566
04/19/2017 20:16:17,98,10.9,2281.250,320.52,2.93,54,110,566
04/19/2017 20:16:27,93,10.9,2278.550,320.31,2.94,53,111,566
04/19/2017 20:16:37,106,10.8,2275.880,320.45,2.94,52,133,566
04/19/2017 20:16:47,109,10.9,2273.070,319.44,2.94,52,109,566
04/19/2017 20:16:57,111,10.8,2270.330,319.70,2.95,54,111,566
04/19/2017 20:17:07,100,10.9,2267.700,320.09,2.95,55,111,566
04/19/2017 20:17:17,103,10.9,2264.960,319.60,2.95,53,114,566
04/19/2017 20:17:27,102,10.8,2262.200,319.89,2.95,53,110,566
04/19/2017 20:17:37,111,10.9,2259.420,319.82,2.96,53,110,566
04/19/2017 20:17:47,107,10.8,2256.770,320.31,2.96,53,109,566
04/19/2017 20:17:57,109,10.9,2253.910,320.98,2.96,54,109,566
04/19/2017 20:18:07,114,10.8,2251.330,320.43,2.96,53,110,566
04/19/2017 20:18:17,104,10.8,2248.500,319.83,2.96,53,109,566
04/19/2017 20:18:27,105,10.9,2245.790,320.61,2.96,53,113,566
04/19/2017 20:18:37,108,10.8,2242.980,320.14,2.96,52,109,566
04/19/2017 20:18:47,113,10.8,2240.320,320.52,2.96,52,110,566
04/19/2017 20:18:57,110,10.8,2237.630,319.90,2.96,52,110,566
04/19/2017 20:19:07,110,10.8,2234.780,319.99,2.96,54,111,566
04/19/2017 20:19:17,111,10.8,2232.110,320.10,2.96,53,109,566
04/19/2017 20:19:27,110,10.9,2229.340,320.10,2.97,52,111,566
04/19/2017 20:19:37,112,10.9,2226.620,320.25,2.97,54,109,566
04/19/2017 20:19:47,108,10.9,2223.930,319.68,2.98,53,111,566
04/19/2017 20:19:57,108,10.8,2221.230,319.95,2.98,53,109,566
04/19/2017 20:20:07,96,10.9,2218.550,319.96,2.99,53,111,566
04/19/2017 20:20:17,106,10.8,2215.760,320.45,2.99,53,111,566
04/19/2017 20:20:27,104,10.9,2212.980,320.84,2.99,53,117,566
04/19/2017 20:20:37,103,10.9,2210.350,320.26,2.99,53,110,566
04/19/2017 20:20:47,110,10.9,2207.650,320.58,2.99,54,110,566
04/19/2017 20:20:57,104,10.9,2204.780,320.35,2.99,52,109,566
04/19/2017 20:21:07,109,10.8,2202.090,319.60,2.99,53,111,566
04/19/2017 20:21:17,113,10.9,2199.440,320.89,3.00,53,111,566
04/19/2017 20:21:27,113,10.9,2196.670,321.25,3.00,52,110,566
04/19/2017 20:21:37,98,10.9,2193.800,320.35,3.01,52,111,566
04/19/2017 20:21:47,109,10.9,2191.200,320.56,3.00,54,109,566
04/19/2017 20:21:57,102,10.9,2188.390,320.96,3.00,53,111,566
04/19/2017 20:22:07,90,10.9,2185.740,320.36,3.01,54,111,566
04/19/2017 20:22:17,107,10.9,2182.840,320.90,3.01,53,111,566
04/19/2017 20:22:27,92,10.9,2180.170,320.44,3.01,53,110,566
04/19/2017 20:22:37,100,10.9,2177.370,320.83,3.01,52,111,566
04/19/2017 20:22:47,95,10.9,2174.770,320.76,3.02,52,109,566
04/19/2017 20:22:57,106,10.8,2171.970,320.46,3.02,52,111,566
04/19/2017 20:23:07,108,10.8,2169.360,320.42,3.02,53,111,566
04/19/2017 20:23:17,105,10.9,2166.620,319.90,3.02,54,110,566
04/19/2017 20:23:27,119,10.9,2163.950,320.87,3.02,53,111,566
04/19/2017 20:23:37,94,10.9,2161.190,321.30,3.02,54,112,566
04/19/2017 20:23:47,106,10.9,2158.480,320.88,3.02,53,111,566
04/19/2017 20:23:57,117,10.9,2155.730,320.81,3.02,52,110,566
04/19/2017 20:24:07,95,10.9,2152.960,321.27,3.02,53,110,566
04/19/2017 20:24:17,111,10.9,2150.240,320.34,3.02,54,109,566
04/19/2017 20:24:27,117,10.9,2147.470,320.78,3.03,53,110,566
04/19/2017 20:24:37,100,10.9,2144.840,321.40,3.03,53,110,566
04/19/2017 20:24:47,103,10.9,2141.990,320.95,3.03,52,111,566
04/19/2017 20:24:57,114,10.9,2139.250,321.29,3.03,52,111,566
04/19/2017 20:25:07,101,10.9,2136.560,321.27,3.04,53,111,566
04/19/2017 20:25:17,98,10.9,2133.810,321.85,3.04,52,110,566
04/19/2017 20:25:27,102,10.9,2131.160,321.02,3.04,54,111,566
04/19/2017 20:25:37,109,10.9,2128.410,321.25,3.05,53,112,566
04/19/2017 20:25:47,114,10.9,2125.700,321.81,3.05,52,113,566
04/19/2017 20:25:57,105,10.9,2122.960,321.88,3.05,53,113,566
04/19/2017 20:26:07,108,10.9,2120.170,321.35,3.05,52,112,566
04/19/2017 20:26:17,92,10.9,2117.450,322.52,3.06,53,112,566
04/19/2017 20:26:27,98,10.9,2114.810,322.30,3.06,53,111,566
04/19/2017 20:26:37,99,10.9,2112.020,321.71,3.06,51,110,566
04/19/2017 20:26:47,99,10.9,2109.310,321.87,3.07,53,111,566
04/19/2017 20:26:57,98,10.9,2106.630,322.42,3.07,53,112,566
04/19/2017 20:27:07,106,10.9,2103.840,321.64,3.08,52,111,566
04/19/2017 20:27:17,101,10.9,2101.110,321.30,3.08,53,111,566
04/19/2017 20:27:27,99,10.9,2098.460,322.16,3.09,54,114,566
04/19/2017 20:27:37,99,10.9,2095.640,323.02,3.09,53,111,566
04/19/2017 20:27:47,106,10.9,2092.910,322.58,3.09,53,113,566
04/19/2017 20:27:57,103,10.9,2090.290,322.33,3.09,52,113,566
04/19/2017 20:28:07,112,10.9,2087.490,322.50,3.09,54,111,566
04/19/2017 20:28:17,113,10.9,2084.800,321.93,3.09,52,111,566
04/19/2017 20:28:27,101,10.9,2082.190,322.12,3.09,51,110,566
04/19/2017 20:28:37,112,10.9,2079.290,322.21,3.09,52,112,566
04/19/2017 20:28:47,111,10.9,2076.710,322.19,3.10,52,112,566
04/19/2017 20:28:57,120,10.9,2073.930,321.97,3.10,54,111,566
04/19/2017 20:29:07,108,10.9,2071.220,321.49,3.10,52,112,566
04/19/2017 20:29:17,111,10.9,2068.460,322.47,3.10,53,110,566
04/19/2017 20:29:27,116,10.9,2065.690,322.49,3.11,53,111,566
04/19/2017 20:29:37,103,10.9,2062.960,322.35,3.12,52,111,566
04/19/2017 20:29:47,117,10.9,2060.290,321.58,3.13,52,111,566
04/19/2017 20:29:57,119,10.9,2057.690,321.99,3.13,53,110,565
04/19/2017 20:30:07,111,10.9,2054.890,322.90,3.13,54,113,566
04/19/2017 20:30:17,110,10.9,2052.250,322.50,3.14,55,112,566
04/19/2017 20:30:27,103,10.9,2049.500,322.26,3.14,53,112,566
04/19/2017 20:30:37,105,10.9,2046.820,322.11,3.14,53,111,566
04/19/2017 20:30:47,110,10.9,2043.920,322.33,3.15,54,111,566
04/19/2017 20:30:57,116,10.9,2041.400,321.61,3.15,52,111,566
04/19/2017 20:31:07,112,10.9,2038.610,322.23,3.15,52,112,566
04/19/2017 20:31:17,115,10.9,2035.890,321.92,3.16,53,112,566
04/19/2017 20:31:27,101,10.9,2033.200,322.04,3.16,54,113,566
04/19/2017 20:31:37,110,10.8,2030.400,322.38,3.16,53,112,566
04/19/2017 20:31:47,109,10.9,2027.670,321.81,3.16,53,110,566
04/19/2017 20:31:57,104,10.9,2025.010,322.62,3.17,53,111,565
04/19/2017 20:32:07,110,10.9,2022.290,321.93,3.17,52,111,565
04/19/2017 20:32:17,109,10.9,2019.590,321.98,3.17,53,111,566
04/19/2017 20:32:27,99,10.9,2016.910,322.16,3.18,53,112,565
04/19/2017 20:32:37,114,10.9,2014.060,322.05,3.18,54,111,566
04/19/2017 20:32:47,96,10.9,2011.480,320.90,3.19,53,112,566
04/19/2017 20:32:57,92,10.9,2008.690,321.52,3.19,52,113,566
04/19/2017 20:33:07,103,10.9,2006.080,322.04,3.19,53,112,566
04/19/2017 20:33:17,101,10.9,2003.200,321.45,3.19,53,111,566
04/19/2017 20:33:27,102,10.9,2000.600,322.27,3.20,52,112,565
04/19/2017 20:33:37,113,10.9,1997.870,322.09,3.21,54,112,565
04/19/2017 20:33:47,95,10.9,1995.060,322.14,3.21,54,110,565
04/19/2017 20:33:57,104,10.9,1992.340,321.65,3.21,55,113,565
04/19/2017 20:34:07,98,10.9,1989.660,321.95,3.21,52,111,565
04/19/2017 20:34:17,104,10.9,1986.930,322.25,3.21,54,110,566
04/19/2017 20:34:27,103,10.9,1984.220,322.19,3.21,53,111,565
04/19/2017 20:34:37,99,10.9,1981.580,322.16,3.21,52,112,566
04/19/2017 20:34:47,104,10.9,1978.820,322.05,3.21,54,112,565
04/19/2017 20:34:57,73,10.9,1976.170,322.18,3.21,53,111,565
04/19/2017 20:35:07,96,10.9,1973.470,322.81,3.21,52,112,565
04/19/2017 20:35:17,102,10.9,1970.700,322.06,3.21,52,112,565
04/19/2017 20:35:27,111,10.9,1967.950,322.49,3.21,52,112,565
04/19/2017 20:35:37,107,10.9,1965.280,322.46,3.21,53,111,565
04/19/2017 20:35:47,110,10.9,1962.540,322.69,3.21,53,111,566
04/19/2017 20:35:57,97,10.9,1959.890,321.69,3.21,53,112,566
04/19/2017 20:36:07,102,10.9,1957.130,322.29,3.22,52,116,565
04/19/2017 20:36:17,102,10.9,1954.310,322.02,3.22,52,110,565
04/19/2017 20:36:27,95,10.9,1951.750,321.94,3.23,53,111,566
04/19/2017 20:36:37,101,10.9,1949.050,322.09,3.23,54,112,565
04/19/2017 20:36:47,94,10.9,1946.190,322.00,3.23,52,110,565
04/19/2017 20:36:57,106,10.9,1943.510,321.89,3.24,53,111,565
04/19/2017 20:37:07,116,10.9,1940.820,321.98,3.24,53,112,566
04/19/2017 20:37:17,113,10.9,1938.140,321.89,3.25,52,111,565
04/19/2017 20:37:27,110,10.9,1935.500,321.86,3.25,52,110,565
04/19/2017 20:37:37,117,10.9,1932.680,321.80,3.26,54,111,565
04/19/2017 20:37:47,101,10.9,1930.100,321.57,3.26,52,112,565
04/19/2017 20:37:57,98,10.9,1927.410,321.77,3.26,53,111,565
04/19/2017 20:38:07,119,10.9,1924.650,321.56,3.27,52,112,565
04/19/2017 20:38:17,110,10.9,1921.830,321.61,3.27,53,111,565
04/19/2017 20:38:27,113,10.9,1919.270,321.70,3.28,53,111,565
04/19/2017 20:38:37,108,10.9,1916.460,322.49,3.28,53,110,565
04/19/2017 20:38:47,134,10.9,1914.040,322.08,3.28,53,111,565
04/19/2017 20:38:57,108,10.9,1911.320,322.19,3.28,53,110,565
04/19/2017 20:39:07,105,10.9,1908.610,321.57,3.28,52,111,565
04/19/2017 20:39:17,94,10.9,1906.030,321.69,3.28,54,113,565
04/19/2017 20:39:27,106,10.9,1903.220,322.27,3.29,53,111,565
04/19/2017 20:39:37,106,10.9,1900.580,322.17,3.29,54,111,565
04/19/2017 20:39:47,107,10.9,1897.970,322.04,3.29,53,111,565
04/19/2017 20:39:57,115,10.9,1895.200,322.79,3.29,54,113,565
04/19/2017 20:40:07,109,10.9,1892.610,322.74,3.29,52,112,565
04/19/2017 20:40:17,107,10.9,1889.880,322.71,3.30,52,113,565
04/19/2017 20:40:27,73,10.9,1887.200,322.69,3.31,53,111,565
04/19/2017 20:40:37,92,10.9,1884.460,322.46,3.32,53,112,565
04/19/2017 20:40:47,102,10.9,1881.810,321.95,3.32,53,111,565
04/19/2017 20:40:57,90,10.9,1879.100,321.94,3.32,53,111,565
04/19/2017 20:41:07,98,10.9,1876.450,321.77,3.32,53,111,565
04/19/2017 20:41:17,112,10.9,1873.870,323.08,3.33,53,114,565
04/19/2017 20:41:27,114,10.9,1871.090,322.25,3.33,53,116,565
04/19/2017 20:41:37,105,10.9,1868.630,322.74,3.33,53,115,565
04/19/2017 20:41:47,96,10.9,1865.840,322.36,3.33,53,112,565
04/19/2017 20:41:57,124,10.9,1863.280,321.65,3.34,53,114,565
04/19/2017 20:42:07,89,10.9,1860.650,321.62,3.34,53,114,565
04/19/2017 20:42:17,106,10.9,1857.960,322.11,3.34,53,112,565
04/19/2017 20:42:27,89,10.9,1855.420,322.33,3.34,52,111,565
04/19/2017 20:42:37,107,10.9,1852.650,321.98,3.35,53,111,565
04/19/2017 20:42:47,118,10.9,1850.060,322.62,3.35,52,111,565
04/19/2017 20:42:57,105,10.9,1847.220,321.55,3.35,54,111,565
04/19/2017 20:43:07,113,10.9,1844.620,321.68,3.35,53,113,565
04/19/2017 20:43:17,100,10.9,1841.960,322.34,3.35,53,112,565
04/19/2017 20:43:27,98,10.9,1839.330,321.78,3.35,52,111,565
04/19/2017 20:43:37,95,10.9,1836.480,322.27,3.36,53,110,565
04/19/2017 20:43:47,106,10.9,1833.810,322.45,3.36,53,116,565
04/19/2017 20:43:57,109,10.9,1831.300,322.02,3.36,54,110,565
04/19/2017 20:44:07,100,10.9,1828.480,322.14,3.37,52,112,565
04/19/2017 20:44:17,118,10.9,1825.850,321.83,3.37,52,112,565
04/19/2017 20:44:27,104,10.9,1823.280,322.21,3.37,52,110,565
04/19/2017 20:44:37,100,10.9,1820.420,322.15,3.37,53,111,565
04/19/2017 20:44:47,80,10.9,1817.780,322.51,3.37,54,113,565
04/19/2017 20:44:57,116,10.9,1815.140,321.81,3.37,53,113,565
04/19/2017 20:45:07,122,10.9,1812.500,321.84,3.37,54,112,565
04/19/2017 20:45:17,108,10.9,1809.900,322.67,3.38,54,113,565
04/19/2017 20:45:27,100,10.9,1807.160,322.21,3.38,53,112,565
04/19/2017 20:45:37,106,10.9,1804.490,322.59,3.38,53,113,565
04/19/2017 20:45:47,108,10.9,1801.690,322.55,3.38,53,112,565
04/19/2017 20:45:57,84,10.9,1799.070,321.88,3.39,53,112,565
04/19/2017 20:46:07,126,10.9,1796.460,322.15,3.39,51,113,565
04/19/2017 20:46:17,94,10.9,1793.870,322.71,3.40,53,111,565
04/19/2017 20:46:27,120,10.9,1791.350,322.72,3.40,53,114,565
04/19/2017 20:46:37,108,10.9,1788.590,322.70,3.40,53,111,565
04/19/2017 20:46:47,115,10.9,1786.090,322.77,3.40,52,112,565
04/19/2017 20:46:57,127,10.9,1783.400,322.36,3.41,53,114,565
04/19/2017 20:47:07,102,10.9,1780.860,322.93,3.41,53,112,565
04/19/2017 20:47:17,107,10.9,1778.070,323.88,3.41,54,112,565
04/19/2017 20:47:27,82,10.9,1775.490,322.90,3.42,53,114,565
04/19/2017 20:47:37,86,10.9,1772.730,322.11,3.42,53,112,565
04/19/2017 20:47:47,113,10.9,1770.220,323.58,3.42,52,112,565
04/19/2017 20:47:57,107,10.9,1767.370,322.60,3.42,53,112,565
04/19/2017 20:48:07,107,10.9,1764.710,322.57,3.42,52,113,565
04/19/2017 20:48:17,112,10.9,1762.090,323.41,3.43,53,112,565
04/19/2017 20:48:27,103,10.9,1759.390,322.49,3.43,52,112,565
04/19/2017 20:48:37,110,10.9,1756.790,322.89,3.44,54,113,565
04/19/2017 20:48:47,129,10.9,1754.190,322.68,3.44,52,111,565
04/19/2017 20:48:57,112,10.9,1751.530,322.98,3.44,52,113,565
04/19/2017 20:49:07,106,10.9,1748.940,322.56,3.44,53,111,565
04/19/2017 20:49:17,79,10.9,1746.340,323.19,3.45,53,112,565
04/19/2017 20:49:27,92,10.9,1743.680,322.80,3.45,53,111,565
04/19/2017 20:49:37,118,10.9,1740.960,323.13,3.45,53,113,565
04/19/2017 20:49:47,107,10.9,1738.320,323.36,3.46,52,112,565
04/19/2017 20:49:57,119,10.9,1735.670,322.67,3.47,54,114,565
04/19/2017 20:50:07,91,10.9,1733.050,322.44,3.47,54,113,565
04/19/2017 20:50:17,100,10.9,1730.370,323.20,3.48,53,113,565
04/19/2017 20:50:27,107,10.9,1727.640,321.86,3.48,52,113,565
04/19/2017 20:50:37,94,10.9,1725.130,322.98,3.49,52,114,565
04/19/2017 20:50:47,100,10.9,1722.320,322.34,3.49,53,113,565
04/19/2017 20:50:57,123,10.9,1719.790,323.02,3.49,54,114,565
04/19/2017 20:51:07,127,10.9,1717.090,323.05,3.49,53,113,565
04/19/2017 20:51:17,124,10.9,1714.480,323.46,3.50,53,112,565
04/19/2017 20:51:27,113,10.9,1711.980,323.20,3.50,52,115,565
04/19/2017 20:51:37,105,10.9,1709.200,322.80,3.50,53,113,565
04/19/2017 20:51:47,91,10.9,1706.630,323.64,3.50,52,114,565
04/19/2017 20:51:57,78,10.9,1703.940,323.68,3.50,52,113,565
04/19/2017 20:52:07,102,10.9,1701.350,323.51,3.50,54,114,565
04/19/2017 20:52:17,109,10.9,1698.710,323.26,3.50,53,114,565
04/19/2017 20:52:27,103,10.9,1696.070,323.16,3.51,53,114,565
04/19/2017 20:52:37,91,10.9,1693.270,323.18,3.51,53,113,565
04/19/2017 20:52:47,101,10.9,1690.580,322.35,3.52,53,114,565
04/19/2017 20:52:57,119,10.9,1687.970,322.66,3.52,52,112,565
04/19/2017 20:53:07,116,10.9,1685.230,322.67,3.52,52,115,565
04/19/2017 20:53:17,138,10.9,1682.610,322.51,3.53,53,112,565
04/19/2017 20:53:27,94,10.9,1679.970,323.32,3.53,53,112,565
04/19/2017 20:53:37,103,10.9,1677.390,322.82,3.54,53,113,565
04/19/2017 20:53:47,126,10.9,1674.520,323.22,3.54,52,115,565
04/19/2017 20:53:57,81,11.0,1671.970,323.09,3.54,53,114,565
04/19/2017 20:54:07,95,10.9,1669.250,323.53,3.54,53,113,565
04/19/2017 20:54:17,129,10.9,1666.650,323.46,3.54,54,114,565
04/19/2017 20:54:27,117,10.9,1664.130,323.46,3.55,53,114,565
04/19/2017 20:54:37,106,10.9,1661.460,323.42,3.55,52,112,565
04/19/2017 20:54:47,96,10.9,1658.770,324.23,3.55,54,113,565
04/19/2017 20:54:57,116,10.9,1656.050,323.51,3.55,54,113,565
04/19/2017 20:55:07,120,10.9,1653.380,323.54,3.55,53,114,565
04/19/2017 20:55:17,123,10.9,1650.880,323.21,3.55,53,113,565
04/19/2017 20:55:27,121,10.9,1648.140,323.45,3.55,52,114,565
04/19/2017 20:55:37,115,10.9,1645.410,323.72,3.55,53,114,565
04/19/2017 20:55:47,113,10.9,1642.930,324.49,3.56,54,113,565
04/19/2017 20:55:57,129,10.9,1640.150,323.82,3.56,53,113,565
04/19/2017 20:56:07,102,10.9,1637.630,323.97,3.56,53,113,565
04/19/2017 20:56:17,110,10.9,1634.860,323.94,3.56,52,113,565
04/19/2017 20:56:27,124,10.9,1632.280,324.62,3.57,53,114,565
04/19/2017 20:56:37,120,10.9,1629.630,324.13,3.57,53,113,565
04/19/2017 20:56:47,123,10.9,1626.840,324.21,3.58,53,112,565
04/19/2017 20:56:57,119,10.9,1624.130,324.65,3.58,53,112,565
04/19/2017 20:57:07,118,10.9,1621.490,324.64,3.58,53,148,565
04/19/2017 20:57:17,118,10.9,1618.870,324.57,3.58,51,113,565
04/19/2017 20:57:27,101,10.9,1616.190,324.85,3.59,52,114,565
04/19/2017 20:57:37,124,10.9,1613.460,324.83,3.59,53,111,565
04/19/2017 20:57:47,100,10.9,1610.820,324.56,3.59,52,113,565
04/19/2017 20:57:57,107,10.9,1608.110,324.67,3.59,54,114,565
04/19/2017 20:58:07,121,10.9,1605.550,324.87,3.59,52,114,565
04/19/2017 20:58:17,139,10.9,1602.810,324.74,3.59,53,112,565
04/19/2017 20:58:27,123,10.9,1600.180,324.40,3.59,54,113,565
04/19/2017 20:58:37,122,10.9,1597.530,324.49,3.60,54,117,565
04/19/2017 20:58:47,123,10.9,1594.760,325.48,3.60,52,114,565
04/19/2017 20:58:57,121,10.9,1592.200,324.98,3.60,52,113,565
04/19/2017 20:59:07,107,10.9,1589.530,325.53,3.60,51,113,565
04/19/2017 20:59:17,97,10.9,1586.880,325.48,3.60,53,115,565
04/19/2017 20:59:27,87,10.9,1584.220,326.82,3.60,54,113,565
04/19/2017 20:59:37,120,10.9,1581.530,326.09,3.60,52,113,565
04/19/2017 20:59:47,119,10.9,1578.880,325.80,3.59,53,112,565
04/19/2017 20:59:57,134,10.9,1576.220,326.24,3.59,54,114,565
04/19/2017 21:00:07,120,10.9,1573.670,326.54,3.59,52,112,565
04/19/2017 21:00:17,98,10.9,1571.020,328.09,3.59,54,111,565
04/19/2017 21:00:27,102,10.9,1568.270,327.47,3.59,52,113,565
04/19/2017 21:00:37,138,10.9,1565.700,328.02,3.59,51,121,565
04/19/2017 21:00:47,123,10.9,1562.970,327.41,3.59,54,113,565
04/19/2017 21:00:57,122,10.9,1560.300,328.50,3.59,53,112,565
04/19/2017 21:01:07,109,10.9,1557.720,327.31,3.59,52,113,565
04/19/2017 21:01:17,112,10.9,1554.940,328.45,3.59,54,112,565
04/19/2017 21:01:27,120,10.9,1552.220,328.84,3.59,52,113,565
04/19/2017 21:01:37,131,10.9,1549.630,328.84,3.58,53,111,565
04/19/2017 21:01:47,111,10.9,1546.980,329.74,3.58,53,112,565
04/19/2017 21:01:57,117,10.9,1544.150,329.61,3.58,53,112,565
04/19/2017 21:02:07,109,10.9,1541.440,330.72,3.58,53,113,565
04/19/2017 21:02:17,124,10.9,1538.760,331.03,3.58,53,114,565
04/19/2017 21:02:27,122,10.9,1536.070,331.52,3.57,54,113,565
04/19/2017 21:02:37,118,10.9,1533.460,331.26,3.57,53,112,565
04/19/2017 21:02:47,118,10.9,1530.780,331.46,3.57,53,112,565
04/19/2017 21:02:57,122,10.9,1528.250,331.36,3.57,51,113,565
04/19/2017 21:03:07,124,10.9,1525.430,332.19,3.56,53,113,565
04/19/2017 21:03:17,126,10.9,1522.810,332.10,3.56,51,113,565
04/19/2017 21:03:27,131,10.9,1520.070,332.41,3.56,52,112,565
04/19/2017 21:03:37,118,10.9,1517.440,333.28,3.56,52,113,565
04/19/2017 21:03:47,127,10.9,1514.720,333.36,3.56,52,114,565
04/19/2017 21:03:57,119,10.9,1512.050,332.66,3.56,53,112,565
04/19/2017 21:04:07,124,10.9,1509.320,333.89,3.55,53,113,565
04/19/2017 21:04:17,124,10.9,1506.570,333.41,3.54,53,111,565
04/19/2017 21:04:27,128,10.9,1503.960,333.22,3.54,53,112,565
04/19/2017 21:04:37,131,10.9,1501.360,334.02,3.53,52,117,565
04/19/2017 21:04:47,131,10.9,1498.610,335.42,3.53,54,113,565
04/19/2017 21:04:57,124,10.9,1496.000,336.10,3.53,52,114,565
04/19/2017 21:05:07,126,10.9,1493.250,335.24,3.53,53,114,565
04/19/2017 21:05:17,134,10.9,1490.510,335.53,3.53,51,113,565
04/19/2017 21:05:27,124,10.9,1487.890,335.93,3.52,53,113,565
04/19/2017 21:05:37,124,10.9,1485.250,336.71,3.51,55,113,565
04/19/2017 21:05:47,122,10.9,1482.580,337.66,3.50,52,113,565
04/19/2017 21:05:57,132,10.9,1479.780,338.68,3.49,52,112,565
04/19/2017 21:06:07,94,10.9,1477.220,339.43,3.48,52,113,565
04/19/2017 21:06:17,138,10.9,1474.530,340.55,3.48,53,113,565
04/19/2017 21:06:27,121,10.9,1471.800,340.72,3.47,52,113,565
04/19/2017 21:06:37,116,10.9,1469.170,340.94,3.47,51,111,565
04/19/2017 21:06:47,115,10.9,1466.480,341.68,3.46,53,112,565
04/19/2017 21:06:57,142,10.9,1463.820,342.07,3.46,53,112,565
04/19/2017 21:07:07,125,10.9,1461.040,342.85,3.46,52,114,565
04/19/2017 21:07:17,133,10.9,1458.320,342.99,3.45,52,113,565
04/19/2017 21:07:27,115,10.9,1455.740,343.20,3.45,53,112,565
04/19/2017 21:07:37,123,10.9,1453.040,343.10,3.45,53,113,565
04/19/2017 21:07:47,116,10.9,1450.330,344.01,3.45,53,111,565
04/19/2017 21:07:57,121,10.9,1447.630,343.55,3.45,52,111,565
04/19/2017 21:08:07,127,10.9,1444.950,344.37,3.44,52,116,565
04/19/2017 21:08:17,125,10.9,1442.190,344.93,3.44,52,112,565
04/19/2017 21:08:27,128,10.9,1439.600,344.86,3.43,53,114,565
04/19/2017 21:08:37,123,10.9,1436.940,345.52,3.42,53,119,565
04/19/2017 21:08:47,128,10.9,1434.380,346.06,3.41,52,114,565
04/19/2017 21:08:57,124,10.9,1431.650,347.09,3.41,52,113,565
04/19/2017 21:09:07,132,10.9,1428.830,348.00,3.40,52,112,565
04/19/2017 21:09:17,132,10.9,1426.160,348.28,3.38,52,114,565
04/19/2017 21:09:27,124,10.9,1423.640,348.91,3.38,52,111,565
04/19/2017 21:09:37,125,10.9,1420.880,350.16,3.37,53,112,565
04/19/2017 21:09:47,120,10.9,1418.190,350.31,3.37,52,112,565
04/19/2017 21:09:57,123,10.9,1415.590,351.20,3.37,54,113,565
04/19/2017 21:10:07,127,10.9,1412.910,351.51,3.37,52,115,565
04/19/2017 21:10:17,128,10.9,1410.200,351.02,3.36,52,113,565
04/19/2017 21:10:27,136,10.9,1407.430,351.80,3.36,52,113,565
04/19/2017 21:10:37,125,10.9,1404.880,350.62,3.36,53,115,565
04/19/2017 21:10:47,105,10.9,1402.120,351.63,3.36,52,113,565
04/19/2017 21:10:57,124,10.9,1399.540,352.16,3.36,53,111,565
04/19/2017 21:11:07,133,10.9,1396.870,352.74,3.36,51,113,565
04/19/2017 21:11:17,117,10.9,1394.130,352.72,3.36,53,114,565
04/19/2017 21:11:27,120,10.9,1391.390,351.55,3.36,52,112,565
04/19/2017 21:11:37,114,10.9,1388.810,352.72,3.36,52,113,565
04/19/2017 21:11:47,128,10.9,1386.220,352.88,3.35,53,113,565
04/19/2017 21:11:57,125,10.9,1383.470,353.09,3.35,52,113,565
04/19/2017 21:12:07,139,10.9,1380.700,353.15,3.35,53,112,565
04/19/2017 21:12:17,120,10.9,1378.160,352.64,3.35,51,112,565
04/19/2017 21:12:27,132,10.9,1375.430,352.68,3.35,53,112,565
04/19/2017 21:12:37,122,10.9,1372.740,352.60,3.35,52,113,565
04/19/2017 21:12:47,123,10.9,1370.080,352.47,3.35,51,112,565
04/19/2017 21:12:57,126,10.9,1367.460,353.66,3.35,51,113,565
04/19/2017 21:13:07,132,10.9,1364.740,353.40,3.35,51,115,565
04/19/2017 21:13:17,119,10.9,1362.030,353.53,3.35,52,112,565
04/19/2017 21:13:27,135,10.9,1359.420,352.69,3.35,52,114,565
04/19/2017 21:13:37,121,10.9,1356.770,352.70,3.35,52,113,565
04/19/2017 21:13:47,131,10.9,1353.990,354.10,3.35,53,112,565
04/19/2017 21:13:57,127,10.9,1351.490,354.13,3.35,53,116,565
04/19/2017 21:14:07,135,10.9,1348.660,354.11,3.35,53,113,565
04/19/2017 21:14:17,138,10.9,1346.050,353.16,3.35,51,114,565
04/19/2017 21:14:27,134,10.9,1343.450,353.78,3.35,52,113,565
04/19/2017 21:14:37,117,10.9,1340.730,353.78,3.35,52,114,565
04/19/2017 21:14:47,130,10.9,1338.080,354.14,3.35,51,111,565
04/19/2017 21:14:57,131,10.9,1335.410,352.48,3.36,53,114,565
04/19/2017 21:15:07,123,10.9,1332.660,353.67,3.36,52,111,565
04/19/2017 21:15:17,122,10.9,1330.000,354.28,3.36,52,112,565
04/19/2017 21:15:27,135,10.9,1327.370,353.72,3.36,52,114,565
04/19/2017 21:15:37,133,10.9,1324.630,353.80,3.36,52,113,565
04/19/2017 21:15:47,127,10.9,1322.050,353.21,3.36,52,116,565
04/19/2017 21:15:57,133,10.9,1319.320,354.37,3.36,53,112,565
04/19/2017 21:16:07,137,10.9,1316.660,354.11,3.36,52,113,565
04/19/2017 21:16:17,124,10.9,1314.010,354.21,3.36,52,112,565
04/19/2017 21:16:27,125,10.9,1311.450,354.79,3.36,51,114,565
04/19/2017 21:16:37,122,10.9,1308.680,354.34,3.36,52,113,565
04/19/2017 21:16:47,128,10.9,1306.010,353.64,3.37,53,112,565
04/19/2017 21:16:57,128,10.9,1303.430,354.13,3.37,51,114,565
04/19/2017 21:17:07,107,10.9,1300.730,354.44,3.37,54,113,565
04/19/2017 21:17:17,144,10.9,1298.070,354.14,3.37,52,114,565
04/19/2017 21:17:27,136,10.9,1295.350,353.91,3.37,52,113,565
04/19/2017 21:17:37,117,10.9,1292.700,353.32,3.37,52,113,565
04/19/2017 21:17:47,129,10.9,1290.040,354.23,3.37,51,114,565
04/19/2017 21:17:57,137,10.9,1287.470,354.34,3.37,52,114,565
04/19/2017 21:18:07,121,10.9,1284.780,353.99,3.37,52,114,565
04/19/2017 21:18:17,144,10.9,1282.150,354.25,3.37,52,113,565
04/19/2017 21:18:27,134,10.9,1279.300,354.27,3.37,51,112,565
04/19/2017 21:18:37,126,10.9,1276.660,354.12,3.37,52,114,565
04/19/2017 21:18:47,119,10.9,1274.160,353.50,3.37,51,114,565
04/19/2017 21:18:57,126,10.9,1271.330,354.37,3.37,53,114,565
04/19/2017 21:19:07,139,10.9,1268.670,354.56,3.37,53,112,565
04/19/2017 21:19:17,134,10.9,1265.980,354.21,3.37,52,113,565
04/19/2017 21:19:27,126,10.9,1263.390,354.44,3.38,53,114,565
04/19/2017 21:19:37,132,10.9,1260.830,354.11,3.38,52,115,565
04/19/2017 21:19:47,121,10.9,1258.080,354.70,3.38,52,115,565
04/19/2017 21:19:57,138,10.9,1255.420,354.06,3.38,53,114,565
04/19/2017 21:20:07,105,10.9,1252.780,355.15,3.38,53,113,565
04/19/2017 21:20:17,126,10.9,1250.170,354.87,3.38,53,112,565
04/19/2017 21:20:27,123,10.9,1247.350,354.82,3.39,52,114,565
04/19/2017 21:20:37,123,10.9,1244.670,354.77,3.39,53,114,565
04/19/2017 21:20:47,121,10.9,1242.010,354.51,3.39,53,115,565
04/19/2017 21:20:57,140,10.9,1239.360,354.85,3.39,51,114,565
04/19/2017 21:21:07,119,10.9,1236.670,354.82,3.39,52,114,565
04/19/2017 21:21:17,137,10.9,1234.120,354.19,3.39,51,115,565
04/19/2017 21:21:27,132,10.9,1231.320,355.43,3.39,53,114,565
04/19/2017 21:21:37,115,10.9,1228.760,355.49,3.39,52,115,565
04/19/2017 21:21:47,140,10.9,1226.140,355.76,3.39,52,113,565
04/19/2017 21:21:57,129,10.9,1223.390,354.45,3.39,51,114,565
04/19/2017 21:22:07,129,10.9,1220.650,355.88,3.39,52,114,565
04/19/2017 21:22:17,137,10.9,1218.140,354.99,3.39,53,114,565
04/19/2017 21:22:27,132,10.9,1215.430,355.79,3.39,53,113,565
04/19/2017 21:22:37,129,10.9,1212.690,355.68,3.39,52,115,565
04/19/2017 21:22:47,137,10.9,1210.200,355.43,3.39,51,115,565
04/19/2017 21:22:57,145,10.9,1207.360,356.10,3.39,51,114,565
04/19/2017 21:23:07,137,10.9,1204.810,355.27,3.39,52,115,565
04/19/2017 21:23:17,122,10.9,1202.090,355.94,3.39,52,115,565
04/19/2017 21:23:27,136,10.9,1199.520,355.76,3.39,53,113,565
04/19/2017 21:23:37,128,10.9,1196.730,355.49,3.39,53,116,565
04/19/2017 21:23:47,129,10.9,1194.110,355.87,3.39,52,113,565
04/19/2017 21:23:57,128,10.9,1191.530,355.38,3.39,53,120,565
04/19/2017 21:24:07,129,10.9,1188.740,354.59,3.39,52,114,565
04/19/2017 21:24:17,134,10.9,1186.190,355.51,3.39,52,114,565
04/19/2017 21:24:27,143,10.9,1183.430,355.56,3.40,53,114,565
04/19/2017 21:24:37,137,10.9,1180.780,356.23,3.40,52,115,565
04/19/2017 21:24:47,131,10.9,1178.160,356.29,3.40,54,114,565
04/19/2017 21:24:57,129,10.9,1175.430,355.79,3.40,52,115,565
04/19/2017 21:25:07,144,10.9,1172.890,356.36,3.40,52,114,565
04/19/2017 21:25:17,129,10.8,1170.300,355.93,3.40,52,114,565
04/19/2017 21:25:27,127,10.9,1167.610,355.92,3.40,52,113,565
04/19/2017 21:25:37,132,10.9,1164.980,356.26,3.40,52,115,565
04/19/2017 21:25:47,138,10.9,1162.460,355.63,3.40,51,115,565
04/19/2017 21:25:57,103,10.9,1159.710,355.44,3.40,51,114,565
04/19/2017 21:26:07,96,10.9,1157.220,355.84,3.41,52,114,565
04/19/2017 21:26:17,138,10.9,1154.620,355.54,3.41,54,114,565
04/19/2017 21:26:27,142,10.9,1151.900,356.40,3.41,52,114,565
04/19/2017 21:26:37,112,10.9,1149.350,355.92,3.41,52,115,565
04/19/2017 21:26:47,131,10.9,1146.650,356.32,3.41,51,135,565
04/19/2017 21:26:57,142,10.9,1144.190,356.60,3.41,52,114,565
04/19/2017 21:27:07,136,10.9,1141.440,356.47,3.41,51,115,565
04/19/2017 21:27:17,133,10.9,1138.780,356.79,3.41,52,113,565
04/19/2017 21:27:27,158,10.9,1136.200,356.62,3.41,51,118,565
04/19/2017 21:27:37,121,10.9,1133.680,355.98,3.42,52,114,565
04/19/2017 21:27:47,115,10.9,1130.940,355.80,3.42,52,117,565
04/19/2017 21:27:57,140,10.9,1128.450,355.77,3.42,52,114,565
04/19/2017 21:28:07,145,10.9,1125.650,355.96,3.42,51,114,565
04/19/2017 21:28:17,134,10.9,1123.160,356.10,3.42,53,117,565
04/19/2017 21:28:27,144,10.9,1120.390,356.69,3.42,53,115,565
04/19/2017 21:28:37,141,10.9,1117.800,356.30,3.42,53,113,565
04/19/2017 21:28:47,138,10.9,1115.230,356.45,3.42,53,114,565
04/19/2017 21:28:57,133,10.9,1112.530,356.65,3.42,52,112,565
04/19/2017 21:29:07,138,10.9,1109.930,356.79,3.42,53,126,565
04/19/2017 21:29:17,143,10.9,1107.140,357.09,3.42,52,113,565
04/19/2017 21:29:27,136,10.9,1104.480,356.66,3.42,51,114,565
04/19/2017 21:29:37,131,10.9,1101.910,356.21,3.42,53,114,565
04/19/2017 21:29:47,144,10.9,1099.240,356.99,3.42,53,115,565
04/19/2017 21:29:57,131,10.9,1096.630,356.53,3.42,54,114,565
04/19/2017 21:30:07,142,10.9,1093.910,356.78,3.41,52,115,565
04/19/2017 21:30:17,144,10.9,1091.310,356.68,3.42,52,112,565
04/19/2017 21:30:27,127,10.9,1088.550,356.05,3.42,53,114,565
04/19/2017 21:30:37,142,10.9,1086.020,357.28,3.42,53,113,565
04/19/2017 21:30:47,145,10.9,1083.190,356.81,3.42,51,116,565
04/19/2017 21:30:57,125,10.9,1080.670,356.50,3.42,52,114,565
04/19/2017 21:31:07,137,10.9,1077.880,357.73,3.42,51,114,565
04/19/2017 21:31:17,136,10.9,1075.350,356.59,3.42,52,114,565
04/19/2017 21:31:27,156,10.8,1072.560,357.38,3.42,52,115,565
04/19/2017 21:31:37,138,10.9,1070.050,357.72,3.42,52,114,565
04/19/2017 21:31:47,136,10.9,1067.230,356.91,3.43,52,116,565
04/19/2017 21:31:57,137,10.9,1064.740,357.35,3.43,52,113,565
04/19/2017 21:32:07,128,10.9,1061.990,356.78,3.44,52,113,565
04/19/2017 21:32:17,126,10.9,1059.410,357.20,3.44,52,114,565
04/19/2017 21:32:27,141,10.9,1056.720,357.16,3.45,51,114,565
04/19/2017 21:32:37,143,10.9,1054.100,357.90,3.45,52,115,565
04/19/2017 21:32:47,135,10.9,1051.310,357.58,3.45,53,115,565
04/19/2017 21:32:57,145,10.9,1048.690,357.86,3.46,54,114,565
04/19/2017 21:33:07,130,10.9,1046.040,358.88,3.46,53,116,565
04/19/2017 21:33:17,118,10.9,1043.410,357.59,3.46,54,115,565
04/19/2017 21:33:27,155,10.9,1040.790,357.73,3.46,52,113,565
04/19/2017 21:33:37,131,10.9,1038.100,358.90,3.47,53,115,565
04/19/2017 21:33:47,134,10.9,1035.430,359.40,3.47,53,114,565
04/19/2017 21:33:57,140,10.9,1032.790,358.89,3.48,54,114,565
04/19/2017 21:34:07,145,10.9,1030.130,358.61,3.48,53,114,565
04/19/2017 21:34:17,130,10.9,1027.340,359.23,3.48,53,116,565
04/19/2017 21:34:27,132,10.9,1024.710,358.79,3.49,53,117,565
04/19/2017 21:34:37,133,10.9,1022.050,360.42,3.49,51,116,565
04/19/2017 21:34:47,132,10.9,1019.390,359.32,3.50,54,115,565
04/19/2017 21:34:57,136,10.9,1016.830,360.31,3.51,54,116,565
04/19/2017 21:35:07,131,10.9,1014.130,360.23,3.51,54,116,565
04/19/2017 21:35:17,136,10.9,1011.410,360.31,3.52,53,114,565
04/19/2017 21:35:27,125,10.9,1008.710,359.96,3.52,54,117,565
04/19/2017 21:35:37,135,10.9,1006.160,360.83,3.53,55,117,565
04/19/2017 21:35:47,139,10.9,1003.560,360.30,3.52,53,116,565
04/19/2017 21:35:57,140,10.9,1000.720,360.70,3.53,54,115,565
04/19/2017 21:36:07,129,10.9,998.090,360.96,3.54,55,115,565
04/19/2017 21:36:17,140,10.9,995.540,362.32,3.54,54,117,565
04/19/2017 21:36:27,146,10.9,992.880,362.49,3.55,54,116,565
04/19/2017 21:36:37,128,10.9,990.150,361.71,3.55,56,116,565
04/19/2017 21:36:47,141,10.9,987.580,361.96,3.55,53,117,565
04/19/2017 21:36:57,139,10.9,984.890,362.34,3.55,56,117,565
04/19/2017 21:37:07,131,10.9,982.130,363.20,3.56,53,118,565
04/19/2017 21:37:17,133,10.9,979.450,363.18,3.56,56,117,565
04/19/2017 21:37:27,128,10.9,976.940,363.65,3.56,57,118,565
04/19/2017 21:37:37,135,10.9,974.160,363.64,3.57,55,118,565
04/19/2017 21:37:47,142,10.9,971.460,364.98,3.57,56,118,565
04/19/2017 21:37:57,142,10.9,968.810,365.08,3.57,55,117,565
04/19/2017 21:38:07,147,10.9,966.220,364.79,3.57,56,119,565
04/19/2017 21:38:17,141,10.9,963.630,365.05,3.57,56,118,565
04/19/2017 21:38:27,141,10.9,960.960,364.15,3.58,57,118,565
04/19/2017 21:38:37,133,10.9,958.190,365.79,3.58,57,121,565
04/19/2017 21:38:47,136,10.9,955.690,366.32,3.59,57,119,565
04/19/2017 21:38:57,133,10.9,952.940,366.21,3.59,57,119,565
04/19/2017 21:39:07,152,10.9,950.240,366.32,3.60,57,118,565
04/19/2017 21:39:17,152,10.9,947.660,367.62,3.59,57,119,565
04/19/2017 21:39:27,136,10.9,944.980,367.28,3.59,57,120,565
04/19/2017 21:39:37,143,10.9,942.290,367.29,3.59,57,120,565
04/19/2017 21:39:47,134,10.9,939.610,367.25,3.58,56,117,565
04/19/2017 21:39:57,149,10.9,937.010,367.20,3.58,57,120,565
04/19/2017 21:40:07,149,10.9,934.370,367.30,3.58,58,120,565
04/19/2017 21:40:17,147,10.9,931.700,367.61,3.58,57,121,565
04/19/2017 21:40:27,125,10.9,929.030,367.42,3.58,58,118,565
04/19/2017 21:40:37,154,10.9,926.430,367.56,3.58,56,118,565
04/19/2017 21:40:47,139,10.9,923.720,367.27,3.58,57,122,565
04/19/2017 21:40:57,144,10.9,921.050,367.97,3.58,57,118,565
04/19/2017 21:41:07,147,10.9,918.440,367.79,3.58,57,120,565
04/19/2017 21:41:17,131,10.9,915.880,367.51,3.58,55,119,565
04/19/2017 21:41:27,137,10.9,913.130,368.55,3.58,57,119,565
04/19/2017 21:41:37,138,10.8,910.520,367.20,3.59,56,120,565
04/19/2017 21:41:47,143,10.9,907.760,367.44,3.59,58,124,565
04/19/2017 21:41:57,155,10.8,905.160,367.67,3.59,58,119,565
04/19/2017 21:42:07,140,10.9,902.600,366.93,3.59,57,119,565
04/19/2017 21:42:17,143,10.9,899.960,368.07,3.60,57,123,565
04/19/2017 21:42:27,141,10.9,897.200,367.39,3.60,58,119,565
04/19/2017 21:42:37,152,10.9,894.610,367.96,3.60,58,121,565
04/19/2017 21:42:47,134,10.9,892.000,368.57,3.60,56,120,565
04/19/2017 21:42:57,132,10.9,889.320,368.26,3.60,57,118,565
04/19/2017 21:43:07,122,10.9,886.600,368.22,3.60,58,122,565
04/19/2017 21:43:17,126,10.9,883.890,368.39,3.60,57,125,565
04/19/2017 21:43:27,146,10.9,881.300,368.82,3.59,57,120,565
04/19/2017 21:43:37,146,10.9,878.730,368.68,3.59,57,119,564
04/19/2017 21:43:47,121,10.9,875.990,367.76,3.59,58,118,565
04/19/2017 21:43:57,126,10.9,873.340,367.83,3.59,57,119,565
04/19/2017 21:44:07,136,10.9,870.700,367.68,3.59,56,119,565
04/19/2017 21:44:17,140,10.9,868.070,368.73,3.59,57,121,565
04/19/2017 21:44:27,151,10.9,865.270,368.80,3.59,57,118,565
04/19/2017 21:44:37,149,10.9,862.770,368.70,3.59,57,120,565
04/19/2017 21:44:47,148,10.9,860.100,368.49,3.59,59,118,565
04/19/2017 21:44:57,132,10.9,857.360,368.48,3.59,57,119,565
04/19/2017 21:45:07,121,10.9,854.770,368.01,3.60,57,119,565
04/19/2017 21:45:17,147,10.9,852.170,368.79,3.60,57,119,565
04/19/2017 21:45:27,131,10.9,849.430,368.86,3.60,58,121,565
04/19/2017 21:45:37,144,10.9,846.830,368.96,3.60,56,120,565
04/19/2017 21:45:47,149,10.9,844.180,368.91,3.60,58,120,565
04/19/2017 21:45:57,139,10.9,841.510,369.09,3.60,58,119,565
04/19/2017 21:46:07,145,10.9,838.850,368.83,3.60,59,119,565
04/19/2017 21:46:17,136,10.8,836.210,368.97,3.60,57,126,565
04/19/2017 21:46:27,143,10.9,833.530,369.25,3.60,58,118,565
04/19/2017 21:46:37,145,10.9,830.830,369.43,3.60,58,119,565
04/19/2017 21:46:47,142,10.9,828.180,368.80,3.60,59,121,565
04/19/2017 21:46:57,147,10.9,825.560,370.02,3.60,57,120,565
04/19/2017 21:47:07,138,10.9,823.040,368.76,3.60,59,120,565
04/19/2017 21:47:17,142,10.9,820.240,369.76,3.60,58,122,565
04/19/2017 21:47:27,146,10.9,817.740,368.97,3.60,59,120,565
04/19/2017 21:47:37,147,10.9,815.050,370.65,3.60,59,123,565
04/19/2017 21:47:47,153,10.9,812.340,370.17,3.60,59,119,565
04/19/2017 21:47:57,135,10.9,809.720,369.17,3.60,59,120,564
04/19/2017 21:48:07,150,10.9,807.090,370.27,3.60,60,119,565
04/19/2017 21:48:17,144,10.9,804.430,369.38,3.60,60,120,565
04/19/2017 21:48:27,139,10.9,801.670,371.40,3.60,59,120,564
04/19/2017 21:48:37,141,10.9,799.020,370.31,3.60,59,121,564
04/19/2017 21:48:47,138,10.9,796.460,370.19,3.61,60,121,565
04/19/2017 21:48:57,142,10.8,793.850,370.37,3.61,59,120,564
04/19/2017 21:49:07,156,10.9,791.110,370.38,3.61,60,121,564
04/19/2017 21:49:17,140,10.9,788.380,371.05,3.61,60,119,565
04/19/2017 21:49:27,146,10.9,785.890,371.76,3.61,62,125,565
04/19/2017 21:49:37,152,10.9,783.120,371.00,3.61,60,119,565
04/19/2017 21:49:47,141,10.9,780.520,371.66,3.61,61,120,565
04/19/2017 21:49:57,145,10.9,777.940,370.75,3.61,61,119,565
04/19/2017 21:50:07,159,10.9,775.180,370.76,3.61,60,119,565
04/19/2017 21:50:17,149,10.9,772.620,371.25,3.61,61,125,564
04/19/2017 21:50:27,164,10.9,769.940,371.44,3.61,59,121,565
04/19/2017 21:50:37,142,10.9,767.350,371.81,3.61,60,123,565
04/19/2017 21:50:47,148,10.9,764.570,370.89,3.61,60,121,565
04/19/2017 21:50:57,159,10.9,762.050,371.78,3.61,61,120,565
04/19/2017 21:51:07,142,10.9,759.450,371.50,3.61,60,119,565
04/19/2017 21:51:17,148,10.9,756.740,371.69,3.61,61,123,565
04/19/2017 21:51:27,147,10.9,754.090,372.01,3.61,60,123,565
04/19/2017 21:51:37,148,10.9,751.420,371.59,3.60,60,141,564
04/19/2017 21:51:47,155,10.9,748.760,371.72,3.60,61,121,565
04/19/2017 21:51:57,143,10.9,746.070,371.95,3.60,61,120,565
04/19/2017 21:52:07,151,10.8,743.460,371.90,3.60,60,121,565
04/19/2017 21:52:17,147,10.8,740.750,371.39,3.60,60,121,565
04/19/2017 21:52:27,153,10.9,738.160,372.50,3.60,58,120,565
04/19/2017 21:52:37,151,10.9,735.520,372.38,3.60,60,120,565
04/19/2017 21:52:47,156,10.9,732.900,371.48,3.60,60,122,565
04/19/2017 21:52:57,146,10.9,730.290,371.71,3.61,61,122,565
04/19/2017 21:53:07,149,10.9,727.600,372.05,3.61,60,120,565
04/19/2017 21:53:17,152,10.9,724.810,371.40,3.61,62,122,564
04/19/2017 21:53:27,146,10.9,722.310,372.35,3.61,61,121,565
04/19/2017 21:53:37,156,10.9,719.580,372.79,3.61,60,120,565
04/19/2017 21:53:47,143,10.9,716.910,372.48,3.61,59,120,565
04/19/2017 21:53:57,154,10.9,714.350,372.37,3.61,60,121,565
04/19/2017 21:54:07,154,10.9,711.680,373.13,3.61,61,121,564
04/19/2017 21:54:17,146,10.9,709.030,372.15,3.61,62,121,565
04/19/2017 21:54:27,142,10.9,706.410,372.52,3.61,60,121,565
04/19/2017 21:54:37,156,10.9,703.680,372.76,3.61,62,123,565
04/19/2017 21:54:47,160,10.9,701.140,372.13,3.61,61,120,565
04/19/2017 21:54:57,146,10.9,698.450,373.28,3.61,60,136,564
04/19/2017 21:55:07,149,10.9,695.830,372.45,3.61,61,121,565
04/19/2017 21:55:17,149,10.9,693.130,372.98,3.61,61,121,565
04/19/2017 21:55:27,141,10.9,690.510,373.90,3.61,61,122,565
04/19/2017 21:55:37,141,10.9,687.830,372.61,3.61,59,124,565
04/19/2017 21:55:47,144,10.9,685.210,372.73,3.61,61,121,565
04/19/2017 21:55:57,149,10.9,682.450,372.86,3.61,62,121,565
04/19/2017 21:56:07,162,10.9,679.870,372.64,3.61,61,121,565
04/19/2017 21:56:17,139,10.9,677.200,372.95,3.61,62,121,565
04/19/2017 21:56:27,139,10.8,674.640,373.20,3.61,61,122,565
04/19/2017 21:56:37,147,10.9,671.860,372.89,3.60,60,122,564
04/19/2017 21:56:47,151,10.9,669.350,372.83,3.60,62,121,565
04/19/2017 21:56:57,145,10.9,666.550,373.01,3.60,61,122,564
04/19/2017 21:57:07,149,10.9,663.920,372.62,3.60,61,121,564
04/19/2017 21:57:17,147,10.9,661.300,373.77,3.60,61,120,565
04/19/2017 21:57:27,150,10.9,658.730,373.35,3.60,62,122,565
04/19/2017 21:57:37,134,10.9,656.090,374.01,3.60,60,121,565
04/19/2017 21:57:47,144,10.9,653.350,373.38,3.60,60,122,564
04/19/2017 21:57:57,152,10.9,650.800,372.39,3.60,61,121,565
04/19/2017 21:58:07,136,10.9,648.130,373.42,3.60,60,120,565
04/19/2017 21:58:17,144,10.9,645.440,373.35,3.60,61,120,564
04/19/2017 21:58:27,135,10.9,642.770,373.25,3.60,62,122,565
04/19/2017 21:58:37,123,10.9,640.190,373.02,3.60,61,121,565
04/19/2017 21:58:47,141,10.9,637.470,374.10,3.60,62,121,565
04/19/2017 21:58:57,138,10.9,634.970,373.78,3.60,60,121,565
04/19/2017 21:59:07,147,10.9,632.190,372.78,3.60,59,121,564
04/19/2017 21:59:17,150,10.9,629.510,372.33,3.60,60,123,565
04/19/2017 21:59:27,152,10.8,626.890,373.74,3.60,60,121,565
04/19/2017 21:59:37,157,10.8,624.310,372.65,3.60,61,122,565
04/19/2017 21:59:47,159,10.9,621.720,374.26,3.60,58,120,565
04/19/2017 21:59:57,151,10.9,618.950,373.90,3.60,61,121,565
04/19/2017 22:00:07,150,10.9,616.290,372.98,3.60,60,122,565
04/19/2017 22:00:17,142,10.9,613.680,373.06,3.60,59,128,565
04/19/2017 22:00:27,161,10.9,611.050,373.32,3.60,61,122,565
04/19/2017 22:00:37,160,10.9,608.480,373.29,3.60,59,130,565
04/19/2017 22:00:47,163,10.9,605.800,373.81,3.60,61,120,564
04/19/2017 22:00:57,161,10.9,603.050,373.12,3.60,60,120,564
04/19/2017 22:01:07,156,10.8,600.500,373.37,3.60,59,123,565
04/19/2017 22:01:17,142,10.9,597.960,373.50,3.60,61,121,565
04/19/2017 22:01:27,146,10.8,595.190,372.87,3.60,59,121,565
04/19/2017 22:01:37,156,10.9,592.510,373.99,3.60,59,121,565
04/19/2017 22:01:47,135,10.9,589.930,373.74,3.60,61,121,564
04/19/2017 22:01:57,153,10.9,587.350,373.57,3.60,59,126,565
04/19/2017 22:02:07,147,10.9,584.580,373.42,3.60,59,123,565
04/19/2017 22:02:17,145,10.9,582.070,372.73,3.60,60,120,565
04/19/2017 22:02:27,151,10.9,579.430,373.78,3.60,61,121,565
04/19/2017 22:02:37,163,10.9,576.720,373.95,3.60,61,122,565
04/19/2017 22:02:47,162,10.9,574.020,373.84,3.60,61,124,564
04/19/2017 22:02:57,144,10.9,571.470,372.86,3.60,61,121,565
04/19/2017 22:03:07,144,10.9,568.740,374.13,3.60,61,122,565
04/19/2017 22:03:17,140,10.9,566.090,373.84,3.60,61,122,565
04/19/2017 22:03:27,156,10.9,563.570,373.63,3.60,60,123,565
04/19/2017 22:03:37,148,10.9,560.830,373.14,3.60,63,122,565
04/19/2017 22:03:47,147,10.9,558.200,374.33,3.60,60,123,565
04/19/2017 22:03:57,139,10.9,555.560,372.86,3.60,60,121,564
04/19/2017 22:04:07,144,10.9,553.000,373.88,3.60,61,122,564
04/19/2017 22:04:17,140,10.9,550.240,373.89,3.60,59,125,564
04/19/2017 22:04:27,154,10.9,547.750,373.93,3.60,61,122,565
04/19/2017 22:04:37,153,10.9,545.050,373.46,3.60,62,121,565
04/19/2017 22:04:47,150,10.9,542.450,373.51,3.60,61,120,565
04/19/2017 22:04:57,130,10.9,539.740,373.94,3.60,61,120,565
04/19/2017 22:05:07,144,10.9,537.000,373.88,3.60,61,124,564
04/19/2017 22:05:17,143,10.9,534.470,374.60,3.60,60,121,565
04/19/2017 22:05:27,146,10.9,531.830,373.60,3.60,60,120,564
04/19/2017 22:05:37,130,10.9,529.140,373.66,3.60,61,122,564
04/19/2017 22:05:47,151,10.8,526.590,373.84,3.60,59,122,565
04/19/2017 22:05:57,128,10.9,523.980,374.44,3.60,60,119,565
04/19/2017 22:06:07,150,10.9,521.240,373.22,3.60,60,120,565
04/19/2017 22:06:17,141,10.9,518.730,373.86,3.60,60,120,565
04/19/2017 22:06:27,134,10.9,516.080,373.36,3.60,60,122,564
04/19/2017 22:06:37,150,10.9,513.390,374.09,3.61,60,121,564
04/19/2017 22:06:47,135,10.9,510.650,372.79,3.61,58,119,565
04/19/2017 22:06:57,148,10.9,507.970,373.72,3.61,60,124,565
04/19/2017 22:07:07,163,10.8,505.350,373.36,3.61,59,124,565
04/19/2017 22:07:17,154,10.9,502.830,374.35,3.61,59,120,565
04/19/2017 22:07:27,137,10.9,500.070,374.21,3.61,60,121,565
04/19/2017 22:07:37,146,10.9,497.550,373.39,3.61,59,121,565
04/19/2017 22:07:47,148,10.9,494.820,373.29,3.61,59,120,564
04/19/2017 22:07:57,163,10.9,492.130,373.94,3.61,60,121,565
04/19/2017 22:08:07,154,10.9,489.580,374.08,3.61,60,119,565
04/19/2017 22:08:17,148,10.9,486.990,372.65,3.62,60,121,564
04/19/2017 22:08:27,164,10.9,484.320,373.59,3.62,60,125,565
04/19/2017 22:08:37,155,10.8,481.560,374.52,3.62,59,122,565
04/19/2017 22:08:47,150,10.8,479.020,373.75,3.63,60,122,565
04/19/2017 22:08:57,153,10.9,476.300,373.77,3.63,60,121,565
04/19/2017 22:09:07,150,10.8,473.670,375.03,3.63,60,121,565
04/19/2017 22:09:17,160,10.9,471.080,374.61,3.63,60,122,565
04/19/2017 22:09:27,144,10.9,468.440,373.45,3.63,60,122,565
04/19/2017 22:09:37,162,10.8,465.850,373.90,3.63,61,121,564
04/19/2017 22:09:47,154,10.8,463.210,374.05,3.63,60,125,565
04/19/2017 22:09:57,158,10.9,460.520,373.67,3.63,60,126,565
04/19/2017 22:10:07,158,10.9,457.900,373.78,3.63,60,123,565
04/19/2017 22:10:17,163,10.9,455.270,373.44,3.63,61,119,565
04/19/2017 22:10:27,146,10.8,452.600,374.40,3.64,62,122,565
04/19/2017 22:10:37,149,10.8,449.930,374.66,3.64,61,122,565
04/19/2017 22:10:47,148,10.9,447.230,374.54,3.64,60,133,564
04/19/2017 22:10:57,135,10.9,444.700,374.56,3.64,61,121,564
04/19/2017 22:11:07,141,10.9,441.930,374.54,3.64,61,122,565
04/19/2017 22:11:17,140,10.9,439.320,373.85,3.64,60,126,564
04/19/2017 22:11:27,142,10.9,436.770,374.51,3.64,60,124,565
04/19/2017 22:11:37,151,10.9,434.060,374.29,3.65,61,122,565
04/19/2017 22:11:47,150,10.9,431.390,374.75,3.65,61,128,564
04/19/2017 22:11:57,147,10.9,428.790,375.23,3.65,61,122,565
04/19/2017 22:12:07,143,10.9,426.220,374.69,3.65,63,121,564
04/19/2017 22:12:17,140,10.9,423.520,374.92,3.65,62,124,565
04/19/2017 22:12:27,158,10.9,420.780,374.66,3.65,62,123,564
04/19/2017 22:12:37,149,10.8,418.100,374.64,3.65,61,122,564
04/19/2017 22:12:47,149,10.9,415.540,375.76,3.65,61,121,565
04/19/2017 22:12:57,147,10.9,413.010,374.92,3.65,62,124,564
04/19/2017 22:13:07,159,10.9,410.340,374.82,3.66,63,127,565
04/19/2017 22:13:17,159,10.9,407.710,374.29,3.66,64,123,564
04/19/2017 22:13:27,138,10.9,405.070,375.25,3.67,65,124,565
04/19/2017 22:13:37,142,10.9,402.340,376.06,3.67,64,122,564
04/19/2017 22:13:47,161,10.9,399.780,375.99,3.67,64,122,565
04/19/2017 22:13:57,164,10.8,397.160,374.93,3.67,64,123,565
04/19/2017 22:14:07,166,10.9,394.420,375.86,3.67,63,123,564
04/19/2017 22:14:17,164,10.9,391.860,375.79,3.67,63,127,565
04/19/2017 22:14:27,154,10.9,389.170,375.73,3.68,63,127,565
04/19/2017 22:14:37,147,10.9,386.640,375.36,3.68,64,123,564
04/19/2017 22:14:47,163,10.9,384.030,375.42,3.67,63,124,565
04/19/2017 22:14:57,143,10.9,381.310,376.22,3.67,64,124,565
04/19/2017 22:15:07,153,10.9,378.600,376.02,3.67,63,123,564
04/19/2017 22:15:17,162,10.9,375.950,376.75,3.67,64,215,565
04/19/2017 22:15:27,140,10.9,373.300,376.60,3.67,63,126,565
04/19/2017 22:15:37,154,10.9,370.730,376.40,3.67,65,129,565
04/19/2017 22:15:47,147,10.9,368.160,377.18,3.67,65,125,564
04/19/2017 22:15:57,148,10.9,365.490,376.18,3.67,64,122,565
04/19/2017 22:16:07,147,10.9,362.910,375.71,3.67,64,127,565
04/19/2017 22:16:17,141,10.9,360.180,376.14,3.68,62,129,565
04/19/2017 22:16:27,148,10.9,357.630,374.40,3.72,61,121,564
04/19/2017 22:16:37,151,10.9,355.000,372.30,3.72,61,122,564
04/19/2017 22:16:47,154,10.9,352.390,370.94,3.73,60,122,564
04/19/2017 22:16:57,142,10.9,349.590,370.82,3.74,60,118,565
04/19/2017 22:17:07,153,10.9,347.060,370.52,3.75,62,121,564
04/19/2017 22:17:17,145,10.9,344.410,370.65,3.77,64,120,564
04/19/2017 22:17:27,134,10.9,341.760,371.07,3.78,63,122,565
04/19/2017 22:17:37,154,10.9,339.080,370.73,3.78,62,120,564
04/19/2017 22:17:47,138,10.9,336.480,370.62,3.78,64,124,565
04/19/2017 22:17:57,145,10.9,333.690,371.31,3.78,63,123,564
04/19/2017 22:18:07,146,10.9,331.070,370.04,3.78,65,121,564
04/19/2017 22:18:17,138,10.9,328.440,370.83,3.78,63,124,564
04/19/2017 22:18:27,139,10.9,325.850,371.60,3.78,65,122,564
04/19/2017 22:18:37,142,10.9,323.160,371.55,3.78,63,124,564
04/19/2017 22:18:47,149,10.9,320.540,371.68,3.78,63,121,564
04/19/2017 22:18:57,130,10.9,317.870,371.73,3.78,64,122,564
04/19/2017 22:19:07,135,10.9,315.300,370.89,3.78,64,122,564
04/19/2017 22:19:17,127,10.9,312.590,371.80,3.78,63,123,564
04/19/2017 22:19:27,149,10.9,310.060,371.30,3.78,63,122,564
04/19/2017 22:19:37,139,10.9,307.380,371.49,3.78,63,125,564
04/19/2017 22:19:47,147,10.9,304.710,372.25,3.78,65,123,564
04/19/2017 22:19:57,148,10.9,302.100,371.43,3.78,66,126,564
04/19/2017 22:20:07,143,10.9,299.480,372.39,3.78,65,123,565
04/19/2017 22:20:17,133,10.9,296.860,371.94,3.78,65,124,564
04/19/2017 22:20:27,151,10.9,294.230,373.54,3.78,64,124,564
04/19/2017 22:20:37,153,10.9,291.550,372.56,3.78,65,124,564
04/19/2017 22:20:47,141,10.9,288.900,373.07,3.78,63,126,564
04/19/2017 22:20:57,151,10.9,286.260,372.67,3.78,66,126,564
04/19/2017 22:21:07,144,10.9,283.550,373.17,3.78,64,122,564
04/19/2017 22:21:17,139,10.9,280.880,372.58,3.78,65,125,564
04/19/2017 22:21:27,159,10.9,278.270,373.46,3.79,66,124,564
04/19/2017 22:21:37,141,10.9,275.680,372.12,3.79,66,124,564
04/19/2017 22:21:47,146,10.9,273.040,373.47,3.81,66,125,564
04/19/2017 22:21:57,157,10.9,270.420,373.84,3.81,68,126,564
04/19/2017 22:22:07,156,10.9,267.730,372.84,3.82,66,123,565
04/19/2017 22:22:17,144,10.9,265.010,373.14,3.83,68,124,564
04/19/2017 22:22:27,157,10.9,262.500,371.91,3.84,70,127,564
04/19/2017 22:22:37,155,10.9,259.850,372.88,3.84,69,125,564
04/19/2017 22:22:47,166,10.8,257.130,372.44,3.84,70,127,564
04/19/2017 22:22:57,149,10.9,254.510,373.41,3.85,72,127,564
04/19/2017 22:23:07,142,10.9,251.880,374.37,3.85,72,133,564
04/19/2017 22:23:17,165,10.9,249.390,373.51,3.86,72,126,564
04/19/2017 22:23:27,165,10.9,246.690,373.82,3.86,72,126,564
04/19/2017 22:23:37,147,10.9,244.030,373.49,3.85,73,127,564
04/19/2017 22:23:47,158,10.9,241.370,373.17,3.86,72,126,564
04/19/2017 22:23:57,158,10.9,238.710,372.89,3.90,79,130,564
04/19/2017 22:24:07,163,10.9,236.120,373.82,3.92,79,127,564
04/19/2017 22:24:17,141,10.9,233.530,374.64,3.92,80,128,564
04/19/2017 22:24:27,154,10.9,230.730,374.36,3.92,80,128,564
04/19/2017 22:24:37,138,10.9,228.230,374.50,3.91,78,127,564
04/19/2017 22:24:47,141,10.9,225.560,373.62,3.92,84,129,564
04/19/2017 22:24:57,145,10.9,222.910,373.98,3.92,84,129,564
04/19/2017 22:25:07,154,10.9,220.210,373.90,3.94,87,131,564
04/19/2017 22:25:17,137,10.9,217.670,375.21,3.94,85,134,564
04/19/2017 22:25:27,148,10.9,215.080,375.28,3.94,87,130,564
04/19/2017 22:25:37,148,10.9,212.350,375.19,3.95,81,128,564
04/19/2017 22:25:47,150,10.9,209.710,375.49,3.94,85,129,564
04/19/2017 22:25:57,150,10.9,207.210,374.93,3.94,86,129,564
04/19/2017 22:26:07,142,10.9,204.530,374.97,3.95,88,130,564
04/19/2017 22:26:17,160,10.9,201.970,374.23,3.96,89,132,564
04/19/2017 22:26:27,155,10.9,199.190,375.40,3.96,88,132,564
04/19/2017 22:26:37,141,10.9,196.660,375.70,3.96,88,132,564
04/19/2017 22:26:47,148,10.9,193.970,375.33,3.96,85,131,564
04/19/2017 22:26:57,139,10.9,191.340,375.52,3.98,86,130,564
04/19/2017 22:27:07,149,10.9,188.680,374.77,3.99,92,131,564
04/19/2017 22:27:17,135,10.9,186.070,374.94,4.02,106,136,564
04/19/2017 22:27:27,142,10.9,183.340,375.14,4.05,106,138,564
04/19/2017 22:27:37,139,10.9,180.820,376.39,4.05,106,136,564
04/19/2017 22:27:47,484,10.7,179.580,376.78,4.05,123,140,564
04/19/2017 22:27:57,439,10.5,179.690,376.61,4.05,131,141,564
04/19/2017 22:28:07,437,10.7,179.550,376.78,4.05,120,138,564
04/19/2017 22:28:17,472,10.6,179.680,376.29,4.05,120,138,564
04/19/2017 22:28:27,406,10.5,179.550,377.36,4.05,118,142,564
04/19/2017 22:28:37,402,10.6,179.550,377.16,4.05,119,140,564
04/19/2017 22:28:47,436,10.6,179.600,376.23,4.05,120,140,564

 Ramp exit:    SMOOTH RUNNING
 Profile exit: TOP PRESSURE

 Vehicle motion stopped at 04/19/2017 22:28:51
 Sensor logging stopped at 04/19/2017 22:30:59
