
 Profile 330

 Sensors were turned on at  04/12/2017 08:00:02
 Vehicle began profiling at 04/12/2017 08:02:05

Date,[mA],[V],[dbar],Oxygen[uM],Optode Temp[C],Chl,NTU,Therm
04/12/2017 08:02:05,0,11.0,0.000,0.00,0.00,70,125,567
04/12/2017 08:02:15,213,10.8,0.000,0.00,0.00,69,126,567
04/12/2017 08:02:25,188,10.8,0.000,0.00,0.00,66,124,567
04/12/2017 08:02:38,199,10.8,182.480,381.16,3.59,67,124,567
04/12/2017 08:02:48,134,10.9,185.310,380.57,3.59,66,123,567
04/12/2017 08:02:58,129,11.0,187.980,380.04,3.59,67,162,567
04/12/2017 08:03:08,131,10.9,190.780,380.39,3.59,66,123,567
04/12/2017 08:03:18,134,10.9,193.370,380.77,3.59,67,124,567
04/12/2017 08:03:28,131,10.9,196.210,380.40,3.59,65,123,566
04/12/2017 08:03:38,128,10.9,198.770,380.08,3.59,65,124,566
04/12/2017 08:03:48,124,10.9,201.630,380.65,3.59,67,123,566
04/12/2017 08:03:58,132,10.9,204.270,380.45,3.59,67,123,566
04/12/2017 08:04:08,134,10.9,207.020,380.43,3.59,65,123,567
04/12/2017 08:04:18,128,10.9,209.700,379.89,3.59,67,123,566
04/12/2017 08:04:28,133,10.9,212.400,379.23,3.59,66,124,566
04/12/2017 08:04:38,135,10.9,214.990,380.40,3.59,66,122,566
04/12/2017 08:04:48,133,10.9,217.710,380.72,3.59,67,124,566
04/12/2017 08:04:58,134,10.9,220.460,380.51,3.59,67,125,566
04/12/2017 08:05:08,133,10.9,223.150,379.92,3.59,67,123,566
04/12/2017 08:05:18,137,10.9,225.740,380.98,3.59,69,124,566
04/12/2017 08:05:28,137,10.9,228.500,381.02,3.59,69,123,566
04/12/2017 08:05:38,134,10.9,231.220,381.40,3.59,72,125,566
04/12/2017 08:05:48,135,10.9,233.890,380.81,3.59,71,132,566
04/12/2017 08:05:58,134,10.9,236.620,380.57,3.59,71,125,566
04/12/2017 08:06:08,132,10.9,239.250,381.64,3.59,71,124,566
04/12/2017 08:06:18,140,10.9,241.900,381.07,3.59,70,123,566
04/12/2017 08:06:28,137,10.9,244.680,380.68,3.59,71,129,566
04/12/2017 08:06:38,131,10.9,247.310,382.64,3.59,71,125,566
04/12/2017 08:06:48,130,10.9,249.980,382.02,3.59,71,124,566
04/12/2017 08:06:58,134,10.9,252.660,381.54,3.59,71,124,566
04/12/2017 08:07:08,131,10.9,255.400,381.52,3.59,72,123,566
04/12/2017 08:07:18,135,10.9,258.030,381.62,3.59,71,125,566
04/12/2017 08:07:28,128,10.9,260.660,381.05,3.59,72,123,566
04/12/2017 08:07:38,138,10.9,263.400,381.73,3.59,71,126,566
04/12/2017 08:07:48,135,10.8,266.170,381.57,3.59,70,123,566
04/12/2017 08:07:58,131,10.8,268.750,381.78,3.59,72,125,565
04/12/2017 08:08:08,139,10.9,271.460,381.44,3.59,72,124,566
04/12/2017 08:08:18,139,10.9,274.070,381.37,3.59,72,124,565
04/12/2017 08:08:28,131,10.8,276.880,381.47,3.59,72,126,565
04/12/2017 08:08:38,137,10.8,279.560,380.19,3.59,71,124,565
04/12/2017 08:08:48,133,10.9,282.230,381.43,3.59,72,123,565
04/12/2017 08:08:58,127,10.9,284.910,381.20,3.59,71,123,565
04/12/2017 08:09:08,141,10.8,287.550,380.78,3.59,72,124,565
04/12/2017 08:09:18,138,10.8,290.180,380.83,3.59,72,125,565
04/12/2017 08:09:28,140,10.8,292.870,380.85,3.59,72,124,565
04/12/2017 08:09:38,137,10.9,295.590,380.23,3.59,72,123,565
04/12/2017 08:09:48,133,10.8,298.340,380.77,3.59,70,127,565
04/12/2017 08:09:58,138,10.9,301.040,381.04,3.59,69,122,565
04/12/2017 08:10:08,139,10.8,303.630,380.54,3.60,71,124,565
04/12/2017 08:10:18,138,10.8,306.250,380.65,3.60,72,123,565
04/12/2017 08:10:28,128,10.9,308.940,380.92,3.60,71,124,565
04/12/2017 08:10:38,133,10.9,311.700,380.64,3.59,71,123,565
04/12/2017 08:10:48,131,10.9,314.350,381.40,3.60,70,124,565
04/12/2017 08:10:58,145,10.8,317.010,380.51,3.60,70,123,565
04/12/2017 08:11:08,139,10.9,319.610,380.35,3.60,71,122,565
04/12/2017 08:11:18,129,10.9,322.290,380.33,3.60,70,123,565
04/12/2017 08:11:28,140,10.8,325.090,380.61,3.60,69,123,565
04/12/2017 08:11:38,144,10.9,327.720,380.88,3.60,71,123,565
04/12/2017 08:11:48,136,10.8,330.470,380.71,3.60,70,123,565
04/12/2017 08:11:58,148,10.8,333.150,380.04,3.60,71,124,565
04/12/2017 08:12:08,137,10.8,335.830,381.06,3.60,69,124,565
04/12/2017 08:12:18,136,10.9,338.540,380.10,3.60,67,123,565
04/12/2017 08:12:28,138,10.9,341.210,380.13,3.60,69,123,565
04/12/2017 08:12:38,132,10.9,343.820,380.70,3.59,68,123,565
04/12/2017 08:12:48,135,10.8,346.410,379.52,3.59,69,124,565
04/12/2017 08:12:58,132,10.9,349.100,378.79,3.59,68,124,565
04/12/2017 08:13:08,142,10.9,351.780,378.75,3.58,67,123,565
04/12/2017 08:13:18,140,10.8,354.520,379.31,3.58,69,126,565
04/12/2017 08:13:28,142,10.9,357.250,378.54,3.58,68,122,565
04/12/2017 08:13:38,135,10.8,359.900,378.89,3.58,66,122,565
04/12/2017 08:13:48,141,10.9,362.510,379.06,3.58,68,123,565
04/12/2017 08:13:58,144,10.9,365.160,378.89,3.58,67,124,565
04/12/2017 08:14:08,136,10.9,367.820,378.92,3.58,67,123,565
04/12/2017 08:14:18,103,10.9,370.560,378.96,3.58,67,124,565
04/12/2017 08:14:28,132,10.9,373.260,379.01,3.58,66,123,565
04/12/2017 08:14:38,142,10.9,375.890,379.46,3.58,68,123,565
04/12/2017 08:14:48,139,10.8,378.520,378.96,3.58,65,123,565
04/12/2017 08:14:58,142,10.8,381.170,378.87,3.58,67,124,565
04/12/2017 08:15:08,145,10.9,383.830,378.24,3.58,66,124,565
04/12/2017 08:15:18,135,10.8,386.630,378.63,3.58,66,123,565
04/12/2017 08:15:28,144,10.8,389.350,378.84,3.58,65,123,565
04/12/2017 08:15:38,148,10.8,391.900,378.21,3.58,66,124,565
04/12/2017 08:15:48,143,10.8,394.640,378.49,3.58,66,124,565
04/12/2017 08:15:58,135,10.9,397.270,378.75,3.58,67,122,565
04/12/2017 08:16:08,151,10.9,399.990,378.57,3.58,66,131,565
04/12/2017 08:16:18,138,10.9,402.600,378.84,3.58,67,122,565
04/12/2017 08:16:28,130,10.9,405.340,378.55,3.58,68,124,565
04/12/2017 08:16:38,140,10.9,407.940,378.27,3.58,66,122,565
04/12/2017 08:16:48,137,10.9,410.600,378.03,3.58,67,121,565
04/12/2017 08:16:58,134,10.9,413.370,377.60,3.58,65,122,565
04/12/2017 08:17:08,138,10.9,415.920,377.17,3.58,66,123,565
04/12/2017 08:17:18,143,10.9,418.580,378.38,3.58,65,121,565
04/12/2017 08:17:28,135,10.9,421.280,378.18,3.58,65,121,565
04/12/2017 08:17:38,144,10.9,424.030,378.96,3.58,65,120,565
04/12/2017 08:17:48,144,10.9,426.690,377.80,3.58,65,122,565
04/12/2017 08:17:58,139,10.9,429.290,377.87,3.58,66,122,565
04/12/2017 08:18:08,145,10.9,431.900,378.03,3.58,64,125,565
04/12/2017 08:18:18,144,10.8,434.600,377.15,3.58,67,123,565
04/12/2017 08:18:28,141,10.9,437.290,377.16,3.58,65,122,565
04/12/2017 08:18:38,152,10.8,439.990,377.35,3.58,64,122,565
04/12/2017 08:18:48,129,10.9,442.690,377.56,3.58,65,122,565
04/12/2017 08:18:58,152,10.8,445.350,377.43,3.58,65,123,565
04/12/2017 08:19:08,141,10.9,447.920,376.74,3.58,66,122,565
04/12/2017 08:19:18,140,10.9,450.600,377.62,3.58,66,123,565
04/12/2017 08:19:28,129,10.9,453.250,377.79,3.58,67,122,565
04/12/2017 08:19:38,140,10.9,455.920,378.02,3.58,67,121,565
04/12/2017 08:19:48,143,10.8,458.590,377.84,3.58,65,121,565
04/12/2017 08:19:58,136,10.9,461.330,376.82,3.58,65,123,565
04/12/2017 08:20:08,143,10.9,463.910,376.42,3.58,65,122,565
04/12/2017 08:20:18,140,10.9,466.710,377.56,3.58,64,123,565
04/12/2017 08:20:28,146,10.9,469.350,376.78,3.58,64,121,565
04/12/2017 08:20:38,143,10.9,472.000,376.02,3.58,65,122,565
04/12/2017 08:20:48,137,10.9,474.560,377.15,3.58,64,122,565
04/12/2017 08:20:58,142,10.9,477.190,377.18,3.58,66,122,565
04/12/2017 08:21:08,139,10.9,479.960,377.21,3.59,64,122,565
04/12/2017 08:21:18,139,10.9,482.560,376.87,3.59,66,122,565
04/12/2017 08:21:28,135,10.9,485.310,376.27,3.59,64,122,565
04/12/2017 08:21:38,141,10.9,487.880,376.76,3.59,65,121,565
04/12/2017 08:21:48,135,10.9,490.550,375.87,3.58,67,122,565
04/12/2017 08:21:58,142,10.9,493.240,377.32,3.57,67,123,565
04/12/2017 08:22:08,136,10.9,495.860,377.06,3.57,68,122,565
04/12/2017 08:22:18,144,10.9,498.530,376.55,3.57,66,124,564
04/12/2017 08:22:28,151,10.9,501.250,377.19,3.57,65,120,565
04/12/2017 08:22:38,142,10.9,503.940,376.92,3.57,67,123,565
04/12/2017 08:22:48,140,10.9,506.550,377.50,3.57,65,121,565
04/12/2017 08:22:58,144,10.9,509.180,376.84,3.57,65,123,565
04/12/2017 08:23:08,146,10.9,511.910,375.90,3.57,66,122,565
04/12/2017 08:23:18,141,10.9,514.480,377.27,3.58,64,124,565
04/12/2017 08:23:28,146,10.9,517.130,376.58,3.58,66,122,565
04/12/2017 08:23:38,141,10.9,519.910,376.13,3.58,66,122,565
04/12/2017 08:23:48,153,10.9,522.420,376.65,3.58,67,122,565
04/12/2017 08:23:58,137,10.9,525.180,377.29,3.58,66,127,565
04/12/2017 08:24:08,142,10.9,527.800,376.53,3.58,66,120,565
04/12/2017 08:24:18,151,10.9,530.560,376.96,3.58,67,124,565
04/12/2017 08:24:28,142,10.9,533.110,376.80,3.58,67,123,565
04/12/2017 08:24:38,145,10.9,535.780,376.62,3.58,67,120,565
04/12/2017 08:24:48,132,10.9,538.530,376.28,3.58,67,120,565
04/12/2017 08:24:58,158,10.9,541.110,376.16,3.58,66,121,565
04/12/2017 08:25:08,145,10.9,543.730,375.98,3.58,66,121,565
04/12/2017 08:25:18,150,10.9,546.590,376.66,3.58,67,123,565
04/12/2017 08:25:28,137,10.9,549.070,376.23,3.58,66,120,565
04/12/2017 08:25:38,145,10.9,551.650,376.17,3.58,65,122,565
04/12/2017 08:25:48,155,10.9,554.330,376.78,3.58,65,122,565
04/12/2017 08:25:58,139,10.9,556.990,376.36,3.58,64,121,565
04/12/2017 08:26:08,150,10.9,559.680,375.52,3.58,65,121,565
04/12/2017 08:26:18,147,10.9,562.420,375.59,3.58,62,122,564
04/12/2017 08:26:28,149,10.8,564.950,374.86,3.58,64,123,565
04/12/2017 08:26:38,135,10.9,567.790,375.81,3.58,64,121,565
04/12/2017 08:26:48,147,10.9,570.430,375.46,3.58,64,121,565
04/12/2017 08:26:58,146,10.9,573.100,374.95,3.58,64,122,565
04/12/2017 08:27:08,139,10.9,575.700,374.67,3.58,66,121,565
04/12/2017 08:27:18,146,10.9,578.260,376.12,3.58,65,123,565
04/12/2017 08:27:28,158,10.8,580.910,376.25,3.58,65,121,565
04/12/2017 08:27:38,146,10.9,583.700,375.12,3.58,67,121,565
04/12/2017 08:27:48,142,10.9,586.360,376.43,3.58,66,121,565
04/12/2017 08:27:58,139,10.9,589.010,375.52,3.58,66,122,565
04/12/2017 08:28:08,141,10.9,591.550,376.42,3.58,65,121,565
04/12/2017 08:28:18,153,10.9,594.360,375.57,3.59,66,123,565
04/12/2017 08:28:28,150,10.9,596.860,375.19,3.58,65,121,565
04/12/2017 08:28:38,149,10.9,599.690,375.37,3.58,65,122,564
04/12/2017 08:28:48,141,10.9,602.240,376.03,3.58,65,121,565
04/12/2017 08:28:58,142,10.9,604.870,375.49,3.58,65,121,565
04/12/2017 08:29:08,145,10.9,607.640,375.16,3.58,67,121,565
04/12/2017 08:29:18,143,10.9,610.250,375.74,3.58,66,121,565
04/12/2017 08:29:28,148,10.8,612.810,375.19,3.58,63,120,565
04/12/2017 08:29:38,147,10.9,615.470,374.74,3.58,64,123,565
04/12/2017 08:29:48,140,10.9,618.270,374.08,3.58,63,120,565
04/12/2017 08:29:58,163,10.9,620.820,374.94,3.58,66,121,564
04/12/2017 08:30:08,150,10.9,623.620,374.34,3.58,62,120,565
04/12/2017 08:30:18,147,10.9,626.110,374.22,3.58,64,122,565
04/12/2017 08:30:28,151,10.9,628.800,374.04,3.58,63,120,565
04/12/2017 08:30:38,136,10.9,631.450,373.88,3.58,63,118,565
04/12/2017 08:30:48,157,10.9,634.120,374.29,3.58,62,120,564
04/12/2017 08:30:58,159,10.9,636.810,374.87,3.58,61,121,565
04/12/2017 08:31:08,155,10.9,639.390,373.18,3.58,63,120,565
04/12/2017 08:31:18,144,10.9,642.050,373.19,3.57,62,119,565
04/12/2017 08:31:28,145,10.9,644.710,373.58,3.57,59,120,565
04/12/2017 08:31:38,143,10.9,647.530,373.68,3.57,60,119,565
04/12/2017 08:31:48,137,10.9,650.050,373.00,3.57,60,120,565
04/12/2017 08:31:58,154,10.9,652.820,372.28,3.56,58,120,565
04/12/2017 08:32:08,158,10.9,655.400,372.52,3.56,60,121,565
04/12/2017 08:32:18,142,10.9,657.940,372.24,3.56,60,118,565
04/12/2017 08:32:28,146,10.9,660.700,372.09,3.56,60,119,564
04/12/2017 08:32:38,142,10.9,663.300,372.34,3.56,60,121,565
04/12/2017 08:32:48,144,10.9,666.080,372.36,3.56,60,122,565
04/12/2017 08:32:58,143,10.9,668.740,371.90,3.56,60,124,565
04/12/2017 08:33:08,146,10.9,671.310,372.03,3.56,61,119,565
04/12/2017 08:33:18,138,10.9,673.970,371.76,3.56,60,119,565
04/12/2017 08:33:28,135,10.9,676.670,371.42,3.56,59,119,565
04/12/2017 08:33:38,142,10.9,679.300,371.49,3.56,59,119,565
04/12/2017 08:33:48,144,10.9,681.940,370.35,3.56,60,118,565
04/12/2017 08:33:58,154,10.9,684.600,371.53,3.56,60,120,565
04/12/2017 08:34:08,135,10.9,687.310,370.83,3.56,60,118,565
04/12/2017 08:34:18,142,10.9,689.870,371.75,3.55,57,118,565
04/12/2017 08:34:28,138,10.9,692.590,370.45,3.54,57,116,565
04/12/2017 08:34:38,146,10.9,695.280,369.73,3.54,56,118,565
04/12/2017 08:34:48,145,10.9,697.840,369.05,3.53,55,117,565
04/12/2017 08:34:58,147,10.9,700.580,368.62,3.53,55,116,565
04/12/2017 08:35:08,137,10.9,703.330,368.62,3.53,54,118,565
04/12/2017 08:35:18,137,10.9,705.880,367.95,3.52,54,116,564
04/12/2017 08:35:28,144,10.9,708.520,366.62,3.52,56,116,564
04/12/2017 08:35:38,153,10.9,711.280,366.90,3.53,58,125,565
04/12/2017 08:35:48,136,10.9,713.880,367.24,3.53,58,116,565
04/12/2017 08:35:58,136,10.9,716.460,368.14,3.53,55,117,565
04/12/2017 08:36:08,143,10.9,719.140,367.86,3.53,57,118,565
04/12/2017 08:36:18,144,10.9,721.880,367.67,3.53,56,116,565
04/12/2017 08:36:28,145,10.9,724.600,368.30,3.53,56,118,565
04/12/2017 08:36:38,137,10.9,727.150,367.78,3.53,59,119,565
04/12/2017 08:36:48,130,10.9,729.920,367.87,3.53,59,117,565
04/12/2017 08:36:58,145,10.9,732.440,369.01,3.53,57,116,565
04/12/2017 08:37:08,135,10.9,735.120,368.90,3.53,58,118,565
04/12/2017 08:37:18,133,10.9,737.800,368.78,3.53,57,118,565
04/12/2017 08:37:28,138,10.9,740.540,368.51,3.53,57,115,565
04/12/2017 08:37:38,143,10.9,743.250,368.15,3.52,56,116,565
04/12/2017 08:37:48,137,10.9,745.920,367.69,3.52,56,114,565
04/12/2017 08:37:58,137,10.9,748.510,367.48,3.52,56,116,565
04/12/2017 08:38:08,136,10.9,751.160,366.94,3.52,57,115,565
04/12/2017 08:38:18,135,10.9,753.870,366.86,3.52,55,116,565
04/12/2017 08:38:28,151,10.8,756.450,366.29,3.51,54,116,565
04/12/2017 08:38:38,135,10.9,759.020,365.88,3.51,57,117,565
04/12/2017 08:38:48,132,10.9,761.710,365.49,3.51,55,118,565
04/12/2017 08:38:58,139,10.9,764.330,366.19,3.51,56,117,565
04/12/2017 08:39:08,144,10.9,767.060,366.10,3.51,56,117,564
04/12/2017 08:39:18,144,10.9,769.690,366.02,3.51,57,116,565
04/12/2017 08:39:28,150,10.9,772.420,366.53,3.50,55,116,565
04/12/2017 08:39:38,145,10.9,775.050,365.96,3.50,56,115,565
04/12/2017 08:39:48,144,10.9,777.700,366.00,3.50,56,116,565
04/12/2017 08:39:58,150,10.9,780.300,365.22,3.49,55,115,565
04/12/2017 08:40:08,151,10.9,782.960,364.72,3.49,54,118,565
04/12/2017 08:40:18,141,10.9,785.600,364.96,3.49,55,116,565
04/12/2017 08:40:28,142,10.9,788.270,364.93,3.48,53,116,565
04/12/2017 08:40:38,151,10.9,790.890,364.99,3.48,54,116,565
04/12/2017 08:40:48,141,10.9,793.580,364.31,3.48,53,118,565
04/12/2017 08:40:58,150,10.9,796.390,363.60,3.47,54,119,565
04/12/2017 08:41:08,125,10.9,798.810,364.37,3.47,54,116,565
04/12/2017 08:41:18,127,10.9,801.610,363.35,3.47,55,115,565
04/12/2017 08:41:28,144,10.9,804.170,362.76,3.46,54,115,565
04/12/2017 08:41:38,151,10.9,806.840,362.51,3.46,54,114,565
04/12/2017 08:41:48,146,10.9,809.560,363.64,3.46,52,115,564
04/12/2017 08:41:58,145,10.9,812.090,362.41,3.46,53,118,565
04/12/2017 08:42:08,137,10.9,814.880,361.84,3.46,54,115,565
04/12/2017 08:42:18,152,10.9,817.410,362.55,3.46,52,116,565
04/12/2017 08:42:28,145,10.9,820.150,362.63,3.46,53,116,565
04/12/2017 08:42:38,150,10.9,822.690,362.45,3.46,54,113,565
04/12/2017 08:42:48,141,10.9,825.400,362.75,3.45,53,114,565
04/12/2017 08:42:58,132,10.9,828.000,362.59,3.45,53,115,565
04/12/2017 08:43:08,146,10.9,830.770,361.62,3.45,52,114,565
04/12/2017 08:43:18,126,10.9,833.360,361.98,3.44,52,114,565
04/12/2017 08:43:28,146,10.9,835.940,362.52,3.44,52,114,565
04/12/2017 08:43:38,143,10.9,838.590,362.20,3.43,53,117,565
04/12/2017 08:43:48,146,10.9,841.240,362.00,3.43,53,119,565
04/12/2017 08:43:58,150,10.8,843.880,361.35,3.43,52,114,565
04/12/2017 08:44:08,138,10.9,846.620,361.93,3.43,53,115,565
04/12/2017 08:44:18,150,10.9,849.180,361.81,3.43,51,115,565
04/12/2017 08:44:28,146,10.9,851.800,360.91,3.43,52,114,565
04/12/2017 08:44:38,145,10.9,854.480,361.15,3.43,52,114,565
04/12/2017 08:44:48,128,10.9,857.160,360.95,3.42,52,113,565
04/12/2017 08:44:58,151,10.9,859.660,360.94,3.42,51,115,565
04/12/2017 08:45:08,145,10.9,862.370,361.17,3.42,53,115,565
04/12/2017 08:45:18,143,10.9,865.080,360.65,3.42,53,116,565
04/12/2017 08:45:28,158,10.9,867.570,360.57,3.42,51,115,565
04/12/2017 08:45:38,148,10.9,870.310,360.29,3.41,50,115,565
04/12/2017 08:45:48,148,10.9,872.980,360.75,3.41,52,116,565
04/12/2017 08:45:58,143,10.9,875.500,361.00,3.41,52,114,565
04/12/2017 08:46:08,157,10.9,878.280,361.28,3.41,52,114,565
04/12/2017 08:46:18,134,10.9,880.860,361.07,3.41,52,115,565
04/12/2017 08:46:28,148,10.9,883.510,360.50,3.41,51,118,565
04/12/2017 08:46:38,151,10.9,886.260,360.62,3.41,52,114,565
04/12/2017 08:46:48,147,10.9,888.800,360.06,3.41,52,116,565
04/12/2017 08:46:58,147,10.9,891.390,361.49,3.41,51,115,565
04/12/2017 08:47:08,154,10.9,894.170,360.96,3.41,54,118,565
04/12/2017 08:47:18,146,10.9,896.710,359.59,3.41,52,114,565
04/12/2017 08:47:28,140,10.9,899.400,361.73,3.40,52,115,565
04/12/2017 08:47:38,137,10.9,902.050,359.85,3.40,51,115,565
04/12/2017 08:47:48,143,10.9,904.630,360.26,3.40,52,114,565
04/12/2017 08:47:58,154,10.9,907.270,360.57,3.40,53,114,565
04/12/2017 08:48:08,149,10.9,909.880,360.17,3.40,53,114,565
04/12/2017 08:48:18,138,10.9,912.620,359.99,3.40,53,114,565
04/12/2017 08:48:28,136,10.9,915.210,360.80,3.39,52,116,565
04/12/2017 08:48:38,144,10.9,917.970,360.41,3.40,51,113,565
04/12/2017 08:48:48,139,10.9,920.480,360.15,3.39,52,118,565
04/12/2017 08:48:58,160,10.9,923.220,360.68,3.39,52,114,565
04/12/2017 08:49:08,137,10.9,925.700,360.37,3.39,52,114,565
04/12/2017 08:49:18,149,10.9,928.320,360.64,3.39,52,114,565
04/12/2017 08:49:28,158,10.9,930.940,361.01,3.39,54,115,565
04/12/2017 08:49:38,144,10.9,933.770,360.38,3.39,52,115,565
04/12/2017 08:49:48,141,10.9,936.300,360.46,3.39,51,115,565
04/12/2017 08:49:58,159,10.9,938.880,360.04,3.39,52,115,565
04/12/2017 08:50:08,153,10.9,941.570,360.32,3.39,50,117,565
04/12/2017 08:50:18,144,10.9,944.270,359.75,3.39,52,114,565
04/12/2017 08:50:28,157,10.9,946.920,360.43,3.39,53,116,565
04/12/2017 08:50:38,146,10.9,949.610,360.39,3.39,52,114,565
04/12/2017 08:50:48,157,10.9,952.190,360.17,3.39,52,113,565
04/12/2017 08:50:58,157,10.9,954.840,359.84,3.39,53,114,565
04/12/2017 08:51:08,138,10.9,957.370,360.54,3.39,53,117,565
04/12/2017 08:51:18,152,10.9,960.040,359.89,3.38,52,111,565
04/12/2017 08:51:28,149,10.9,962.750,360.44,3.38,51,113,565
04/12/2017 08:51:38,147,10.9,965.370,360.36,3.38,52,114,565
04/12/2017 08:51:48,150,10.9,967.990,360.01,3.38,52,115,565
04/12/2017 08:51:58,144,10.9,970.510,359.98,3.38,53,114,565
04/12/2017 08:52:08,150,10.9,973.130,360.16,3.38,52,114,565
04/12/2017 08:52:18,138,10.9,975.880,360.02,3.37,52,113,565
04/12/2017 08:52:28,149,10.9,978.380,360.27,3.37,52,114,565
04/12/2017 08:52:38,149,10.8,981.170,359.07,3.37,53,114,565
04/12/2017 08:52:48,143,10.9,983.730,359.83,3.37,54,114,565
04/12/2017 08:52:58,151,10.9,986.280,359.53,3.37,53,115,565
04/12/2017 08:53:08,143,10.9,988.900,360.19,3.37,51,113,565
04/12/2017 08:53:18,157,10.9,991.690,359.59,3.37,52,116,565
04/12/2017 08:53:28,149,10.9,994.230,359.94,3.37,51,115,565
04/12/2017 08:53:38,138,10.9,996.860,359.56,3.37,53,114,565
04/12/2017 08:53:48,150,10.9,999.520,359.15,3.37,52,114,565
04/12/2017 08:53:58,146,10.9,1002.230,359.56,3.37,53,115,565
04/12/2017 08:54:08,163,10.9,1004.810,359.22,3.37,52,117,565
04/12/2017 08:54:18,132,10.9,1007.490,359.12,3.37,51,115,565
04/12/2017 08:54:28,155,10.9,1009.990,359.46,3.36,52,114,565
04/12/2017 08:54:38,157,10.9,1012.740,359.92,3.36,54,114,565
04/12/2017 08:54:48,145,10.9,1015.400,359.19,3.36,52,117,565
04/12/2017 08:54:58,154,10.9,1017.970,359.24,3.36,52,114,565
04/12/2017 08:55:08,155,10.9,1020.560,360.28,3.35,51,115,565
04/12/2017 08:55:18,163,10.9,1023.180,358.88,3.36,52,114,565
04/12/2017 08:55:28,153,10.9,1025.790,359.33,3.35,52,116,565
04/12/2017 08:55:38,155,10.8,1028.440,359.67,3.35,52,114,565
04/12/2017 08:55:48,160,10.9,1031.080,358.63,3.35,53,115,565
04/12/2017 08:55:58,157,10.9,1033.810,358.67,3.35,52,117,565
04/12/2017 08:56:08,153,10.9,1036.460,360.00,3.35,51,115,565
04/12/2017 08:56:18,149,10.9,1039.090,359.68,3.35,54,114,565
04/12/2017 08:56:28,155,10.9,1041.650,359.72,3.35,53,115,565
04/12/2017 08:56:38,150,10.9,1044.220,359.00,3.35,52,113,565
04/12/2017 08:56:48,154,10.9,1046.860,359.33,3.35,51,116,565
04/12/2017 08:56:58,153,10.9,1049.510,358.48,3.35,53,113,565
04/12/2017 08:57:08,157,10.9,1052.240,359.56,3.35,52,119,565
04/12/2017 08:57:18,159,10.9,1054.790,359.15,3.35,53,115,565
04/12/2017 08:57:28,154,10.9,1057.390,359.18,3.35,53,113,565
04/12/2017 08:57:38,149,10.9,1060.150,359.05,3.35,52,113,565
04/12/2017 08:57:48,143,10.9,1062.730,358.85,3.35,53,113,565
04/12/2017 08:57:58,151,10.9,1065.310,359.24,3.35,53,114,565
04/12/2017 08:58:08,159,10.9,1068.050,359.11,3.34,53,113,565
04/12/2017 08:58:18,153,10.9,1070.590,359.07,3.34,53,113,565
04/12/2017 08:58:28,153,10.9,1073.340,359.21,3.34,53,114,565
04/12/2017 08:58:38,151,10.9,1075.900,358.76,3.34,52,114,565
04/12/2017 08:58:48,153,10.9,1078.480,359.70,3.34,51,114,565
04/12/2017 08:58:58,152,10.9,1081.220,359.02,3.34,52,115,565
04/12/2017 08:59:08,164,10.8,1083.820,358.57,3.34,52,114,565
04/12/2017 08:59:18,157,10.9,1086.480,358.48,3.34,52,113,565
04/12/2017 08:59:28,161,10.9,1089.020,358.78,3.34,51,112,565
04/12/2017 08:59:38,166,10.9,1091.670,359.03,3.34,53,113,565
04/12/2017 08:59:48,153,10.9,1094.310,358.71,3.34,50,112,565
04/12/2017 08:59:58,160,10.9,1096.970,358.72,3.34,52,115,565
04/12/2017 09:00:08,149,10.9,1099.630,359.54,3.34,53,112,565
04/12/2017 09:00:18,156,10.9,1102.140,358.92,3.33,53,113,565
04/12/2017 09:00:28,151,10.9,1104.930,359.08,3.33,51,114,565
04/12/2017 09:00:38,159,10.9,1107.550,358.68,3.33,52,113,565
04/12/2017 09:00:48,162,10.9,1110.040,359.05,3.33,52,113,565
04/12/2017 09:00:58,142,10.9,1112.710,359.91,3.33,53,112,565
04/12/2017 09:01:08,156,10.9,1115.320,359.18,3.33,52,112,565
04/12/2017 09:01:18,168,10.9,1118.060,358.45,3.33,53,112,565
04/12/2017 09:01:28,152,10.9,1120.650,359.79,3.33,52,112,565
04/12/2017 09:01:38,165,10.9,1123.160,358.63,3.33,52,115,565
04/12/2017 09:01:48,161,10.9,1125.860,359.25,3.33,52,113,565
04/12/2017 09:01:58,153,10.9,1128.560,358.41,3.33,52,112,565
04/12/2017 09:02:08,157,10.9,1131.150,358.25,3.33,53,114,565
04/12/2017 09:02:18,160,10.9,1133.770,359.06,3.33,50,113,565
04/12/2017 09:02:28,151,10.9,1136.320,358.43,3.33,53,112,565
04/12/2017 09:02:38,162,10.9,1139.080,358.18,3.33,51,113,565
04/12/2017 09:02:48,156,10.9,1141.670,358.71,3.33,52,112,565
04/12/2017 09:02:58,144,10.9,1144.230,358.68,3.33,52,113,565
04/12/2017 09:03:08,168,10.9,1146.950,359.19,3.33,51,114,565
04/12/2017 09:03:18,145,10.9,1149.630,357.70,3.33,52,112,565
04/12/2017 09:03:28,153,10.9,1152.230,358.27,3.33,53,114,565
04/12/2017 09:03:38,160,10.9,1154.850,357.46,3.33,52,120,565
04/12/2017 09:03:48,152,10.9,1157.480,358.19,3.33,53,113,565
04/12/2017 09:03:58,150,10.9,1160.100,357.99,3.33,54,113,565
04/12/2017 09:04:08,161,10.9,1162.730,357.96,3.33,54,115,565
04/12/2017 09:04:18,149,10.9,1165.280,357.38,3.33,52,115,565
04/12/2017 09:04:28,158,10.9,1167.860,357.74,3.33,52,113,565
04/12/2017 09:04:38,141,10.9,1170.600,357.62,3.33,53,114,565
04/12/2017 09:04:48,145,10.9,1173.200,358.14,3.33,53,116,565
04/12/2017 09:04:58,158,10.9,1175.820,357.86,3.33,52,112,565
04/12/2017 09:05:08,139,10.9,1178.380,357.93,3.33,53,115,565
04/12/2017 09:05:18,164,10.9,1180.990,357.95,3.33,52,113,565
04/12/2017 09:05:28,152,10.9,1183.640,357.44,3.33,52,112,565
04/12/2017 09:05:38,161,10.9,1186.320,357.51,3.33,52,112,565
04/12/2017 09:05:48,161,10.8,1188.970,356.49,3.33,52,112,565
04/12/2017 09:05:58,109,11.0,1191.490,357.32,3.33,52,113,565
04/12/2017 09:06:08,154,10.9,1194.200,358.42,3.33,53,113,565
04/12/2017 09:06:18,143,10.9,1196.700,357.80,3.33,53,113,565
04/12/2017 09:06:28,152,10.9,1199.350,357.14,3.33,51,112,565
04/12/2017 09:06:38,156,10.9,1201.940,357.35,3.33,51,112,565
04/12/2017 09:06:48,147,10.9,1204.570,356.74,3.33,51,113,565
04/12/2017 09:06:58,166,10.9,1207.180,356.69,3.33,53,111,565
04/12/2017 09:07:08,104,10.9,1209.760,357.03,3.33,52,113,565
04/12/2017 09:07:18,153,10.9,1212.320,357.19,3.33,51,113,565
04/12/2017 09:07:28,170,10.9,1214.990,356.63,3.33,52,111,565
04/12/2017 09:07:38,138,10.9,1217.620,356.80,3.34,51,113,565
04/12/2017 09:07:48,172,10.8,1220.200,355.70,3.33,52,113,565
04/12/2017 09:07:58,156,10.9,1222.750,355.92,3.33,51,111,565
04/12/2017 09:08:08,152,10.8,1225.370,357.06,3.33,52,113,565
04/12/2017 09:08:18,161,10.9,1227.980,356.10,3.34,53,114,565
04/12/2017 09:08:28,149,10.9,1230.590,355.64,3.34,52,112,565
04/12/2017 09:08:38,162,10.9,1233.270,355.29,3.34,51,112,565
04/12/2017 09:08:48,156,10.9,1235.800,355.54,3.35,52,114,565
04/12/2017 09:08:58,130,10.9,1238.420,355.32,3.34,54,115,565
04/12/2017 09:09:08,155,10.9,1241.120,355.56,3.34,53,112,565
04/12/2017 09:09:18,170,10.9,1243.770,355.02,3.34,53,111,565
04/12/2017 09:09:28,163,10.8,1246.280,355.21,3.34,52,111,565
04/12/2017 09:09:38,155,10.9,1248.960,355.49,3.34,52,113,565
04/12/2017 09:09:48,171,10.9,1251.500,355.82,3.34,53,113,565
04/12/2017 09:09:58,161,10.9,1254.130,355.49,3.34,51,112,565
04/12/2017 09:10:08,162,10.9,1256.770,355.71,3.34,52,112,565
04/12/2017 09:10:18,155,10.9,1259.490,354.30,3.35,53,113,565
04/12/2017 09:10:28,158,10.9,1262.080,354.99,3.35,54,112,565
04/12/2017 09:10:38,154,10.9,1264.770,354.86,3.35,51,112,565
04/12/2017 09:10:48,154,10.9,1267.420,353.79,3.36,52,113,565
04/12/2017 09:10:58,164,10.9,1269.810,353.35,3.36,52,112,565
04/12/2017 09:11:08,168,10.9,1272.540,352.70,3.36,51,112,565
04/12/2017 09:11:18,154,10.9,1275.200,353.32,3.36,53,111,565
04/12/2017 09:11:28,160,10.9,1277.690,353.05,3.37,54,112,565
04/12/2017 09:11:38,162,10.9,1280.320,352.34,3.37,53,110,565
04/12/2017 09:11:48,156,10.9,1283.040,352.36,3.37,52,112,565
04/12/2017 09:11:58,167,10.9,1285.660,352.36,3.37,50,111,565
04/12/2017 09:12:08,166,10.9,1288.220,351.71,3.38,53,112,565
04/12/2017 09:12:18,169,10.9,1290.780,350.54,3.40,52,113,565
04/12/2017 09:12:28,150,10.9,1293.420,350.01,3.41,53,112,565
04/12/2017 09:12:38,152,10.9,1296.000,349.79,3.41,52,112,565
04/12/2017 09:12:48,155,10.8,1298.740,349.89,3.41,52,111,565
04/12/2017 09:12:58,155,10.9,1301.300,348.47,3.42,51,113,565
04/12/2017 09:13:08,159,10.9,1303.890,348.30,3.42,52,111,565
04/12/2017 09:13:18,159,10.9,1306.500,347.36,3.43,53,112,565
04/12/2017 09:13:28,156,10.9,1309.060,346.57,3.43,53,113,565
04/12/2017 09:13:38,164,10.9,1311.590,347.91,3.44,52,112,565
04/12/2017 09:13:48,163,10.9,1314.280,347.60,3.45,53,113,565
04/12/2017 09:13:58,145,10.9,1316.970,346.05,3.46,52,112,565
04/12/2017 09:14:08,157,10.9,1319.560,345.65,3.47,53,112,565
04/12/2017 09:14:18,166,10.8,1322.080,344.16,3.48,53,112,565
04/12/2017 09:14:28,163,10.9,1324.690,343.85,3.48,53,111,565
04/12/2017 09:14:38,152,10.9,1327.330,342.94,3.48,53,112,565
04/12/2017 09:14:48,172,10.9,1329.980,342.49,3.48,51,114,565
04/12/2017 09:14:58,145,10.9,1332.550,343.01,3.49,52,112,565
04/12/2017 09:15:08,164,10.9,1335.110,342.03,3.49,53,112,565
04/12/2017 09:15:18,156,10.9,1337.780,342.69,3.50,53,111,565
04/12/2017 09:15:28,161,10.9,1340.390,341.32,3.50,53,112,565
04/12/2017 09:15:38,159,10.9,1342.920,341.41,3.51,52,112,565
04/12/2017 09:15:48,156,10.9,1345.590,341.56,3.51,52,116,565
04/12/2017 09:15:58,163,10.8,1348.130,341.19,3.51,52,111,565
04/12/2017 09:16:08,156,10.9,1350.830,340.28,3.51,52,112,565
04/12/2017 09:16:18,162,10.9,1353.390,339.45,3.51,52,112,565
04/12/2017 09:16:28,154,10.9,1355.990,339.55,3.52,52,112,565
04/12/2017 09:16:38,154,10.9,1358.500,339.02,3.52,52,114,565
04/12/2017 09:16:48,165,10.9,1361.060,339.22,3.51,52,112,565
04/12/2017 09:16:58,157,10.8,1363.770,339.86,3.51,52,113,565
04/12/2017 09:17:08,165,10.9,1366.300,339.24,3.51,53,112,565
04/12/2017 09:17:18,172,10.8,1368.920,338.93,3.51,53,112,565
04/12/2017 09:17:28,171,10.8,1371.590,338.53,3.51,52,113,565
04/12/2017 09:17:38,162,10.9,1374.070,338.15,3.52,53,112,565
04/12/2017 09:17:48,155,10.9,1376.770,337.61,3.52,53,112,565
04/12/2017 09:17:58,165,10.9,1379.400,337.28,3.53,52,111,565
04/12/2017 09:18:08,162,10.9,1381.910,337.17,3.53,53,113,565
04/12/2017 09:18:18,150,10.9,1384.480,336.50,3.53,53,112,565
04/12/2017 09:18:28,153,10.9,1387.160,336.24,3.53,53,113,565
04/12/2017 09:18:38,173,10.9,1389.820,336.07,3.54,53,111,565
04/12/2017 09:18:48,165,10.9,1392.360,336.71,3.54,53,113,565
04/12/2017 09:18:58,161,10.9,1394.980,335.86,3.54,54,112,565
04/12/2017 09:19:08,158,10.9,1397.510,335.62,3.54,53,113,565
04/12/2017 09:19:18,155,10.9,1400.180,334.45,3.55,54,113,565
04/12/2017 09:19:28,156,10.9,1402.750,334.44,3.55,52,115,565
04/12/2017 09:19:38,177,10.9,1405.320,334.07,3.55,54,112,565
04/12/2017 09:19:48,160,10.9,1407.840,334.27,3.56,53,113,565
04/12/2017 09:19:58,158,10.9,1410.440,333.45,3.56,53,111,565
04/12/2017 09:20:08,166,10.9,1413.080,333.02,3.56,54,111,565
04/12/2017 09:20:18,167,10.9,1415.640,331.82,3.56,54,112,565
04/12/2017 09:20:28,155,10.9,1418.400,332.68,3.56,52,114,565
04/12/2017 09:20:38,168,10.9,1420.940,331.89,3.56,51,113,565
04/12/2017 09:20:48,176,10.9,1423.480,332.06,3.56,53,111,565
04/12/2017 09:20:58,182,10.8,1425.980,331.79,3.57,53,114,565
04/12/2017 09:21:08,174,10.8,1428.700,331.08,3.57,52,112,565
04/12/2017 09:21:18,182,10.9,1431.280,330.75,3.57,52,111,565
04/12/2017 09:21:28,182,10.8,1433.710,331.17,3.57,54,113,565
04/12/2017 09:21:38,179,10.8,1436.330,331.11,3.57,53,112,565
04/12/2017 09:21:48,177,10.9,1438.880,329.97,3.57,53,113,565
04/12/2017 09:21:58,191,10.8,1441.470,330.22,3.57,52,113,565
04/12/2017 09:22:08,173,10.8,1444.010,330.17,3.57,53,113,565
04/12/2017 09:22:18,180,10.8,1446.530,329.86,3.57,52,112,565
04/12/2017 09:22:28,181,10.9,1449.240,329.39,3.57,54,112,565
04/12/2017 09:22:38,176,10.9,1451.710,329.32,3.57,53,113,565
04/12/2017 09:22:48,181,10.8,1454.360,329.85,3.57,53,113,565
04/12/2017 09:22:58,183,10.9,1456.840,329.18,3.57,52,112,565
04/12/2017 09:23:08,178,10.8,1459.510,328.39,3.57,52,113,565
04/12/2017 09:23:18,177,10.9,1462.110,329.34,3.57,52,113,565
04/12/2017 09:23:28,172,10.9,1464.680,328.57,3.57,53,113,565
04/12/2017 09:23:38,180,10.8,1467.190,328.49,3.56,52,112,565
04/12/2017 09:23:48,189,10.9,1469.650,327.25,3.56,53,114,565
04/12/2017 09:23:58,179,10.8,1472.360,327.51,3.56,53,112,565
04/12/2017 09:24:08,160,10.8,1474.880,328.19,3.56,53,114,565
04/12/2017 09:24:18,187,10.9,1477.400,327.98,3.56,52,112,565
04/12/2017 09:24:28,175,10.9,1479.940,328.13,3.56,53,113,565
04/12/2017 09:24:38,189,10.8,1482.550,327.43,3.56,53,113,565
04/12/2017 09:24:48,190,10.8,1485.020,328.40,3.56,53,113,565
04/12/2017 09:24:58,184,10.8,1487.580,327.21,3.56,52,114,565
04/12/2017 09:25:08,179,10.8,1490.220,327.21,3.55,54,113,565
04/12/2017 09:25:18,181,10.8,1492.830,327.95,3.55,52,114,565
04/12/2017 09:25:28,184,10.8,1495.350,327.30,3.55,52,114,565
04/12/2017 09:25:38,170,10.8,1497.950,327.41,3.55,54,113,565
04/12/2017 09:25:48,183,10.8,1500.500,327.18,3.55,52,113,565
04/12/2017 09:25:58,179,10.9,1503.010,326.45,3.55,53,113,565
04/12/2017 09:26:08,164,10.9,1505.500,327.07,3.55,53,112,565
04/12/2017 09:26:18,156,10.8,1508.230,326.62,3.55,54,113,565
04/12/2017 09:26:28,174,10.8,1510.730,327.23,3.55,53,113,565
04/12/2017 09:26:38,163,10.9,1513.350,326.40,3.55,51,112,565
04/12/2017 09:26:48,180,10.9,1515.940,326.68,3.54,52,114,565
04/12/2017 09:26:58,172,10.8,1518.480,326.61,3.54,52,113,565
04/12/2017 09:27:08,172,10.8,1521.100,326.72,3.54,53,114,565
04/12/2017 09:27:18,184,10.9,1523.610,327.03,3.54,51,112,565
04/12/2017 09:27:28,180,10.8,1526.200,326.51,3.53,53,112,565
04/12/2017 09:27:38,181,10.9,1528.790,326.33,3.53,52,112,565
04/12/2017 09:27:48,175,10.8,1531.290,326.40,3.52,53,112,565
04/12/2017 09:27:58,190,10.8,1533.810,326.44,3.52,52,113,564
04/12/2017 09:28:08,119,10.9,1536.470,326.09,3.52,52,113,565
04/12/2017 09:28:18,183,10.8,1538.980,326.23,3.52,53,113,564
04/12/2017 09:28:28,159,10.8,1541.600,326.42,3.52,52,113,565
04/12/2017 09:28:38,175,10.8,1544.040,326.05,3.51,53,114,565
04/12/2017 09:28:48,175,10.8,1546.700,325.66,3.51,53,113,565
04/12/2017 09:28:58,178,10.9,1549.120,326.59,3.51,52,115,565
04/12/2017 09:29:08,182,10.8,1551.660,326.42,3.51,52,112,565
04/12/2017 09:29:18,183,10.8,1554.280,326.89,3.50,52,114,565
04/12/2017 09:29:28,175,10.8,1556.810,326.88,3.50,53,112,565
04/12/2017 09:29:38,187,10.8,1559.360,326.08,3.49,52,114,565
04/12/2017 09:29:48,186,10.8,1561.740,326.43,3.49,52,111,565
04/12/2017 09:29:58,166,10.8,1564.360,326.13,3.49,52,112,565
04/12/2017 09:30:08,187,10.8,1566.790,326.28,3.49,54,112,565
04/12/2017 09:30:18,184,10.8,1569.320,326.38,3.49,52,113,565
04/12/2017 09:30:28,181,10.9,1571.910,325.71,3.49,52,114,565
04/12/2017 09:30:38,170,10.9,1574.270,326.07,3.49,52,113,565
04/12/2017 09:30:48,142,10.9,1576.810,325.62,3.49,52,113,565
04/12/2017 09:30:58,210,10.8,1579.230,325.12,3.50,54,113,565
04/12/2017 09:31:08,153,10.9,1581.640,324.52,3.50,53,111,564
04/12/2017 09:31:18,184,10.8,1584.210,325.63,3.50,53,111,565
04/12/2017 09:31:28,166,10.8,1586.880,325.59,3.50,54,111,565
04/12/2017 09:31:38,186,10.9,1589.370,325.25,3.49,52,113,565
04/12/2017 09:31:48,179,10.9,1591.800,325.08,3.49,53,112,565
04/12/2017 09:31:58,164,10.9,1594.240,325.29,3.49,54,111,565
04/12/2017 09:32:08,161,10.9,1596.850,325.15,3.48,54,111,565
04/12/2017 09:32:18,159,10.9,1599.290,324.72,3.48,53,112,565
04/12/2017 09:32:28,189,10.8,1601.640,324.76,3.48,54,111,565
04/12/2017 09:32:38,197,10.8,1604.140,324.80,3.48,52,113,565
04/12/2017 09:32:48,181,10.8,1606.770,324.54,3.49,53,111,565
04/12/2017 09:32:58,177,10.8,1609.290,324.64,3.49,55,113,565
04/12/2017 09:33:08,182,10.8,1611.700,324.58,3.49,53,111,565
04/12/2017 09:33:18,160,10.8,1614.120,324.77,3.48,53,113,565
04/12/2017 09:33:28,188,10.8,1616.910,324.47,3.47,54,111,565
04/12/2017 09:33:38,183,10.8,1619.150,324.25,3.47,53,112,565
04/12/2017 09:33:48,187,10.8,1621.580,324.55,3.46,51,110,565
04/12/2017 09:33:58,180,10.8,1624.160,324.95,3.46,52,111,565
04/12/2017 09:34:08,81,10.9,1626.590,324.47,3.46,53,112,565
04/12/2017 09:34:18,191,10.8,1628.740,324.94,3.45,52,119,565
04/12/2017 09:34:28,201,10.8,1631.170,324.57,3.45,54,111,565
04/12/2017 09:34:38,154,10.9,1633.490,325.16,3.44,53,119,565
04/12/2017 09:34:48,155,10.9,1635.870,324.27,3.44,53,111,565
04/12/2017 09:34:58,169,10.9,1638.240,325.09,3.44,52,112,565
04/12/2017 09:35:08,182,10.9,1640.840,325.08,3.44,52,113,565
04/12/2017 09:35:18,177,10.9,1643.390,324.91,3.44,54,112,565
04/12/2017 09:35:28,167,10.8,1645.880,324.78,3.44,52,111,565
04/12/2017 09:35:38,190,10.9,1648.390,324.62,3.44,53,113,565
04/12/2017 09:35:48,183,10.8,1650.840,325.29,3.43,53,111,565
04/12/2017 09:35:58,194,10.8,1653.250,324.59,3.43,52,112,565
04/12/2017 09:36:08,183,10.8,1656.020,324.64,3.43,52,112,565
04/12/2017 09:36:18,174,10.9,1658.360,324.83,3.43,54,113,565
04/12/2017 09:36:28,160,10.8,1660.940,324.89,3.43,54,111,565
04/12/2017 09:36:38,168,10.9,1663.270,324.10,3.42,54,111,565
04/12/2017 09:36:48,181,10.8,1665.880,323.99,3.41,52,110,565
04/12/2017 09:36:58,185,10.8,1668.310,325.58,3.40,53,111,565
04/12/2017 09:37:08,183,10.8,1670.960,324.35,3.41,53,113,565
04/12/2017 09:37:18,174,10.8,1673.570,324.36,3.41,54,112,565
04/12/2017 09:37:28,191,10.8,1675.820,324.81,3.40,55,111,565
04/12/2017 09:37:38,194,10.8,1678.420,324.18,3.40,54,112,565
04/12/2017 09:37:48,175,10.8,1680.950,324.49,3.40,53,112,565
04/12/2017 09:37:58,190,10.8,1683.760,324.81,3.39,54,110,565
04/12/2017 09:38:08,183,10.9,1686.240,324.25,3.38,53,111,565
04/12/2017 09:38:18,200,10.8,1688.500,324.42,3.37,52,112,565
04/12/2017 09:38:28,128,10.9,1690.990,324.97,3.37,54,111,565
04/12/2017 09:38:38,164,10.9,1693.790,324.79,3.36,53,111,565
04/12/2017 09:38:48,179,10.8,1696.220,325.36,3.36,52,111,565
04/12/2017 09:38:58,187,10.8,1698.460,325.12,3.35,53,110,565
04/12/2017 09:39:08,159,10.8,1701.240,324.50,3.35,54,110,565
04/12/2017 09:39:18,185,10.8,1703.580,325.38,3.35,52,110,565
04/12/2017 09:39:28,164,10.8,1706.050,324.77,3.34,53,112,565
04/12/2017 09:39:38,196,10.8,1708.330,325.51,3.34,52,112,565
04/12/2017 09:39:48,168,10.9,1711.110,325.37,3.33,53,111,565
04/12/2017 09:39:58,188,10.8,1713.470,324.73,3.33,53,109,565
04/12/2017 09:40:08,207,10.8,1716.120,325.20,3.33,53,112,565
04/12/2017 09:40:18,185,10.8,1718.570,325.01,3.33,53,113,565
04/12/2017 09:40:28,194,10.8,1720.910,324.91,3.33,53,111,565
04/12/2017 09:40:38,170,10.8,1723.580,324.26,3.33,53,111,565
04/12/2017 09:40:48,184,10.8,1726.040,324.79,3.33,52,110,565
04/12/2017 09:40:58,200,10.8,1728.540,324.53,3.33,54,111,565
04/12/2017 09:41:08,187,10.8,1731.010,325.13,3.32,53,112,565
04/12/2017 09:41:18,170,10.8,1733.560,324.75,3.32,53,111,565
04/12/2017 09:41:28,163,10.9,1736.070,324.75,3.32,53,111,565
04/12/2017 09:41:38,210,10.8,1738.440,325.22,3.31,54,113,565
04/12/2017 09:41:48,193,10.8,1740.940,324.46,3.31,52,112,565
04/12/2017 09:41:58,200,10.8,1743.450,324.73,3.31,53,111,565
04/12/2017 09:42:08,193,10.8,1745.830,324.42,3.31,53,111,565
04/12/2017 09:42:18,194,10.8,1748.270,325.41,3.31,55,112,565
04/12/2017 09:42:28,200,10.8,1750.720,325.38,3.30,53,111,565
04/12/2017 09:42:38,172,10.8,1753.250,325.57,3.30,54,111,565
04/12/2017 09:42:48,191,10.8,1755.770,324.99,3.30,54,112,565
04/12/2017 09:42:58,187,10.8,1758.280,325.40,3.29,54,112,565
04/12/2017 09:43:08,188,10.8,1760.810,324.72,3.29,53,111,565
04/12/2017 09:43:18,211,10.8,1763.220,324.54,3.29,51,111,565
04/12/2017 09:43:28,208,10.8,1765.610,326.12,3.29,53,112,565
04/12/2017 09:43:38,179,10.8,1767.860,325.22,3.29,54,111,565
04/12/2017 09:43:48,197,10.8,1770.650,324.39,3.29,53,110,565
04/12/2017 09:43:58,152,10.8,1773.140,325.24,3.29,52,113,565
04/12/2017 09:44:08,193,10.8,1775.710,325.20,3.28,51,112,565
04/12/2017 09:44:18,183,10.8,1778.260,325.33,3.28,52,114,565
04/12/2017 09:44:28,191,10.8,1780.750,324.42,3.28,52,111,565
04/12/2017 09:44:38,199,10.8,1783.000,324.53,3.28,52,112,565
04/12/2017 09:44:48,188,10.8,1785.760,324.18,3.28,53,111,565
04/12/2017 09:44:58,192,10.8,1788.360,324.46,3.28,53,111,565
04/12/2017 09:45:08,176,10.8,1790.890,324.59,3.28,52,110,565
04/12/2017 09:45:18,197,10.8,1793.400,324.66,3.27,53,112,565
04/12/2017 09:45:28,180,10.8,1795.800,324.74,3.27,54,110,565
04/12/2017 09:45:38,177,10.8,1798.300,325.28,3.27,54,111,565
04/12/2017 09:45:48,197,10.8,1800.950,324.69,3.27,54,110,565
04/12/2017 09:45:58,189,10.8,1803.560,324.28,3.27,51,111,565
04/12/2017 09:46:08,167,10.8,1806.080,324.45,3.26,53,110,565
04/12/2017 09:46:18,174,10.8,1808.510,324.68,3.26,52,110,565
04/12/2017 09:46:28,186,10.8,1811.130,324.41,3.26,52,110,565
04/12/2017 09:46:38,201,10.8,1813.590,324.17,3.26,53,109,565
04/12/2017 09:46:48,191,10.8,1816.150,323.89,3.25,54,111,565
04/12/2017 09:46:58,200,10.8,1818.600,324.45,3.25,53,115,565
04/12/2017 09:47:08,186,10.8,1821.000,325.04,3.25,53,109,565
04/12/2017 09:47:18,187,10.8,1823.710,324.00,3.25,53,109,565
04/12/2017 09:47:28,211,10.8,1826.240,324.28,3.25,50,110,565
04/12/2017 09:47:38,191,10.8,1828.660,324.37,3.25,51,108,565
04/12/2017 09:47:48,201,10.8,1831.250,324.37,3.24,53,111,565
04/12/2017 09:47:58,192,10.8,1833.420,323.49,3.24,54,109,565
04/12/2017 09:48:08,188,10.8,1836.370,324.04,3.24,53,109,565
04/12/2017 09:48:18,179,10.9,1838.820,324.47,3.25,54,110,565
04/12/2017 09:48:28,188,10.8,1841.310,323.53,3.25,52,110,565
04/12/2017 09:48:38,197,10.8,1843.830,323.38,3.26,55,110,565
04/12/2017 09:48:48,189,10.8,1846.410,323.77,3.25,55,113,565
04/12/2017 09:48:58,215,10.8,1848.890,323.43,3.24,51,110,565
04/12/2017 09:49:08,171,10.8,1851.330,323.97,3.24,51,110,565
04/12/2017 09:49:18,185,10.8,1853.940,323.42,3.25,54,108,565
04/12/2017 09:49:28,213,10.8,1856.350,323.41,3.25,54,111,565
04/12/2017 09:49:38,188,10.8,1858.920,323.59,3.25,53,111,565
04/12/2017 09:49:48,195,10.8,1861.370,323.50,3.24,53,110,565
04/12/2017 09:49:58,191,10.8,1863.930,324.17,3.23,54,110,565
04/12/2017 09:50:08,190,10.8,1866.490,323.25,3.22,53,110,565
04/12/2017 09:50:18,198,10.8,1869.020,323.93,3.22,52,110,565
04/12/2017 09:50:28,189,10.8,1871.580,324.13,3.21,52,118,565
04/12/2017 09:50:38,191,10.8,1874.070,323.61,3.21,55,110,565
04/12/2017 09:50:48,191,10.8,1876.700,323.89,3.21,54,109,565
04/12/2017 09:50:58,187,10.8,1879.210,323.59,3.21,54,109,565
04/12/2017 09:51:08,192,10.8,1881.750,323.99,3.20,54,109,565
04/12/2017 09:51:18,192,10.8,1884.340,324.37,3.20,53,110,565
04/12/2017 09:51:28,175,10.8,1886.820,323.91,3.20,53,108,565
04/12/2017 09:51:38,178,10.8,1889.270,323.56,3.20,53,108,565
04/12/2017 09:51:48,193,10.8,1891.780,323.72,3.20,54,109,565
04/12/2017 09:51:58,172,10.8,1894.250,323.23,3.20,53,109,565
04/12/2017 09:52:08,199,10.8,1896.800,323.64,3.20,54,110,565
04/12/2017 09:52:18,174,10.8,1899.220,323.80,3.20,52,119,565
04/12/2017 09:52:28,178,10.8,1901.800,323.22,3.20,54,110,565
04/12/2017 09:52:38,193,10.8,1904.240,323.85,3.21,52,110,565
04/12/2017 09:52:48,176,10.9,1906.690,323.45,3.22,53,109,565
04/12/2017 09:52:58,205,10.8,1909.210,322.13,3.22,53,110,565
04/12/2017 09:53:08,166,10.8,1911.760,322.59,3.22,53,108,565
04/12/2017 09:53:18,155,10.8,1914.280,323.34,3.22,53,110,565
04/12/2017 09:53:28,200,10.8,1916.730,323.32,3.21,51,110,565
04/12/2017 09:53:38,191,10.8,1919.380,322.50,3.21,53,109,565
04/12/2017 09:53:48,178,10.8,1921.910,322.02,3.21,52,110,565
04/12/2017 09:53:58,209,10.8,1924.360,322.57,3.21,53,111,565
04/12/2017 09:54:08,206,10.8,1926.890,322.67,3.21,52,112,565
04/12/2017 09:54:18,194,10.8,1929.410,321.80,3.20,53,108,565
04/12/2017 09:54:28,190,10.8,1931.890,322.45,3.20,53,109,565
04/12/2017 09:54:38,194,10.8,1934.440,322.66,3.20,54,109,565
04/12/2017 09:54:48,187,10.8,1936.880,322.96,3.19,53,110,565
04/12/2017 09:54:58,216,10.8,1939.560,322.69,3.19,52,109,565
04/12/2017 09:55:08,207,10.8,1942.020,323.17,3.19,51,111,565
04/12/2017 09:55:18,200,10.8,1944.570,322.45,3.18,52,110,565
04/12/2017 09:55:28,187,10.8,1947.020,322.36,3.17,53,109,565
04/12/2017 09:55:38,192,10.8,1949.690,322.73,3.16,52,109,565
04/12/2017 09:55:48,190,10.8,1952.130,322.48,3.16,53,109,565
04/12/2017 09:55:58,185,10.8,1954.640,323.00,3.15,52,111,565
04/12/2017 09:56:08,182,10.8,1957.260,323.26,3.14,52,110,565
04/12/2017 09:56:18,196,10.8,1959.700,323.33,3.14,54,108,565
04/12/2017 09:56:28,201,10.8,1962.340,323.88,3.14,53,111,565
04/12/2017 09:56:38,201,10.8,1964.790,323.49,3.13,53,110,565
04/12/2017 09:56:48,180,10.8,1967.300,323.50,3.13,52,109,565
04/12/2017 09:56:58,184,10.8,1969.900,322.51,3.13,55,111,565
04/12/2017 09:57:08,195,10.8,1972.330,323.34,3.12,52,122,565
04/12/2017 09:57:18,198,10.8,1974.930,323.54,3.12,53,109,565
04/12/2017 09:57:28,177,10.8,1977.490,323.30,3.12,53,110,565
04/12/2017 09:57:38,184,10.8,1980.040,323.47,3.12,54,110,565
04/12/2017 09:57:48,186,10.8,1982.450,323.21,3.12,52,107,565
04/12/2017 09:57:58,195,10.8,1985.090,323.62,3.11,52,112,565
04/12/2017 09:58:08,192,10.8,1987.550,322.79,3.11,53,109,565
04/12/2017 09:58:18,189,10.8,1990.100,322.96,3.11,53,109,565
04/12/2017 09:58:28,197,10.8,1992.680,322.97,3.11,52,113,565
04/12/2017 09:58:38,177,10.8,1995.220,323.38,3.11,53,110,565
04/12/2017 09:58:48,195,10.8,1997.600,323.24,3.11,52,109,565
04/12/2017 09:58:58,202,10.8,2000.190,322.57,3.10,52,109,565
04/12/2017 09:59:08,193,10.8,2002.740,322.95,3.10,53,109,565
04/12/2017 09:59:18,207,10.8,2005.230,322.53,3.10,52,108,565
04/12/2017 09:59:28,186,10.8,2007.690,322.33,3.10,52,111,565
04/12/2017 09:59:38,201,10.8,2010.320,322.75,3.10,52,109,565
04/12/2017 09:59:48,200,10.8,2012.810,322.22,3.09,55,111,565
04/12/2017 09:59:58,194,10.8,2015.340,322.96,3.09,53,108,565
04/12/2017 10:00:08,198,10.8,2017.790,323.23,3.09,53,108,565
04/12/2017 10:00:18,184,10.8,2020.330,321.98,3.09,53,109,565
04/12/2017 10:00:28,207,10.8,2022.790,322.24,3.08,52,109,565
04/12/2017 10:00:38,200,10.8,2025.250,321.88,3.08,52,109,565
04/12/2017 10:00:48,210,10.8,2027.780,323.42,3.08,52,109,565
04/12/2017 10:00:58,204,10.8,2030.340,322.79,3.08,52,109,565
04/12/2017 10:01:08,192,10.8,2032.900,323.09,3.08,54,110,565
04/12/2017 10:01:18,178,10.9,2035.490,322.81,3.07,53,110,565
04/12/2017 10:01:28,196,10.8,2037.920,323.00,3.07,52,110,565
04/12/2017 10:01:38,209,10.8,2040.480,322.86,3.07,53,109,565
04/12/2017 10:01:48,198,10.8,2043.050,322.63,3.07,53,109,565
04/12/2017 10:01:58,215,10.8,2045.420,322.56,3.07,54,110,565
04/12/2017 10:02:08,224,10.8,2048.090,323.21,3.07,54,109,565
04/12/2017 10:02:18,213,10.8,2050.520,322.30,3.07,54,110,565
04/12/2017 10:02:28,198,10.8,2052.970,322.47,3.06,53,112,565
04/12/2017 10:02:38,202,10.8,2055.560,321.94,3.06,52,109,565
04/12/2017 10:02:48,214,10.8,2058.050,322.37,3.06,54,109,565
04/12/2017 10:02:58,192,10.8,2060.470,322.27,3.06,54,111,565
04/12/2017 10:03:08,203,10.8,2062.970,323.20,3.05,54,109,565
04/12/2017 10:03:18,188,10.8,2065.480,321.70,3.05,53,110,565
04/12/2017 10:03:28,217,10.8,2068.000,323.11,3.05,54,109,565
04/12/2017 10:03:38,206,10.8,2070.460,321.38,3.05,52,111,565
04/12/2017 10:03:48,215,10.8,2072.870,322.11,3.05,54,110,565
04/12/2017 10:03:58,202,10.8,2075.490,322.31,3.05,52,110,565
04/12/2017 10:04:08,198,10.8,2078.050,322.32,3.05,53,108,565
04/12/2017 10:04:18,180,10.9,2080.450,322.49,3.05,53,108,565
04/12/2017 10:04:28,197,10.8,2082.820,321.95,3.05,53,109,565
04/12/2017 10:04:38,186,10.8,2085.330,321.25,3.05,54,109,565
04/12/2017 10:04:48,200,10.8,2087.870,322.00,3.05,54,109,565
04/12/2017 10:04:58,199,10.8,2090.330,322.03,3.04,53,111,565
04/12/2017 10:05:08,204,10.8,2092.840,321.96,3.04,52,110,565
04/12/2017 10:05:18,200,10.8,2095.320,321.21,3.04,53,109,565
04/12/2017 10:05:28,199,10.8,2097.870,322.59,3.04,52,110,565
04/12/2017 10:05:38,198,10.8,2100.410,322.23,3.04,55,110,565
04/12/2017 10:05:48,201,10.8,2102.990,321.96,3.04,52,108,565
04/12/2017 10:05:58,202,10.8,2105.560,321.10,3.03,53,111,565
04/12/2017 10:06:08,195,10.9,2107.900,322.11,3.03,53,110,565
04/12/2017 10:06:18,224,10.8,2110.540,321.52,3.03,51,110,565
04/12/2017 10:06:28,206,10.8,2112.900,322.19,3.03,54,109,565
04/12/2017 10:06:38,213,10.8,2115.610,322.39,3.03,53,111,565
04/12/2017 10:06:48,189,10.8,2118.020,321.55,3.02,53,111,565
04/12/2017 10:06:58,193,10.8,2120.590,321.55,3.02,53,110,565
04/12/2017 10:07:08,205,10.8,2123.030,321.41,3.02,52,111,565
04/12/2017 10:07:18,213,10.8,2125.520,321.54,3.01,52,111,565
04/12/2017 10:07:28,192,10.9,2128.060,321.70,3.01,53,108,565
04/12/2017 10:07:38,197,10.8,2130.530,321.37,3.01,53,109,565
04/12/2017 10:07:48,186,10.8,2133.060,321.63,3.01,52,109,565
04/12/2017 10:07:58,205,10.8,2135.480,322.38,3.01,53,110,565
04/12/2017 10:08:08,204,10.8,2138.010,321.49,3.00,53,110,565
04/12/2017 10:08:18,186,10.8,2140.590,321.82,3.00,52,109,565
04/12/2017 10:08:28,204,10.8,2142.930,321.31,2.99,52,110,565
04/12/2017 10:08:38,186,10.8,2145.480,321.76,2.99,53,111,565
04/12/2017 10:08:48,207,10.8,2148.030,321.36,2.99,55,111,565
04/12/2017 10:08:58,179,10.9,2150.560,322.27,2.99,53,110,565
04/12/2017 10:09:08,195,10.8,2152.970,321.26,2.99,52,112,565
04/12/2017 10:09:18,198,10.8,2155.480,321.66,2.99,54,112,565
04/12/2017 10:09:28,196,10.8,2157.950,321.20,2.98,54,113,565
04/12/2017 10:09:38,212,10.8,2160.610,320.97,2.98,54,110,565
04/12/2017 10:09:48,217,10.8,2163.030,320.91,2.98,53,109,565
04/12/2017 10:09:58,189,10.8,2165.660,321.77,2.98,52,110,565
04/12/2017 10:10:08,209,10.8,2168.110,321.47,2.98,53,109,565
04/12/2017 10:10:18,192,10.8,2170.600,321.78,2.98,53,110,565
04/12/2017 10:10:28,205,10.8,2173.240,321.41,2.98,53,109,565
04/12/2017 10:10:38,204,10.8,2175.640,321.26,2.97,53,110,565
04/12/2017 10:10:48,198,10.9,2178.200,321.43,2.97,54,110,565
04/12/2017 10:10:58,195,10.9,2180.750,321.89,2.97,53,110,565
04/12/2017 10:11:08,213,10.8,2183.200,320.87,2.97,54,109,565
04/12/2017 10:11:18,198,10.8,2185.880,320.76,2.97,53,112,565
04/12/2017 10:11:28,198,10.8,2188.450,320.51,2.97,54,109,565
04/12/2017 10:11:38,208,10.8,2190.920,321.38,2.96,54,109,565
04/12/2017 10:11:48,196,10.8,2193.360,321.93,2.96,53,110,565
04/12/2017 10:11:58,218,10.8,2196.010,321.19,2.96,53,108,565
04/12/2017 10:12:08,197,10.8,2198.570,321.25,2.95,53,110,565
04/12/2017 10:12:18,179,10.8,2201.010,321.51,2.95,54,111,565
04/12/2017 10:12:28,207,10.8,2203.500,320.96,2.95,53,110,565
04/12/2017 10:12:38,210,10.8,2206.080,321.12,2.94,52,109,565
04/12/2017 10:12:48,204,10.8,2208.710,321.63,2.94,54,109,565
04/12/2017 10:12:58,204,10.8,2211.080,321.55,2.94,54,110,565
04/12/2017 10:13:08,216,10.8,2213.630,321.43,2.94,54,111,565
04/12/2017 10:13:18,205,10.8,2216.080,321.02,2.94,53,110,565
04/12/2017 10:13:28,185,10.8,2218.640,321.74,2.94,53,110,566
04/12/2017 10:13:38,183,10.8,2221.100,321.77,2.94,52,110,565
04/12/2017 10:13:48,197,10.8,2223.770,320.98,2.94,52,109,566
04/12/2017 10:13:58,193,10.8,2226.130,320.96,2.93,52,110,565
04/12/2017 10:14:08,198,10.8,2228.710,320.80,2.93,52,109,565
04/12/2017 10:14:18,217,10.8,2231.190,320.87,2.93,53,111,565
04/12/2017 10:14:28,187,10.8,2233.580,321.07,2.93,55,111,565
04/12/2017 10:14:38,217,10.8,2236.160,321.28,2.93,52,110,565
04/12/2017 10:14:48,212,10.8,2238.690,321.14,2.92,53,111,566
04/12/2017 10:14:58,204,10.8,2241.330,320.68,2.92,53,109,565
04/12/2017 10:15:08,216,10.8,2243.740,320.68,2.92,53,110,565
04/12/2017 10:15:18,215,10.8,2246.130,320.97,2.91,52,110,566
04/12/2017 10:15:28,189,10.8,2248.780,321.50,2.91,52,111,565
04/12/2017 10:15:38,211,10.8,2251.130,321.30,2.91,53,111,565
04/12/2017 10:15:48,207,10.8,2253.490,320.74,2.91,54,109,565
04/12/2017 10:15:58,211,10.8,2256.070,321.29,2.90,53,110,565
04/12/2017 10:16:08,226,10.8,2258.560,321.44,2.90,53,112,566
04/12/2017 10:16:18,226,10.8,2261.140,320.79,2.90,52,109,566
04/12/2017 10:16:28,215,10.8,2263.470,321.63,2.90,52,110,566
04/12/2017 10:16:38,206,10.8,2266.060,321.30,2.90,52,111,565
04/12/2017 10:16:48,194,10.8,2268.430,320.71,2.90,53,114,566
04/12/2017 10:16:58,197,10.8,2270.900,321.39,2.89,54,114,565
04/12/2017 10:17:08,212,10.8,2273.440,320.86,2.89,54,110,566
04/12/2017 10:17:18,227,10.8,2275.720,321.20,2.89,54,112,565
04/12/2017 10:17:28,198,10.8,2278.290,320.36,2.89,53,109,565
04/12/2017 10:17:38,248,10.8,2280.550,321.06,2.88,54,112,565
04/12/2017 10:17:48,224,10.8,2283.140,320.74,2.88,53,109,566
04/12/2017 10:17:58,193,10.8,2285.390,320.96,2.88,53,111,565
04/12/2017 10:18:08,222,10.8,2287.780,320.68,2.88,52,111,566
04/12/2017 10:18:18,209,10.8,2290.220,321.47,2.88,52,110,565
04/12/2017 10:18:28,243,10.8,2292.570,320.80,2.88,54,111,566
04/12/2017 10:18:38,200,10.9,2295.000,320.63,2.87,53,108,565
04/12/2017 10:18:48,210,10.8,2297.590,321.22,2.87,52,112,565
04/12/2017 10:18:58,204,10.8,2299.990,320.95,2.87,52,109,566
04/12/2017 10:19:08,192,10.8,2302.410,320.02,2.87,54,109,565
04/12/2017 10:19:18,222,10.8,2304.920,320.84,2.87,54,110,565
04/12/2017 10:19:28,219,10.8,2307.380,320.69,2.87,53,111,566
04/12/2017 10:19:38,221,10.8,2309.700,320.21,2.87,53,110,566
04/12/2017 10:19:48,209,10.8,2312.190,320.90,2.87,54,111,566
04/12/2017 10:19:58,213,10.8,2314.720,320.98,2.86,55,110,565
04/12/2017 10:20:08,223,10.8,2317.280,321.49,2.86,53,110,565
04/12/2017 10:20:18,231,10.8,2319.580,321.07,2.86,52,111,566
04/12/2017 10:20:28,237,10.8,2322.230,321.12,2.86,54,111,566
04/12/2017 10:20:38,197,10.8,2324.480,320.67,2.85,53,110,565
04/12/2017 10:20:48,201,10.9,2327.060,320.37,2.85,55,113,566
04/12/2017 10:20:58,243,10.8,2329.510,320.50,2.84,53,110,566
04/12/2017 10:21:08,212,10.8,2332.010,320.63,2.84,54,109,566
04/12/2017 10:21:18,209,10.8,2334.540,320.73,2.84,53,110,565
04/12/2017 10:21:28,201,10.8,2336.910,321.05,2.84,53,110,566
04/12/2017 10:21:38,217,10.8,2339.510,320.79,2.84,54,109,566
04/12/2017 10:21:48,212,10.8,2341.900,321.93,2.83,53,109,566
04/12/2017 10:21:58,210,10.8,2344.440,321.18,2.83,52,111,566
04/12/2017 10:22:08,211,10.8,2347.000,321.68,2.83,54,110,566
04/12/2017 10:22:18,194,10.8,2349.420,321.88,2.82,53,111,566
04/12/2017 10:22:28,219,10.8,2351.970,321.02,2.82,54,110,565
04/12/2017 10:22:38,195,10.8,2354.540,321.19,2.82,53,110,565
04/12/2017 10:22:48,218,10.8,2356.930,320.97,2.81,53,113,566
04/12/2017 10:22:58,187,10.8,2359.570,321.21,2.81,54,110,565
04/12/2017 10:23:08,217,10.8,2361.950,321.92,2.81,53,109,566
04/12/2017 10:23:18,209,10.8,2364.510,321.66,2.80,53,110,565
04/12/2017 10:23:28,219,10.8,2367.130,321.08,2.80,54,112,566
04/12/2017 10:23:38,195,10.8,2369.500,321.24,2.79,54,110,566
04/12/2017 10:23:48,213,10.8,2371.900,321.66,2.79,53,111,566
04/12/2017 10:23:58,222,10.8,2374.460,320.71,2.78,53,111,566
04/12/2017 10:24:08,227,10.8,2376.920,321.16,2.78,54,111,566
04/12/2017 10:24:18,194,10.8,2379.440,321.42,2.78,52,112,566
04/12/2017 10:24:28,178,10.8,2381.920,321.99,2.77,53,112,566
04/12/2017 10:24:38,211,10.8,2384.250,321.66,2.77,52,111,566
04/12/2017 10:24:48,217,10.8,2386.710,321.59,2.76,53,112,566
04/12/2017 10:24:58,193,10.8,2389.230,321.62,2.76,53,112,566
04/12/2017 10:25:08,192,10.8,2391.690,322.25,2.75,54,113,566
04/12/2017 10:25:18,213,10.8,2394.150,321.90,2.75,53,111,566
04/12/2017 10:25:28,196,10.8,2396.470,322.08,2.75,53,110,566
04/12/2017 10:25:38,207,10.8,2399.060,322.27,2.75,54,111,566
04/12/2017 10:25:48,196,10.8,2401.670,322.15,2.74,53,112,566
04/12/2017 10:25:58,192,10.9,2404.070,321.77,2.74,54,113,566
04/12/2017 10:26:08,196,10.8,2406.440,322.23,2.74,52,112,566
04/12/2017 10:26:18,209,10.8,2408.920,321.55,2.73,54,113,566
04/12/2017 10:26:28,195,10.8,2411.320,321.88,2.73,53,110,566
04/12/2017 10:26:38,190,10.8,2413.710,322.21,2.73,53,112,566
04/12/2017 10:26:48,188,10.8,2416.130,321.78,2.73,53,112,566
04/12/2017 10:26:58,211,10.8,2418.580,321.92,2.73,51,113,566
04/12/2017 10:27:08,196,10.8,2420.990,322.50,2.73,53,113,566
04/12/2017 10:27:18,190,10.9,2423.470,322.79,2.73,54,111,566
04/12/2017 10:27:28,207,10.8,2425.910,321.80,2.72,53,111,566
04/12/2017 10:27:38,181,10.9,2428.230,321.59,2.72,55,111,566
04/12/2017 10:27:48,222,10.8,2430.750,322.25,2.72,53,111,566
04/12/2017 10:27:58,214,10.8,2433.260,322.25,2.72,52,112,566
04/12/2017 10:28:08,198,10.8,2435.530,322.22,2.72,52,112,566
04/12/2017 10:28:18,196,10.8,2438.120,322.27,2.72,53,111,566
04/12/2017 10:28:28,202,10.8,2440.500,322.14,2.71,55,112,566
04/12/2017 10:28:38,211,10.8,2442.760,321.86,2.71,53,112,566
04/12/2017 10:28:48,222,10.9,2445.190,322.43,2.70,55,112,566
04/12/2017 10:28:58,219,10.8,2447.750,323.29,2.70,54,113,566
04/12/2017 10:29:08,201,10.9,2450.040,322.17,2.70,53,111,566
04/12/2017 10:29:18,186,10.8,2452.420,322.79,2.69,52,113,566
04/12/2017 10:29:28,201,10.8,2454.860,323.26,2.69,53,111,566
04/12/2017 10:29:38,210,10.8,2457.320,322.55,2.69,53,113,566
04/12/2017 10:29:48,212,10.8,2459.650,322.86,2.68,53,112,566
04/12/2017 10:29:58,194,10.8,2462.050,323.07,2.68,53,113,566
04/12/2017 10:30:08,184,10.8,2464.330,322.62,2.67,53,111,566
04/12/2017 10:30:18,198,10.8,2466.760,323.27,2.67,54,112,566
04/12/2017 10:30:28,175,10.8,2469.090,322.49,2.67,53,112,566
04/12/2017 10:30:38,218,10.9,2471.540,322.91,2.67,55,112,566
04/12/2017 10:30:48,206,10.9,2473.790,323.11,2.66,53,110,566
04/12/2017 10:30:58,197,10.9,2476.350,323.17,2.66,54,113,566
04/12/2017 10:31:08,211,10.8,2478.570,323.18,2.66,53,114,566
04/12/2017 10:31:18,188,10.9,2481.100,323.62,2.66,55,112,566
04/12/2017 10:31:28,197,10.8,2483.390,323.09,2.65,53,113,566
04/12/2017 10:31:38,214,10.9,2485.840,323.66,2.65,53,113,566
04/12/2017 10:31:48,205,10.8,2488.060,323.32,2.65,54,115,566
04/12/2017 10:31:58,192,10.8,2490.460,323.52,2.65,53,113,566
04/12/2017 10:32:08,214,10.8,2492.820,323.52,2.64,53,115,566
04/12/2017 10:32:18,197,10.8,2495.250,323.32,2.64,53,112,566
04/12/2017 10:32:28,193,10.8,2497.610,323.06,2.63,53,113,566
04/12/2017 10:32:38,192,10.9,2499.900,323.13,2.62,53,111,566
04/12/2017 10:32:48,199,10.8,2502.340,323.83,2.62,52,115,566
04/12/2017 10:32:58,215,10.9,2504.560,323.86,2.61,54,116,565
04/12/2017 10:33:08,210,10.8,2506.870,324.11,2.59,54,114,566
04/12/2017 10:33:18,217,10.9,2509.300,324.71,2.59,53,115,566
04/12/2017 10:33:28,210,10.9,2511.640,324.15,2.58,53,114,566
04/12/2017 10:33:38,197,10.8,2513.980,325.11,2.58,53,119,566
04/12/2017 10:33:48,204,10.8,2516.290,325.62,2.57,53,114,566
04/12/2017 10:33:58,178,10.9,2518.680,325.30,2.56,52,114,566
04/12/2017 10:34:08,196,10.8,2521.100,325.79,2.56,52,115,566
04/12/2017 10:34:18,185,10.8,2523.410,326.12,2.56,53,115,566
04/12/2017 10:34:28,211,10.8,2525.910,325.64,2.55,52,114,566
04/12/2017 10:34:38,177,10.8,2528.250,326.16,2.53,54,112,566

 Ramp exit:    SMOOTH RUNNING
 Profile exit: BOTTOM PRESSURE

 Vehicle motion stopped at 04/12/2017 10:34:42
 Sensor logging stopped at 04/12/2017 10:36:51
