
 Profile 328

 Sensors were turned on at  04/10/2017 16:00:02
 Vehicle began profiling at 04/10/2017 16:02:04

Date,[mA],[V],[dbar],Oxygen[uM],Optode Temp[C],Chl,NTU,Therm
04/10/2017 16:02:04,0,11.0,0.000,0.00,0.00,86,129,568
04/10/2017 16:02:14,210,10.8,0.000,0.00,0.00,81,130,567
04/10/2017 16:02:24,197,10.8,0.000,0.00,0.00,81,127,567
04/10/2017 16:02:37,314,10.7,183.510,385.28,3.46,79,128,567
04/10/2017 16:02:47,161,10.9,186.160,385.53,3.46,79,127,567
04/10/2017 16:02:57,167,10.9,188.840,385.81,3.46,79,129,567
04/10/2017 16:03:07,165,10.9,191.510,384.64,3.46,80,129,567
04/10/2017 16:03:17,167,10.9,194.190,386.27,3.45,77,128,567
04/10/2017 16:03:27,162,11.0,196.770,384.76,3.46,78,128,567
04/10/2017 16:03:37,165,10.9,199.400,385.07,3.45,76,128,567
04/10/2017 16:03:47,164,10.9,202.180,384.54,3.45,75,127,567
04/10/2017 16:03:57,171,10.9,204.880,384.93,3.45,77,128,567
04/10/2017 16:04:07,161,10.9,207.490,385.45,3.45,75,131,567
04/10/2017 16:04:17,154,10.9,210.140,384.49,3.45,74,127,566
04/10/2017 16:04:27,144,10.9,212.710,385.05,3.45,76,126,567
04/10/2017 16:04:37,158,10.9,215.310,384.02,3.45,76,127,566
04/10/2017 16:04:47,171,10.8,218.110,384.45,3.45,76,127,566
04/10/2017 16:04:57,157,10.9,220.650,383.88,3.45,75,126,566
04/10/2017 16:05:07,143,10.9,223.330,384.52,3.45,75,128,566
04/10/2017 16:05:17,148,10.9,226.050,384.18,3.45,74,127,566
04/10/2017 16:05:27,168,10.8,228.670,384.29,3.45,77,125,566
04/10/2017 16:05:37,163,10.8,231.230,383.99,3.45,74,127,566
04/10/2017 16:05:47,159,10.8,233.910,384.36,3.45,75,131,566
04/10/2017 16:05:57,141,10.9,236.620,383.46,3.45,76,125,566
04/10/2017 16:06:07,161,10.8,239.090,383.04,3.45,76,131,566
04/10/2017 16:06:17,162,10.8,241.780,384.32,3.45,75,148,566
04/10/2017 16:06:27,164,10.8,244.380,383.35,3.45,76,127,566
04/10/2017 16:06:37,157,10.8,247.010,383.98,3.45,76,127,566
04/10/2017 16:06:47,177,10.8,249.620,385.10,3.45,76,126,566
04/10/2017 16:06:57,173,10.8,252.370,383.77,3.45,75,130,566
04/10/2017 16:07:07,169,10.8,255.050,384.00,3.45,76,127,566
04/10/2017 16:07:17,163,10.8,257.660,383.05,3.46,75,131,566
04/10/2017 16:07:27,172,10.8,260.290,384.19,3.46,75,129,566
04/10/2017 16:07:37,158,10.8,262.820,383.71,3.46,76,128,566
04/10/2017 16:07:47,180,10.8,265.520,383.29,3.46,75,129,566
04/10/2017 16:07:57,174,10.8,268.170,383.96,3.46,75,126,566
04/10/2017 16:08:07,168,10.8,270.820,382.99,3.46,74,126,566
04/10/2017 16:08:17,168,10.8,273.490,383.13,3.46,74,127,565
04/10/2017 16:08:27,174,10.8,276.090,382.79,3.46,73,127,566
04/10/2017 16:08:37,176,10.8,278.710,383.13,3.46,73,125,566
04/10/2017 16:08:47,149,10.8,281.300,383.72,3.46,74,126,566
04/10/2017 16:08:57,174,10.8,283.970,381.94,3.46,74,127,566
04/10/2017 16:09:07,172,10.8,286.580,383.39,3.46,74,129,566
04/10/2017 16:09:17,174,10.8,289.250,382.76,3.46,74,127,566
04/10/2017 16:09:27,167,10.8,291.780,382.49,3.46,74,126,566
04/10/2017 16:09:37,174,10.8,294.470,382.33,3.46,74,127,566
04/10/2017 16:09:47,161,10.8,297.140,383.17,3.46,73,125,565
04/10/2017 16:09:57,172,10.8,299.630,381.77,3.46,71,129,565
04/10/2017 16:10:07,175,10.8,302.360,381.54,3.46,70,125,565
04/10/2017 16:10:17,182,10.8,305.010,381.95,3.46,69,126,566
04/10/2017 16:10:27,151,10.8,307.590,382.11,3.46,70,124,565
04/10/2017 16:10:37,150,10.8,310.200,382.07,3.46,70,126,565
04/10/2017 16:10:47,167,10.8,312.770,381.57,3.46,70,126,565
04/10/2017 16:10:57,178,10.8,315.460,381.76,3.46,71,125,565
04/10/2017 16:11:07,164,10.8,318.070,380.58,3.46,70,126,565
04/10/2017 16:11:17,172,10.8,320.630,381.11,3.46,70,124,565
04/10/2017 16:11:27,176,10.8,323.370,381.09,3.46,69,126,565
04/10/2017 16:11:37,153,10.8,325.990,381.70,3.46,69,124,565
04/10/2017 16:11:47,179,10.8,328.540,381.21,3.46,70,129,565
04/10/2017 16:11:57,173,10.8,331.100,380.26,3.46,69,125,565
04/10/2017 16:12:07,189,10.8,333.850,380.81,3.46,69,125,565
04/10/2017 16:12:17,162,10.8,336.360,381.08,3.46,69,126,565
04/10/2017 16:12:27,183,10.8,339.100,381.14,3.46,69,125,565
04/10/2017 16:12:37,144,10.8,341.570,380.88,3.46,69,126,565
04/10/2017 16:12:47,166,10.8,344.230,380.47,3.46,68,124,565
04/10/2017 16:12:57,172,10.8,346.870,380.84,3.46,69,124,565
04/10/2017 16:13:07,152,10.8,349.610,381.02,3.46,69,125,565
04/10/2017 16:13:17,149,10.8,352.190,380.84,3.46,69,128,565
04/10/2017 16:13:27,162,10.8,354.720,380.44,3.46,70,125,565
04/10/2017 16:13:37,183,10.8,357.420,380.97,3.46,69,126,565
04/10/2017 16:13:47,174,10.8,360.020,380.79,3.46,68,127,565
04/10/2017 16:13:57,166,10.8,362.640,380.75,3.46,69,124,565
04/10/2017 16:14:07,182,10.8,365.230,380.34,3.46,69,124,565
04/10/2017 16:14:17,142,10.8,367.820,380.68,3.46,68,126,565
04/10/2017 16:14:27,172,10.8,370.470,380.38,3.46,69,125,565
04/10/2017 16:14:37,163,10.8,373.190,381.19,3.46,69,125,565
04/10/2017 16:14:47,187,10.8,375.830,380.65,3.46,69,126,565
04/10/2017 16:14:57,173,10.8,378.450,381.09,3.46,68,127,565
04/10/2017 16:15:07,181,10.8,380.930,379.75,3.46,68,126,565
04/10/2017 16:15:17,183,10.8,383.530,379.56,3.46,68,125,565
04/10/2017 16:15:27,173,10.8,386.180,380.31,3.46,68,124,565
04/10/2017 16:15:37,165,10.8,388.820,380.39,3.46,68,127,565
04/10/2017 16:15:47,179,10.8,391.480,380.90,3.46,69,125,565
04/10/2017 16:15:57,167,10.8,394.070,380.18,3.46,69,126,565
04/10/2017 16:16:07,193,10.8,396.720,380.08,3.46,67,125,565
04/10/2017 16:16:17,189,10.8,399.240,379.40,3.46,69,126,565
04/10/2017 16:16:27,173,10.9,401.970,379.44,3.47,69,125,565
04/10/2017 16:16:37,189,10.8,404.610,380.81,3.47,68,126,565
04/10/2017 16:16:47,153,10.8,407.280,380.17,3.46,67,123,565
04/10/2017 16:16:57,193,10.8,409.880,378.68,3.51,67,124,565
04/10/2017 16:17:07,166,10.8,412.350,378.31,3.51,66,123,565
04/10/2017 16:17:17,173,10.8,415.000,378.19,3.51,65,124,565
04/10/2017 16:17:27,177,10.8,417.590,377.88,3.49,69,125,565
04/10/2017 16:17:37,191,10.8,420.150,378.90,3.49,69,125,565
04/10/2017 16:17:47,183,10.8,422.920,379.37,3.49,68,127,565
04/10/2017 16:17:57,186,10.8,425.570,378.85,3.46,69,124,565
04/10/2017 16:18:07,149,10.8,428.050,379.70,3.46,69,125,565
04/10/2017 16:18:17,202,10.8,430.750,379.18,3.46,69,128,565
04/10/2017 16:18:27,153,10.9,433.440,379.14,3.46,69,124,565
04/10/2017 16:18:37,176,10.8,435.950,379.49,3.46,68,126,565
04/10/2017 16:18:47,159,10.8,438.600,379.23,3.46,70,128,565
04/10/2017 16:18:57,185,10.8,441.300,379.37,3.46,68,127,565
04/10/2017 16:19:07,180,10.8,443.730,378.79,3.46,69,126,565
04/10/2017 16:19:17,174,10.8,446.430,380.03,3.46,68,131,565
04/10/2017 16:19:27,181,10.8,449.080,380.49,3.46,69,126,565
04/10/2017 16:19:37,152,10.8,451.610,380.07,3.46,70,124,565
04/10/2017 16:19:47,186,10.8,454.250,379.71,3.46,69,125,565
04/10/2017 16:19:57,177,10.8,456.950,379.28,3.46,70,125,565
04/10/2017 16:20:07,183,10.8,459.530,380.01,3.46,68,126,565
04/10/2017 16:20:17,191,10.8,462.140,378.77,3.46,69,125,565
04/10/2017 16:20:27,157,10.8,464.690,377.64,3.46,70,126,565
04/10/2017 16:20:37,167,10.8,467.370,379.37,3.46,68,127,565
04/10/2017 16:20:47,184,10.8,469.940,378.75,3.47,69,124,565
04/10/2017 16:20:57,164,10.8,472.550,378.41,3.46,70,125,565
04/10/2017 16:21:07,176,10.8,475.120,378.30,3.46,69,125,565
04/10/2017 16:21:17,158,10.8,477.750,379.18,3.46,70,125,565
04/10/2017 16:21:27,171,10.8,480.440,379.16,3.47,69,126,565
04/10/2017 16:21:37,167,10.8,482.980,379.54,3.46,70,125,565
04/10/2017 16:21:47,171,10.8,485.570,378.64,3.47,69,125,565
04/10/2017 16:21:57,185,10.8,488.260,379.68,3.47,69,124,565
04/10/2017 16:22:07,169,10.8,490.730,378.97,3.47,68,126,565
04/10/2017 16:22:17,190,10.8,493.460,378.08,3.47,69,124,565
04/10/2017 16:22:27,189,10.8,496.150,377.46,3.47,69,125,565
04/10/2017 16:22:37,179,10.8,498.690,378.33,3.47,69,125,565
04/10/2017 16:22:47,161,10.8,501.150,378.67,3.47,69,125,565
04/10/2017 16:22:57,175,10.8,503.820,379.31,3.46,69,127,565
04/10/2017 16:23:07,161,10.8,506.430,379.20,3.46,68,126,565
04/10/2017 16:23:17,177,10.8,509.030,378.17,3.46,70,130,565
04/10/2017 16:23:27,173,10.8,511.650,378.51,3.46,69,125,565
04/10/2017 16:23:37,167,10.8,514.280,378.76,3.46,68,126,565
04/10/2017 16:23:47,202,10.8,516.920,378.51,3.46,67,124,565
04/10/2017 16:23:57,182,10.8,519.490,378.61,3.46,68,125,565
04/10/2017 16:24:07,191,10.8,522.040,378.35,3.46,68,125,565
04/10/2017 16:24:17,177,10.8,524.630,377.88,3.46,69,126,565
04/10/2017 16:24:27,186,10.8,527.370,377.99,3.46,68,125,565
04/10/2017 16:24:37,188,10.8,529.860,378.12,3.47,68,126,565
04/10/2017 16:24:47,186,10.8,532.510,377.99,3.47,68,125,565
04/10/2017 16:24:57,200,10.8,535.150,377.93,3.47,69,125,565
04/10/2017 16:25:07,173,10.9,537.620,378.65,3.47,70,123,565
04/10/2017 16:25:17,176,10.9,540.380,376.83,3.47,68,125,565
04/10/2017 16:25:27,181,10.9,542.840,377.87,3.47,68,124,565
04/10/2017 16:25:37,205,10.8,545.510,377.27,3.47,68,124,565
04/10/2017 16:25:47,177,10.8,548.090,378.15,3.47,67,125,565
04/10/2017 16:25:57,198,10.8,550.620,377.71,3.47,68,126,565
04/10/2017 16:26:07,177,10.8,553.320,378.00,3.47,69,127,565
04/10/2017 16:26:17,177,10.8,555.850,377.61,3.47,68,124,565
04/10/2017 16:26:27,187,10.8,558.370,377.88,3.46,69,126,565
04/10/2017 16:26:37,160,10.8,561.030,378.27,3.46,67,130,565
04/10/2017 16:26:47,163,10.8,563.600,377.63,3.46,68,125,565
04/10/2017 16:26:57,178,10.8,566.270,377.64,3.46,68,125,565
04/10/2017 16:27:07,180,10.9,568.800,377.52,3.46,68,126,565
04/10/2017 16:27:17,184,10.8,571.410,377.89,3.46,69,126,565
04/10/2017 16:27:27,187,10.8,574.090,377.76,3.46,68,125,565
04/10/2017 16:27:37,195,10.8,576.700,377.32,3.46,68,126,565
04/10/2017 16:27:47,189,10.8,579.280,377.42,3.46,69,125,565
04/10/2017 16:27:57,191,10.8,581.820,376.52,3.46,68,126,565
04/10/2017 16:28:07,171,10.8,584.350,377.26,3.46,68,125,565
04/10/2017 16:28:17,156,10.8,586.900,377.59,3.46,67,124,565
04/10/2017 16:28:27,185,10.8,589.660,376.88,3.46,68,123,565
04/10/2017 16:28:37,150,10.8,592.170,376.20,3.46,68,127,565
04/10/2017 16:28:47,177,10.8,594.830,377.57,3.46,67,132,565
04/10/2017 16:28:57,198,10.8,597.480,377.31,3.46,66,124,565
04/10/2017 16:29:07,193,10.8,600.070,377.76,3.46,66,125,565
04/10/2017 16:29:17,169,10.8,602.580,377.14,3.46,68,123,565
04/10/2017 16:29:27,189,10.8,605.190,376.87,3.46,67,138,565
04/10/2017 16:29:37,175,10.8,607.890,375.70,3.46,66,124,565
04/10/2017 16:29:47,195,10.9,610.410,376.23,3.47,68,129,565
04/10/2017 16:29:57,161,10.8,612.970,375.84,3.47,68,123,565
04/10/2017 16:30:07,167,10.8,615.630,376.74,3.47,68,123,565
04/10/2017 16:30:17,160,10.8,618.190,377.44,3.47,68,125,565
04/10/2017 16:30:27,177,10.9,620.870,376.16,3.47,67,124,565
04/10/2017 16:30:37,191,10.8,623.450,375.89,3.48,68,124,565
04/10/2017 16:30:47,185,10.8,626.120,376.07,3.48,66,123,565
04/10/2017 16:30:57,181,10.8,628.710,376.22,3.48,67,128,565
04/10/2017 16:31:07,187,10.8,631.240,375.48,3.48,69,124,565
04/10/2017 16:31:17,174,10.8,633.920,374.80,3.48,66,127,565
04/10/2017 16:31:27,175,10.8,636.450,376.40,3.49,67,124,565
04/10/2017 16:31:37,165,10.8,639.130,374.63,3.49,68,123,565
04/10/2017 16:31:47,188,10.8,641.710,376.31,3.49,68,126,565
04/10/2017 16:31:57,162,10.8,644.290,375.74,3.48,67,123,565
04/10/2017 16:32:07,199,10.8,646.910,375.64,3.49,67,124,565
04/10/2017 16:32:17,195,10.8,649.510,375.25,3.48,67,144,565
04/10/2017 16:32:27,186,10.8,652.040,374.80,3.48,66,126,565
04/10/2017 16:32:37,190,10.8,654.620,375.14,3.48,67,125,565
04/10/2017 16:32:47,185,10.8,657.180,375.62,3.48,66,123,565
04/10/2017 16:32:57,194,10.8,659.840,375.19,3.48,67,123,565
04/10/2017 16:33:07,164,10.8,662.400,375.28,3.48,64,126,565
04/10/2017 16:33:17,192,10.8,665.020,374.70,3.47,66,124,565
04/10/2017 16:33:27,166,10.8,667.630,375.74,3.47,67,125,565
04/10/2017 16:33:37,188,10.8,670.220,375.28,3.47,66,123,565
04/10/2017 16:33:47,189,10.8,672.770,374.97,3.47,65,124,565
04/10/2017 16:33:57,196,10.8,675.300,374.35,3.47,66,123,565
04/10/2017 16:34:07,180,10.8,677.900,374.06,3.47,64,123,565
04/10/2017 16:34:17,171,10.8,680.570,373.88,3.47,66,124,565
04/10/2017 16:34:27,188,10.8,683.040,373.29,3.47,66,124,565
04/10/2017 16:34:37,199,10.8,685.700,374.73,3.46,66,123,565
04/10/2017 16:34:47,186,10.8,688.370,374.71,3.45,62,123,565
04/10/2017 16:34:57,212,10.8,690.930,373.68,3.44,63,123,565
04/10/2017 16:35:07,182,10.8,693.550,374.21,3.44,61,122,565
04/10/2017 16:35:17,178,10.8,696.130,374.51,3.44,63,122,565
04/10/2017 16:35:27,204,10.8,698.600,374.53,3.44,63,123,565
04/10/2017 16:35:37,165,10.8,701.230,373.70,3.44,62,123,565
04/10/2017 16:35:47,166,10.8,703.800,374.35,3.44,63,122,565
04/10/2017 16:35:57,193,10.8,706.460,373.64,3.44,62,122,565
04/10/2017 16:36:07,188,10.8,709.140,373.50,3.44,63,123,565
04/10/2017 16:36:17,179,10.8,711.700,374.05,3.43,61,123,565
04/10/2017 16:36:27,180,10.8,714.300,373.77,3.43,61,123,565
04/10/2017 16:36:37,193,10.8,716.860,372.69,3.43,60,121,565
04/10/2017 16:36:47,183,10.8,719.310,372.08,3.43,59,125,565
04/10/2017 16:36:57,185,10.8,721.930,372.41,3.42,61,123,565
04/10/2017 16:37:07,185,10.8,724.560,372.97,3.42,62,124,565
04/10/2017 16:37:17,165,10.8,727.140,372.14,3.42,61,123,565
04/10/2017 16:37:27,168,10.8,729.830,373.73,3.42,60,123,565
04/10/2017 16:37:37,161,10.8,732.320,372.95,3.42,59,122,565
04/10/2017 16:37:47,176,10.8,734.810,372.02,3.42,61,122,565
04/10/2017 16:37:57,176,10.8,737.580,373.62,3.43,60,127,565
04/10/2017 16:38:07,187,10.8,740.220,372.84,3.43,61,122,565
04/10/2017 16:38:17,170,10.8,742.680,372.93,3.42,60,124,565
04/10/2017 16:38:27,207,10.8,745.230,372.31,3.42,59,127,565
04/10/2017 16:38:37,185,10.8,747.900,372.61,3.42,58,121,565
04/10/2017 16:38:47,189,10.8,750.490,373.57,3.41,59,122,565
04/10/2017 16:38:57,190,10.8,753.130,372.09,3.41,59,123,565
04/10/2017 16:39:07,165,10.8,755.640,372.93,3.41,60,123,565
04/10/2017 16:39:17,199,10.8,758.180,371.92,3.41,59,121,565
04/10/2017 16:39:27,178,10.8,760.660,372.37,3.40,58,121,565
04/10/2017 16:39:37,168,10.8,763.290,372.25,3.40,57,121,565
04/10/2017 16:39:47,164,10.8,765.950,371.69,3.39,57,122,565
04/10/2017 16:39:57,177,10.8,768.450,371.60,3.39,57,123,565
04/10/2017 16:40:07,165,10.8,770.990,370.79,3.39,56,122,565
04/10/2017 16:40:17,186,10.8,773.660,370.50,3.39,57,124,565
04/10/2017 16:40:27,191,10.8,776.170,370.97,3.39,57,121,565
04/10/2017 16:40:37,185,10.8,778.760,370.82,3.39,56,121,565
04/10/2017 16:40:47,189,10.8,781.410,370.46,3.38,55,122,565
04/10/2017 16:40:57,190,10.8,783.870,370.77,3.38,56,123,565
04/10/2017 16:41:07,195,10.8,786.460,370.40,3.38,56,123,565
04/10/2017 16:41:17,173,10.8,789.070,370.04,3.38,55,120,565
04/10/2017 16:41:27,184,10.8,791.610,369.35,3.37,55,120,565
04/10/2017 16:41:37,180,10.8,794.220,369.65,3.37,56,120,565
04/10/2017 16:41:47,191,10.8,796.820,369.49,3.38,57,121,565
04/10/2017 16:41:57,181,10.8,799.440,369.17,3.38,56,122,565
04/10/2017 16:42:07,192,10.8,801.850,368.45,3.38,55,120,565
04/10/2017 16:42:17,174,10.8,804.450,368.11,3.37,54,120,565
04/10/2017 16:42:27,182,10.8,807.180,368.41,3.37,55,120,565
04/10/2017 16:42:37,199,10.8,809.710,368.45,3.37,55,119,565
04/10/2017 16:42:47,191,10.8,812.220,368.06,3.37,55,119,565
04/10/2017 16:42:57,190,10.8,814.810,366.86,3.37,56,120,565
04/10/2017 16:43:07,182,10.8,817.460,367.89,3.37,54,118,565
04/10/2017 16:43:17,182,10.8,820.010,368.30,3.37,54,122,565
04/10/2017 16:43:27,179,10.8,822.510,367.17,3.36,54,124,565
04/10/2017 16:43:37,185,10.8,825.190,368.13,3.36,53,120,565
04/10/2017 16:43:47,176,10.8,827.720,367.43,3.36,54,121,565
04/10/2017 16:43:57,182,10.8,830.250,366.94,3.36,55,119,565
04/10/2017 16:44:07,193,10.8,832.800,366.97,3.36,56,120,565
04/10/2017 16:44:17,173,10.8,835.370,367.26,3.36,53,120,565
04/10/2017 16:44:27,193,10.8,838.110,367.66,3.36,54,119,565
04/10/2017 16:44:37,162,10.8,840.600,367.81,3.35,53,120,565
04/10/2017 16:44:47,193,10.8,843.140,369.26,3.35,55,120,565
04/10/2017 16:44:57,196,10.8,845.680,367.96,3.35,56,119,565
04/10/2017 16:45:07,213,10.8,848.330,367.57,3.35,55,121,565
04/10/2017 16:45:17,191,10.8,850.790,368.05,3.34,55,121,565
04/10/2017 16:45:27,192,10.8,853.390,368.55,3.34,54,119,565
04/10/2017 16:45:37,172,10.8,855.920,367.98,3.34,55,121,565
04/10/2017 16:45:47,195,10.8,858.600,368.20,3.34,53,123,565
04/10/2017 16:45:57,170,10.8,861.160,367.17,3.34,53,121,565
04/10/2017 16:46:07,197,10.8,863.710,367.83,3.34,55,122,565
04/10/2017 16:46:17,187,10.8,866.150,368.26,3.34,53,122,565
04/10/2017 16:46:27,205,10.8,868.820,368.77,3.34,55,120,565
04/10/2017 16:46:37,202,10.8,871.390,367.95,3.34,53,120,565
04/10/2017 16:46:47,188,10.8,873.940,368.46,3.34,56,120,565
04/10/2017 16:46:57,166,10.9,876.380,367.85,3.34,53,119,565
04/10/2017 16:47:07,183,10.8,879.020,367.86,3.34,55,120,565
04/10/2017 16:47:17,199,10.8,881.530,368.04,3.34,54,120,565
04/10/2017 16:47:27,197,10.8,884.090,367.22,3.34,54,120,565
04/10/2017 16:47:37,174,10.8,886.710,367.74,3.34,55,121,565
04/10/2017 16:47:47,202,10.8,889.250,368.19,3.33,55,120,565
04/10/2017 16:47:57,169,10.8,891.900,368.25,3.34,53,121,565
04/10/2017 16:48:07,181,10.8,894.350,367.34,3.33,55,124,565
04/10/2017 16:48:17,199,10.8,897.010,366.71,3.33,53,121,565
04/10/2017 16:48:27,192,10.8,899.470,366.61,3.33,54,120,565
04/10/2017 16:48:37,170,10.8,902.050,367.22,3.33,54,120,565
04/10/2017 16:48:47,182,10.8,904.610,367.68,3.33,54,120,565
04/10/2017 16:48:57,204,10.8,907.150,367.57,3.33,54,117,565
04/10/2017 16:49:07,189,10.8,909.700,366.84,3.33,54,121,565
04/10/2017 16:49:17,168,10.9,912.170,366.78,3.33,54,123,565
04/10/2017 16:49:27,194,10.8,914.900,366.78,3.33,54,117,565
04/10/2017 16:49:37,180,10.8,917.280,367.36,3.33,53,120,565
04/10/2017 16:49:47,187,10.8,919.960,366.77,3.33,54,121,565
04/10/2017 16:49:57,144,10.9,922.380,366.02,3.33,53,124,565
04/10/2017 16:50:07,193,10.8,924.960,366.30,3.33,54,119,565
04/10/2017 16:50:17,168,10.8,927.560,367.14,3.33,53,119,565
04/10/2017 16:50:27,186,10.8,930.110,365.68,3.33,52,119,565
04/10/2017 16:50:37,214,10.8,932.590,365.89,3.33,54,119,565
04/10/2017 16:50:47,192,10.8,935.270,364.97,3.33,53,120,565
04/10/2017 16:50:57,197,10.8,937.850,365.33,3.33,53,117,565
04/10/2017 16:51:07,199,10.8,940.310,365.38,3.33,53,120,565
04/10/2017 16:51:17,178,10.9,942.880,364.61,3.33,52,124,565
04/10/2017 16:51:27,182,10.8,945.500,364.66,3.33,53,119,565
04/10/2017 16:51:37,183,10.8,947.970,363.81,3.33,53,119,565
04/10/2017 16:51:47,195,10.8,950.580,365.23,3.33,53,118,565
04/10/2017 16:51:57,195,10.8,953.190,364.95,3.33,52,122,565
04/10/2017 16:52:07,189,10.8,955.640,364.51,3.33,54,118,565
04/10/2017 16:52:17,208,10.8,958.240,364.38,3.33,53,119,565
04/10/2017 16:52:27,178,10.8,960.800,364.99,3.33,54,118,565
04/10/2017 16:52:37,206,10.9,963.250,363.72,3.34,51,117,565
04/10/2017 16:52:47,189,10.8,965.810,364.00,3.34,53,118,565
04/10/2017 16:52:57,175,10.8,968.340,363.31,3.34,53,119,565
04/10/2017 16:53:07,211,10.9,971.000,363.17,3.34,52,120,565
04/10/2017 16:53:17,204,10.8,973.360,363.49,3.34,52,120,565
04/10/2017 16:53:27,159,10.8,975.890,363.79,3.34,52,118,565
04/10/2017 16:53:37,192,10.8,978.460,363.07,3.34,52,118,565
04/10/2017 16:53:47,188,10.8,980.940,363.47,3.34,53,120,565
04/10/2017 16:53:57,187,10.8,983.540,362.78,3.34,52,118,565
04/10/2017 16:54:07,186,10.8,986.210,363.39,3.34,52,117,565
04/10/2017 16:54:17,211,10.8,988.760,362.65,3.34,52,117,565
04/10/2017 16:54:27,185,10.8,991.240,362.24,3.34,53,117,565
04/10/2017 16:54:37,209,10.8,993.750,361.50,3.34,53,116,565
04/10/2017 16:54:47,205,10.8,996.250,362.27,3.34,52,117,565
04/10/2017 16:54:57,178,10.8,998.790,361.75,3.34,51,116,565
04/10/2017 16:55:07,186,10.8,1001.390,362.35,3.34,51,116,565
04/10/2017 16:55:17,187,10.8,1003.890,361.46,3.34,53,118,565
04/10/2017 16:55:27,188,10.8,1006.550,361.96,3.34,50,115,565
04/10/2017 16:55:37,206,10.8,1009.020,362.44,3.34,53,117,565
04/10/2017 16:55:47,196,10.8,1011.570,362.16,3.34,52,115,565
04/10/2017 16:55:57,183,10.8,1014.210,361.94,3.34,50,118,565
04/10/2017 16:56:07,179,10.8,1016.710,361.56,3.33,53,117,565
04/10/2017 16:56:17,206,10.8,1019.200,361.58,3.33,54,116,565
04/10/2017 16:56:27,201,10.8,1021.730,361.11,3.33,53,118,565
04/10/2017 16:56:37,175,10.8,1024.440,361.09,3.33,53,117,565
04/10/2017 16:56:47,181,10.8,1026.850,362.17,3.33,53,117,565
04/10/2017 16:56:57,172,10.8,1029.480,361.71,3.33,52,121,565
04/10/2017 16:57:07,193,10.8,1032.050,361.28,3.33,53,117,565
04/10/2017 16:57:17,192,10.8,1034.570,360.74,3.33,53,117,565
04/10/2017 16:57:27,214,10.8,1037.050,360.77,3.33,53,115,565
04/10/2017 16:57:37,204,10.8,1039.630,360.41,3.33,53,116,565
04/10/2017 16:57:47,217,10.8,1042.220,360.27,3.34,53,117,565
04/10/2017 16:57:57,176,10.9,1044.700,361.64,3.34,53,116,565
04/10/2017 16:58:07,193,10.8,1047.310,360.81,3.34,52,117,565
04/10/2017 16:58:17,186,10.8,1049.830,360.49,3.33,53,116,565
04/10/2017 16:58:27,196,10.9,1052.330,360.01,3.33,52,119,565
04/10/2017 16:58:37,166,10.8,1054.900,359.32,3.33,53,116,565
04/10/2017 16:58:47,200,10.8,1057.550,359.77,3.33,52,117,565
04/10/2017 16:58:57,175,10.9,1059.980,360.36,3.33,52,119,565
04/10/2017 16:59:07,206,10.8,1062.700,359.22,3.33,54,116,565
04/10/2017 16:59:17,205,10.8,1065.130,359.65,3.33,52,116,565
04/10/2017 16:59:27,166,10.8,1067.690,359.39,3.33,53,115,565
04/10/2017 16:59:37,201,10.9,1070.220,359.51,3.33,52,116,565
04/10/2017 16:59:47,174,10.8,1072.870,360.08,3.33,52,118,565
04/10/2017 16:59:57,199,10.8,1075.410,359.40,3.33,54,118,565
04/10/2017 17:00:07,186,10.8,1077.830,359.42,3.33,51,114,565
04/10/2017 17:00:17,170,10.8,1080.380,359.50,3.34,53,117,565
04/10/2017 17:00:27,167,10.8,1083.080,358.85,3.33,51,115,565
04/10/2017 17:00:37,181,10.8,1085.450,358.46,3.33,52,114,565
04/10/2017 17:00:47,190,10.8,1088.040,359.28,3.33,52,116,565
04/10/2017 17:00:57,192,10.8,1090.700,358.98,3.33,54,116,565
04/10/2017 17:01:07,176,10.9,1093.130,359.42,3.33,52,114,565
04/10/2017 17:01:17,185,10.9,1095.770,359.33,3.32,51,115,565
04/10/2017 17:01:27,172,10.8,1098.120,358.48,3.32,52,116,565
04/10/2017 17:01:37,219,10.8,1100.790,357.91,3.32,51,117,565
04/10/2017 17:01:47,188,10.9,1103.280,358.52,3.32,53,115,565
04/10/2017 17:01:57,187,10.9,1105.650,358.85,3.32,51,114,565
04/10/2017 17:02:07,179,10.8,1108.270,358.57,3.32,52,115,565
04/10/2017 17:02:17,203,10.8,1110.880,359.02,3.33,52,113,565
04/10/2017 17:02:27,180,10.8,1113.290,357.85,3.32,52,115,565
04/10/2017 17:02:37,197,10.8,1115.980,357.99,3.32,52,116,565
04/10/2017 17:02:47,187,10.9,1118.350,358.09,3.32,53,115,565
04/10/2017 17:02:57,186,10.8,1121.070,357.53,3.32,52,114,565
04/10/2017 17:03:07,181,10.8,1123.510,358.59,3.32,52,117,565
04/10/2017 17:03:17,170,10.8,1125.980,357.52,3.32,52,116,565
04/10/2017 17:03:27,179,10.9,1128.650,358.43,3.32,52,115,565
04/10/2017 17:03:37,195,10.8,1131.160,358.20,3.32,52,115,565
04/10/2017 17:03:47,178,10.8,1133.640,358.86,3.32,52,115,565
04/10/2017 17:03:57,171,10.8,1136.230,359.05,3.32,53,115,565
04/10/2017 17:04:07,183,10.8,1138.740,358.52,3.32,50,115,565
04/10/2017 17:04:17,199,10.8,1141.370,358.19,3.32,52,113,565
04/10/2017 17:04:27,182,10.8,1143.840,357.65,3.32,54,118,565
04/10/2017 17:04:37,192,10.8,1146.470,358.22,3.32,53,114,565
04/10/2017 17:04:47,189,10.8,1148.910,357.41,3.32,52,115,565
04/10/2017 17:04:57,173,10.8,1151.560,357.96,3.32,53,114,565
04/10/2017 17:05:07,190,10.8,1154.030,357.64,3.32,53,118,565
04/10/2017 17:05:17,185,10.8,1156.550,357.42,3.32,53,115,565
04/10/2017 17:05:27,171,10.9,1159.020,358.35,3.32,52,114,565
04/10/2017 17:05:37,184,10.8,1161.650,357.59,3.32,53,114,565
04/10/2017 17:05:47,198,10.8,1164.060,359.31,3.32,52,115,565
04/10/2017 17:05:57,178,10.9,1166.750,357.72,3.32,54,114,565
04/10/2017 17:06:07,200,10.8,1169.220,357.56,3.32,53,115,565
04/10/2017 17:06:17,171,10.8,1171.820,356.52,3.32,52,115,565
04/10/2017 17:06:27,187,10.8,1174.420,356.46,3.32,52,114,565
04/10/2017 17:06:37,175,10.8,1176.840,356.54,3.33,53,115,565
04/10/2017 17:06:47,175,10.8,1179.540,356.50,3.33,52,115,565
04/10/2017 17:06:57,195,10.9,1181.990,356.25,3.33,53,116,565
04/10/2017 17:07:07,200,10.8,1184.600,355.81,3.33,52,114,565
04/10/2017 17:07:17,200,10.8,1187.080,356.47,3.34,51,114,565
04/10/2017 17:07:27,202,10.8,1189.630,355.35,3.34,51,114,565
04/10/2017 17:07:37,167,10.8,1192.250,355.20,3.36,52,113,565
04/10/2017 17:07:47,178,10.8,1194.650,356.17,3.36,52,114,565
04/10/2017 17:07:57,194,10.8,1197.250,355.48,3.36,51,113,565
04/10/2017 17:08:07,186,10.8,1199.830,354.99,3.36,53,115,565
04/10/2017 17:08:17,157,10.9,1202.210,355.63,3.37,54,114,565
04/10/2017 17:08:27,178,10.9,1204.850,354.72,3.37,52,112,565
04/10/2017 17:08:37,163,10.9,1207.470,354.73,3.36,52,114,565
04/10/2017 17:08:47,203,10.8,1210.030,355.41,3.36,53,115,565
04/10/2017 17:08:57,172,10.9,1212.510,355.32,3.35,52,114,565
04/10/2017 17:09:07,220,10.8,1214.970,355.23,3.36,52,113,565
04/10/2017 17:09:17,198,10.8,1217.550,355.24,3.36,53,114,565
04/10/2017 17:09:27,194,10.9,1219.920,354.80,3.35,53,112,565
04/10/2017 17:09:37,201,10.8,1222.530,354.54,3.36,52,114,565
04/10/2017 17:09:47,169,10.9,1225.120,353.84,3.36,52,113,565
04/10/2017 17:09:57,182,10.9,1227.510,354.24,3.36,53,113,565
04/10/2017 17:10:07,199,10.8,1230.240,354.06,3.37,54,113,565
04/10/2017 17:10:17,189,10.8,1232.730,353.20,3.37,51,112,565
04/10/2017 17:10:27,188,10.8,1235.180,353.51,3.37,52,113,565
04/10/2017 17:10:37,190,10.8,1237.910,352.63,3.37,52,114,565
04/10/2017 17:10:47,199,10.8,1240.390,353.09,3.37,52,114,565
04/10/2017 17:10:57,176,10.8,1242.930,353.05,3.37,52,112,565
04/10/2017 17:11:07,169,10.8,1245.370,352.00,3.38,52,113,565
04/10/2017 17:11:17,187,10.8,1247.940,352.27,3.38,53,114,565
04/10/2017 17:11:27,194,10.8,1250.540,351.64,3.39,52,116,565
04/10/2017 17:11:37,219,10.8,1252.970,351.35,3.39,53,114,565
04/10/2017 17:11:47,191,10.8,1255.500,351.20,3.39,51,112,565
04/10/2017 17:11:57,201,10.8,1258.140,350.36,3.40,53,113,565
04/10/2017 17:12:07,185,10.8,1260.610,350.46,3.40,52,113,565
04/10/2017 17:12:17,164,10.8,1263.280,350.44,3.40,52,114,565
04/10/2017 17:12:27,182,10.8,1265.790,350.19,3.40,53,113,565
04/10/2017 17:12:37,203,10.8,1268.250,349.74,3.41,51,112,565
04/10/2017 17:12:47,191,10.9,1270.820,349.38,3.41,51,113,565
04/10/2017 17:12:57,189,10.8,1273.420,349.09,3.42,53,114,565
04/10/2017 17:13:07,176,10.9,1275.950,348.93,3.42,51,114,565
04/10/2017 17:13:17,191,10.9,1278.510,348.60,3.42,54,113,565
04/10/2017 17:13:27,203,10.8,1280.970,348.54,3.42,53,113,565
04/10/2017 17:13:37,197,10.8,1283.480,348.72,3.43,53,113,565
04/10/2017 17:13:47,187,10.8,1286.050,347.59,3.43,51,113,565
04/10/2017 17:13:57,191,10.8,1288.700,347.28,3.43,52,114,565
04/10/2017 17:14:07,186,10.8,1291.130,346.01,3.43,51,114,565
04/10/2017 17:14:17,195,10.8,1293.640,347.69,3.43,53,115,565
04/10/2017 17:14:27,182,10.8,1296.210,347.05,3.44,51,113,565
04/10/2017 17:14:37,204,10.8,1298.820,346.20,3.45,53,113,565
04/10/2017 17:14:47,181,10.8,1301.270,345.56,3.46,53,114,565
04/10/2017 17:14:57,178,10.8,1303.750,344.56,3.47,52,113,565
04/10/2017 17:15:07,194,10.8,1306.340,344.44,3.48,50,114,565
04/10/2017 17:15:17,184,10.8,1308.960,343.91,3.48,54,115,565
04/10/2017 17:15:27,200,10.8,1311.340,343.83,3.49,53,112,565
04/10/2017 17:15:37,203,10.8,1313.940,342.28,3.49,53,112,565
04/10/2017 17:15:47,198,10.9,1316.540,343.01,3.49,54,116,565
04/10/2017 17:15:57,174,10.8,1318.990,342.17,3.50,52,113,565
04/10/2017 17:16:07,170,10.9,1321.600,341.03,3.51,52,113,565
04/10/2017 17:16:17,169,10.8,1324.030,340.75,3.51,53,114,565
04/10/2017 17:16:27,186,10.8,1326.530,340.82,3.52,53,114,565
04/10/2017 17:16:37,189,10.8,1329.130,340.33,3.53,52,113,565
04/10/2017 17:16:47,196,10.8,1331.800,339.76,3.53,52,113,565
04/10/2017 17:16:57,217,10.8,1334.220,338.67,3.53,53,113,565
04/10/2017 17:17:07,193,10.8,1336.890,338.98,3.53,53,114,565
04/10/2017 17:17:17,181,10.8,1339.340,339.50,3.53,53,115,565
04/10/2017 17:17:27,166,10.8,1341.990,339.10,3.52,53,114,565
04/10/2017 17:17:37,178,10.8,1344.500,337.86,3.52,52,113,565
04/10/2017 17:17:47,196,10.8,1347.040,338.63,3.52,52,113,565
04/10/2017 17:17:57,180,10.8,1349.570,338.64,3.52,52,114,565
04/10/2017 17:18:07,182,10.8,1352.120,337.31,3.53,51,113,565
04/10/2017 17:18:17,174,10.9,1354.650,337.67,3.53,52,118,565
04/10/2017 17:18:27,192,10.8,1357.190,337.35,3.53,54,113,565
04/10/2017 17:18:37,183,10.8,1359.680,336.98,3.53,52,113,565
04/10/2017 17:18:47,160,10.8,1362.200,337.84,3.53,53,114,565
04/10/2017 17:18:57,192,10.8,1364.730,336.26,3.54,52,115,565
04/10/2017 17:19:07,178,10.8,1367.310,336.63,3.54,52,114,565
04/10/2017 17:19:17,192,10.8,1369.880,336.18,3.54,52,113,565
04/10/2017 17:19:27,201,10.8,1372.460,336.11,3.54,52,115,565
04/10/2017 17:19:37,190,10.8,1374.970,336.08,3.55,53,115,565
04/10/2017 17:19:47,207,10.8,1377.410,336.33,3.55,52,115,565
04/10/2017 17:19:57,203,10.9,1380.000,335.42,3.56,53,113,565
04/10/2017 17:20:07,188,10.8,1382.610,334.57,3.56,52,114,565
04/10/2017 17:20:17,186,10.8,1385.240,334.46,3.57,52,114,565
04/10/2017 17:20:27,181,10.8,1387.730,333.65,3.57,53,115,565
04/10/2017 17:20:37,185,10.8,1390.220,332.99,3.57,53,115,565
04/10/2017 17:20:47,201,10.8,1392.860,332.54,3.58,52,113,565
04/10/2017 17:20:57,189,10.8,1395.460,332.52,3.58,51,113,565
04/10/2017 17:21:07,171,10.9,1397.900,332.24,3.58,52,113,565
04/10/2017 17:21:17,176,10.8,1400.440,331.75,3.58,54,111,565
04/10/2017 17:21:27,179,10.8,1403.050,332.33,3.58,53,115,565
04/10/2017 17:21:37,186,10.8,1405.620,331.89,3.58,52,112,565
04/10/2017 17:21:47,163,10.9,1408.250,330.92,3.58,53,112,565
04/10/2017 17:21:57,179,10.8,1410.790,331.14,3.58,53,113,565
04/10/2017 17:22:07,199,10.8,1413.300,331.03,3.57,53,112,565
04/10/2017 17:22:17,180,10.8,1415.880,330.83,3.57,53,113,565
04/10/2017 17:22:27,187,10.9,1418.450,331.04,3.57,53,114,565
04/10/2017 17:22:37,182,10.8,1421.090,330.93,3.57,52,115,565
04/10/2017 17:22:47,167,10.8,1423.480,330.74,3.57,52,111,565
04/10/2017 17:22:57,167,10.8,1426.150,330.36,3.57,52,113,565
04/10/2017 17:23:07,159,10.9,1428.590,329.11,3.57,53,113,565
04/10/2017 17:23:17,172,10.9,1431.320,329.45,3.57,51,113,565
04/10/2017 17:23:27,169,10.9,1433.840,329.45,3.57,52,113,565
04/10/2017 17:23:37,187,10.8,1436.400,329.23,3.57,52,112,565
04/10/2017 17:23:47,183,10.9,1438.900,328.70,3.57,53,113,565
04/10/2017 17:23:57,174,10.8,1441.490,329.14,3.57,52,113,565
04/10/2017 17:24:07,175,10.8,1444.080,328.97,3.57,52,112,565
04/10/2017 17:24:17,168,10.8,1446.710,328.87,3.57,52,113,565
04/10/2017 17:24:27,179,10.8,1449.250,328.52,3.57,52,113,565
04/10/2017 17:24:37,176,10.8,1451.850,328.26,3.57,54,113,565
04/10/2017 17:24:47,176,10.8,1454.320,328.46,3.56,53,112,565
04/10/2017 17:24:57,178,10.8,1456.900,328.55,3.56,53,112,565
04/10/2017 17:25:07,166,10.9,1459.570,327.44,3.56,55,113,565
04/10/2017 17:25:17,175,10.8,1462.040,328.60,3.56,54,113,565
04/10/2017 17:25:27,202,10.8,1464.640,327.78,3.55,52,115,565
04/10/2017 17:25:37,190,10.8,1467.230,327.54,3.55,53,113,565
04/10/2017 17:25:47,159,10.9,1469.880,327.72,3.55,52,112,565
04/10/2017 17:25:57,176,10.9,1472.400,327.33,3.55,53,114,565
04/10/2017 17:26:07,164,10.8,1474.920,327.26,3.54,54,115,565
04/10/2017 17:26:17,178,10.8,1477.580,327.54,3.53,52,114,565
04/10/2017 17:26:27,177,10.9,1479.980,327.18,3.53,52,113,565
04/10/2017 17:26:37,179,10.8,1482.670,327.21,3.53,53,112,565
04/10/2017 17:26:47,173,10.8,1485.210,327.76,3.53,54,146,565
04/10/2017 17:26:57,161,10.9,1487.770,327.18,3.53,53,113,565
04/10/2017 17:27:07,163,10.8,1490.320,327.11,3.52,53,115,565
04/10/2017 17:27:17,166,10.9,1492.800,326.70,3.52,54,112,565
04/10/2017 17:27:27,172,10.8,1495.400,327.16,3.52,54,113,565
04/10/2017 17:27:37,177,10.8,1498.130,326.62,3.53,54,112,565
04/10/2017 17:27:47,171,10.8,1500.560,326.76,3.53,52,112,565
04/10/2017 17:27:57,168,10.8,1503.210,325.73,3.54,52,113,565
04/10/2017 17:28:07,169,10.9,1505.710,325.50,3.54,52,112,565
04/10/2017 17:28:17,172,10.9,1508.360,325.58,3.53,53,112,565
04/10/2017 17:28:27,185,10.8,1510.900,325.59,3.53,52,112,564
04/10/2017 17:28:37,183,10.8,1513.480,326.31,3.53,53,113,564
04/10/2017 17:28:47,177,10.8,1516.010,325.70,3.53,53,115,565
04/10/2017 17:28:57,177,10.8,1518.630,325.40,3.52,52,112,565
04/10/2017 17:29:07,165,10.9,1521.260,325.06,3.52,53,119,565
04/10/2017 17:29:17,177,10.8,1523.830,325.83,3.52,53,112,565
04/10/2017 17:29:27,159,10.9,1526.460,325.84,3.52,54,112,565
04/10/2017 17:29:37,160,10.9,1529.020,325.88,3.52,52,113,565
04/10/2017 17:29:47,164,10.8,1531.600,325.28,3.51,54,117,564
04/10/2017 17:29:57,171,10.9,1534.160,325.57,3.51,54,113,564
04/10/2017 17:30:07,148,10.9,1536.750,325.84,3.51,53,112,565
04/10/2017 17:30:17,148,10.9,1539.400,325.04,3.51,53,110,565
04/10/2017 17:30:27,168,10.9,1542.000,325.54,3.51,53,112,564
04/10/2017 17:30:37,166,10.9,1544.440,326.26,3.50,53,111,565
04/10/2017 17:30:47,157,10.9,1547.170,325.53,3.50,54,112,565
04/10/2017 17:30:57,169,10.9,1549.560,325.16,3.49,54,112,565
04/10/2017 17:31:07,165,10.9,1552.200,325.80,3.49,53,112,565
04/10/2017 17:31:17,163,10.9,1554.790,325.25,3.49,53,110,565
04/10/2017 17:31:27,202,10.9,1557.350,326.03,3.49,53,112,565
04/10/2017 17:31:37,181,10.9,1559.890,325.38,3.48,53,112,565
04/10/2017 17:31:47,171,10.9,1562.390,326.38,3.48,53,113,565
04/10/2017 17:31:57,110,10.9,1564.910,325.20,3.48,54,112,565
04/10/2017 17:32:07,169,10.8,1567.520,325.23,3.47,54,112,565
04/10/2017 17:32:17,158,10.9,1570.030,325.73,3.47,53,113,565
04/10/2017 17:32:27,174,10.8,1572.500,325.51,3.47,53,112,565
04/10/2017 17:32:37,155,10.8,1575.050,326.06,3.47,52,113,565
04/10/2017 17:32:47,167,10.9,1577.580,326.03,3.47,52,114,565
04/10/2017 17:32:57,149,10.9,1580.170,325.21,3.47,52,116,565
04/10/2017 17:33:07,165,10.9,1582.630,325.46,3.46,54,112,565
04/10/2017 17:33:17,157,10.9,1585.100,325.70,3.46,53,112,565
04/10/2017 17:33:27,187,10.8,1587.650,325.60,3.45,53,113,565
04/10/2017 17:33:37,172,10.9,1590.220,325.96,3.45,54,114,565
04/10/2017 17:33:47,115,10.9,1592.730,324.45,3.45,53,113,565
04/10/2017 17:33:57,151,10.9,1595.280,324.65,3.45,53,112,565
04/10/2017 17:34:07,173,10.8,1597.870,326.02,3.44,53,114,565
04/10/2017 17:34:17,130,10.9,1600.250,325.71,3.44,52,113,565
04/10/2017 17:34:27,169,10.9,1602.880,325.17,3.44,53,112,565
04/10/2017 17:34:37,141,10.9,1605.430,325.60,3.44,54,111,565
04/10/2017 17:34:47,169,10.8,1608.050,325.54,3.43,53,112,565
04/10/2017 17:34:57,146,10.9,1610.410,325.06,3.43,52,112,565
04/10/2017 17:35:07,186,10.8,1612.800,325.37,3.43,54,112,565
04/10/2017 17:35:17,171,10.8,1615.320,325.34,3.43,54,113,565
04/10/2017 17:35:27,164,10.8,1617.840,325.09,3.43,51,122,565
04/10/2017 17:35:37,177,10.9,1620.230,325.53,3.43,52,111,565
04/10/2017 17:35:47,162,10.9,1622.880,324.52,3.43,54,116,565
04/10/2017 17:35:57,145,10.9,1625.270,325.48,3.43,53,113,565
04/10/2017 17:36:07,137,10.9,1627.210,324.43,3.42,53,113,565
04/10/2017 17:36:17,159,10.9,1629.170,325.01,3.42,53,113,565
04/10/2017 17:36:27,135,10.8,1631.420,324.47,3.43,54,114,565
04/10/2017 17:36:37,165,10.9,1633.820,324.97,3.43,54,114,565
04/10/2017 17:36:47,171,10.8,1636.120,325.02,3.43,53,114,565
04/10/2017 17:36:57,204,10.9,1638.350,324.93,3.43,53,112,565
04/10/2017 17:37:07,186,10.8,1640.780,324.38,3.42,54,112,565
04/10/2017 17:37:17,159,10.9,1643.240,324.54,3.41,51,112,565
04/10/2017 17:37:27,150,10.8,1645.810,325.15,3.41,52,113,565
04/10/2017 17:37:37,161,10.8,1648.390,324.86,3.40,53,112,565
04/10/2017 17:37:47,181,10.8,1650.840,324.86,3.40,52,112,565
04/10/2017 17:37:57,177,10.8,1653.230,324.88,3.40,53,111,565
04/10/2017 17:38:07,173,10.8,1655.910,325.21,3.40,51,111,565
04/10/2017 17:38:17,163,10.8,1658.320,325.89,3.40,53,115,565
04/10/2017 17:38:27,171,10.9,1660.860,323.89,3.40,54,113,565
04/10/2017 17:38:37,175,10.9,1663.390,324.00,3.40,53,112,565
04/10/2017 17:38:47,178,10.8,1665.910,324.87,3.39,52,111,565
04/10/2017 17:38:57,184,10.8,1668.380,325.04,3.39,53,110,565
04/10/2017 17:39:07,142,10.9,1670.820,324.73,3.39,53,111,565
04/10/2017 17:39:17,164,10.8,1673.550,324.16,3.38,53,115,565
04/10/2017 17:39:27,173,10.9,1676.000,324.89,3.38,53,114,565
04/10/2017 17:39:37,189,10.8,1678.410,325.05,3.38,52,112,565
04/10/2017 17:39:47,181,10.9,1680.950,324.99,3.37,54,112,565
04/10/2017 17:39:57,184,10.8,1683.520,324.73,3.36,53,113,565
04/10/2017 17:40:07,174,10.8,1686.110,324.84,3.36,53,111,565
04/10/2017 17:40:17,186,10.8,1688.610,325.30,3.36,52,112,565
04/10/2017 17:40:27,165,10.8,1691.130,325.34,3.36,52,116,565
04/10/2017 17:40:37,167,10.8,1693.610,324.56,3.37,52,113,565
04/10/2017 17:40:47,167,10.8,1696.180,324.82,3.37,54,117,565
04/10/2017 17:40:57,180,10.8,1698.870,324.42,3.37,53,111,565
04/10/2017 17:41:07,164,10.9,1701.420,324.41,3.37,54,111,565
04/10/2017 17:41:17,188,10.8,1704.010,324.29,3.37,53,112,565
04/10/2017 17:41:27,183,10.8,1706.470,323.80,3.38,54,113,565
04/10/2017 17:41:37,180,10.8,1708.950,324.42,3.38,54,112,565
04/10/2017 17:41:47,182,10.8,1711.630,325.01,3.36,54,113,565
04/10/2017 17:41:57,120,10.9,1714.030,324.13,3.36,53,116,565
04/10/2017 17:42:07,190,10.8,1716.520,323.99,3.36,53,112,565
04/10/2017 17:42:17,177,10.9,1719.210,324.78,3.35,53,110,565
04/10/2017 17:42:27,184,10.8,1721.630,324.94,3.35,53,114,565
04/10/2017 17:42:37,220,10.8,1724.220,324.93,3.34,53,113,565
04/10/2017 17:42:47,152,10.9,1726.780,323.98,3.34,53,117,565
04/10/2017 17:42:57,190,10.8,1729.120,324.69,3.34,53,119,565
04/10/2017 17:43:07,174,10.8,1731.720,324.59,3.34,53,113,565
04/10/2017 17:43:17,174,10.8,1734.200,324.19,3.35,55,112,565
04/10/2017 17:43:27,182,10.8,1736.830,323.92,3.35,52,112,565
04/10/2017 17:43:37,179,10.9,1739.400,323.79,3.34,53,112,565
04/10/2017 17:43:47,187,10.8,1741.840,324.53,3.34,52,113,565
04/10/2017 17:43:57,171,10.8,1744.480,324.19,3.34,53,112,565
04/10/2017 17:44:07,166,10.9,1747.010,323.95,3.33,53,111,565
04/10/2017 17:44:17,190,10.8,1749.590,323.81,3.33,52,111,565
04/10/2017 17:44:27,157,10.8,1752.080,325.11,3.33,53,113,565
04/10/2017 17:44:37,179,10.9,1754.630,323.71,3.33,53,111,565
04/10/2017 17:44:47,177,10.8,1757.220,323.81,3.33,54,110,565
04/10/2017 17:44:57,176,10.8,1759.820,324.03,3.33,53,111,565
04/10/2017 17:45:07,132,10.9,1762.300,324.33,3.33,51,114,565
04/10/2017 17:45:17,174,10.9,1764.800,324.42,3.33,53,111,565
04/10/2017 17:45:27,169,10.9,1767.390,323.62,3.32,52,112,565
04/10/2017 17:45:37,185,10.8,1769.990,324.63,3.32,53,111,565
04/10/2017 17:45:47,173,10.9,1772.520,323.83,3.32,53,111,565
04/10/2017 17:45:57,188,10.8,1775.080,324.10,3.32,52,111,565
04/10/2017 17:46:07,174,10.9,1777.720,323.83,3.32,53,110,565
04/10/2017 17:46:17,182,10.9,1780.150,323.62,3.32,53,112,565
04/10/2017 17:46:27,189,10.8,1782.780,323.32,3.32,53,113,565
04/10/2017 17:46:37,194,10.8,1785.410,323.66,3.32,53,111,565
04/10/2017 17:46:47,195,10.8,1787.890,323.16,3.32,52,111,565
04/10/2017 17:46:57,192,10.8,1790.540,323.96,3.32,53,109,565
04/10/2017 17:47:07,193,10.8,1793.160,323.68,3.31,51,110,565
04/10/2017 17:47:17,174,10.9,1795.660,323.75,3.31,53,111,565
04/10/2017 17:47:27,158,10.9,1798.220,323.55,3.30,53,111,565
04/10/2017 17:47:37,176,10.8,1800.750,324.19,3.30,52,110,565
04/10/2017 17:47:47,182,10.8,1803.430,323.70,3.30,53,112,565
04/10/2017 17:47:57,165,10.9,1806.010,323.57,3.30,52,112,565
04/10/2017 17:48:07,164,10.9,1808.440,323.25,3.30,52,112,565
04/10/2017 17:48:17,181,10.9,1811.040,323.59,3.29,52,109,565
04/10/2017 17:48:27,179,10.8,1813.580,323.24,3.29,53,110,565
04/10/2017 17:48:37,170,10.9,1816.110,323.94,3.29,53,110,565
04/10/2017 17:48:47,179,10.8,1818.660,322.55,3.29,54,111,565
04/10/2017 17:48:57,190,10.8,1821.200,323.54,3.29,54,110,565
04/10/2017 17:49:07,175,10.9,1823.830,323.65,3.28,52,110,565
04/10/2017 17:49:17,182,10.8,1826.410,322.68,3.28,54,116,565
04/10/2017 17:49:27,185,10.8,1828.900,322.99,3.28,54,109,565
04/10/2017 17:49:37,191,10.8,1831.560,323.26,3.28,53,110,565
04/10/2017 17:49:47,188,10.8,1834.040,322.41,3.28,52,110,565
04/10/2017 17:49:57,186,10.8,1836.620,323.17,3.28,51,110,565
04/10/2017 17:50:07,190,10.8,1839.190,323.67,3.27,54,110,565
04/10/2017 17:50:17,167,10.9,1841.670,322.91,3.27,53,110,565
04/10/2017 17:50:27,175,10.8,1844.180,323.47,3.27,51,109,565
04/10/2017 17:50:37,179,10.9,1846.770,322.83,3.26,51,110,565
04/10/2017 17:50:47,184,10.9,1849.260,323.55,3.26,54,112,565
04/10/2017 17:50:57,197,10.8,1851.790,323.64,3.26,51,109,565
04/10/2017 17:51:07,191,10.8,1854.420,323.25,3.26,52,111,565
04/10/2017 17:51:17,190,10.8,1857.050,322.31,3.26,53,111,565
04/10/2017 17:51:27,198,10.8,1859.440,323.47,3.26,54,109,565
04/10/2017 17:51:37,174,10.8,1862.020,322.18,3.26,52,109,565
04/10/2017 17:51:47,188,10.8,1864.590,323.25,3.25,52,110,565
04/10/2017 17:51:57,202,10.8,1866.980,323.21,3.25,54,112,565
04/10/2017 17:52:07,206,10.8,1869.640,323.31,3.25,54,108,565
04/10/2017 17:52:17,189,10.8,1872.080,322.82,3.25,51,109,565
04/10/2017 17:52:27,191,10.8,1874.540,322.26,3.25,54,110,565
04/10/2017 17:52:37,200,10.8,1877.200,322.71,3.25,52,110,565
04/10/2017 17:52:47,182,10.9,1879.650,322.33,3.25,53,109,565
04/10/2017 17:52:57,196,10.8,1882.100,322.54,3.25,53,110,565
04/10/2017 17:53:07,204,10.8,1884.760,322.66,3.24,53,109,565
04/10/2017 17:53:17,199,10.8,1887.130,322.28,3.24,54,109,565
04/10/2017 17:53:27,197,10.8,1889.740,322.47,3.24,53,111,565
04/10/2017 17:53:37,194,10.8,1892.260,322.59,3.23,53,111,565
04/10/2017 17:53:47,219,10.8,1894.730,322.63,3.23,55,112,565
04/10/2017 17:53:57,203,10.8,1897.350,323.10,3.23,52,110,565
04/10/2017 17:54:07,185,10.9,1899.790,323.30,3.22,54,109,565
04/10/2017 17:54:17,210,10.8,1902.200,323.17,3.22,54,110,565
04/10/2017 17:54:27,205,10.8,1904.780,322.93,3.22,54,112,565
04/10/2017 17:54:37,163,10.8,1907.280,322.88,3.21,52,108,565
04/10/2017 17:54:47,190,10.8,1909.740,322.65,3.21,53,110,565
04/10/2017 17:54:57,181,10.8,1912.300,323.08,3.20,53,109,565
04/10/2017 17:55:07,178,10.8,1914.740,322.93,3.19,52,110,565
04/10/2017 17:55:17,200,10.8,1917.230,323.81,3.19,53,110,565
04/10/2017 17:55:27,198,10.8,1919.810,323.11,3.19,53,109,565
04/10/2017 17:55:37,172,10.8,1922.250,323.34,3.19,53,111,565
04/10/2017 17:55:47,220,10.8,1924.800,322.81,3.19,54,115,565
04/10/2017 17:55:57,180,10.8,1927.320,323.39,3.19,53,108,565
04/10/2017 17:56:07,202,10.8,1929.880,322.91,3.18,55,111,565
04/10/2017 17:56:17,198,10.8,1932.230,322.73,3.18,53,109,565
04/10/2017 17:56:27,197,10.8,1934.740,322.77,3.18,53,110,565
04/10/2017 17:56:37,157,10.8,1937.330,323.41,3.18,54,111,565
04/10/2017 17:56:47,190,10.8,1939.870,323.29,3.17,52,110,565
04/10/2017 17:56:57,200,10.8,1942.320,323.00,3.17,54,111,565
04/10/2017 17:57:07,196,10.8,1944.840,323.43,3.17,53,109,565
04/10/2017 17:57:17,175,10.9,1947.400,323.58,3.16,53,111,565
04/10/2017 17:57:27,183,10.8,1949.800,323.68,3.16,53,110,565
04/10/2017 17:57:37,194,10.8,1952.470,323.89,3.15,52,109,565
04/10/2017 17:57:47,203,10.8,1955.050,323.68,3.15,53,108,565
04/10/2017 17:57:57,195,10.8,1957.420,323.90,3.15,52,111,565
04/10/2017 17:58:07,210,10.8,1959.900,323.36,3.15,52,111,565
04/10/2017 17:58:17,187,10.8,1962.480,323.56,3.14,52,110,565
04/10/2017 17:58:27,206,10.8,1964.910,323.23,3.14,53,110,565
04/10/2017 17:58:37,179,10.8,1967.340,323.79,3.14,53,109,565
04/10/2017 17:58:47,192,10.8,1969.860,322.94,3.13,52,110,565
04/10/2017 17:58:57,192,10.8,1972.440,323.06,3.13,53,110,565
04/10/2017 17:59:07,172,10.8,1974.940,323.57,3.12,53,108,565
04/10/2017 17:59:17,193,10.8,1977.370,323.70,3.12,52,109,565
04/10/2017 17:59:27,202,10.8,1979.930,322.86,3.12,53,109,565
04/10/2017 17:59:37,204,10.8,1982.420,323.69,3.11,52,110,565
04/10/2017 17:59:47,193,10.8,1984.960,323.11,3.11,53,113,565
04/10/2017 17:59:57,177,10.8,1987.460,323.19,3.12,53,110,565
04/10/2017 18:00:07,202,10.9,1989.790,323.21,3.11,54,110,565
04/10/2017 18:00:17,199,10.8,1992.330,323.85,3.11,54,110,565
04/10/2017 18:00:27,195,10.8,1994.890,323.31,3.10,53,109,565
04/10/2017 18:00:37,186,10.8,1997.290,322.88,3.10,50,109,565
04/10/2017 18:00:47,210,10.8,1999.840,322.98,3.10,52,110,565
04/10/2017 18:00:57,221,10.8,2002.410,322.75,3.10,52,112,565
04/10/2017 18:01:07,198,10.8,2004.870,322.73,3.09,52,109,565
04/10/2017 18:01:17,193,10.9,2007.360,322.71,3.09,53,109,565
04/10/2017 18:01:27,205,10.8,2009.780,323.36,3.08,52,110,565
04/10/2017 18:01:37,190,10.8,2012.300,323.67,3.07,55,113,565
04/10/2017 18:01:47,184,10.8,2014.820,323.01,3.07,52,111,565
04/10/2017 18:01:57,194,10.8,2017.290,323.68,3.06,53,112,565
04/10/2017 18:02:07,184,10.8,2019.680,323.98,3.06,54,109,565
04/10/2017 18:02:17,201,10.9,2022.250,323.87,3.06,53,109,565
04/10/2017 18:02:27,194,10.8,2024.740,323.40,3.07,53,108,565
04/10/2017 18:02:37,190,10.8,2027.360,322.88,3.07,53,109,565
04/10/2017 18:02:47,189,10.8,2029.790,322.83,3.08,53,111,565
04/10/2017 18:02:57,203,10.8,2032.200,322.53,3.08,51,112,565
04/10/2017 18:03:07,195,10.8,2034.800,322.15,3.08,53,110,565
04/10/2017 18:03:17,196,10.8,2037.320,322.60,3.07,53,110,565
04/10/2017 18:03:27,197,10.8,2039.780,322.26,3.07,54,110,565
04/10/2017 18:03:37,191,10.8,2042.290,322.28,3.07,54,110,565
04/10/2017 18:03:47,186,10.9,2044.640,322.20,3.07,54,110,565
04/10/2017 18:03:57,198,10.8,2047.260,322.14,3.07,52,108,565
04/10/2017 18:04:07,205,10.8,2049.710,322.62,3.06,51,110,565
04/10/2017 18:04:17,173,10.8,2052.190,322.35,3.06,53,111,565
04/10/2017 18:04:27,210,10.8,2054.700,322.64,3.06,53,110,565
04/10/2017 18:04:37,203,10.8,2057.140,322.57,3.06,53,109,565
04/10/2017 18:04:47,172,10.8,2059.660,322.30,3.06,52,111,565
04/10/2017 18:04:57,211,10.8,2062.060,321.61,3.06,52,109,565
04/10/2017 18:05:07,210,10.8,2064.600,322.19,3.04,53,110,565
04/10/2017 18:05:17,208,10.8,2067.150,321.98,3.04,53,108,565
04/10/2017 18:05:27,202,10.8,2069.700,322.25,3.05,53,109,565
04/10/2017 18:05:37,198,10.9,2072.040,322.73,3.05,53,109,565
04/10/2017 18:05:47,207,10.8,2074.550,322.80,3.04,55,111,565
04/10/2017 18:05:57,192,10.8,2077.150,321.88,3.04,54,111,565
04/10/2017 18:06:07,193,10.9,2079.600,322.06,3.04,53,109,565
04/10/2017 18:06:17,197,10.8,2082.080,321.94,3.04,53,111,565
04/10/2017 18:06:27,210,10.8,2084.580,321.38,3.04,54,110,565
04/10/2017 18:06:37,197,10.8,2087.030,322.04,3.03,52,109,565
04/10/2017 18:06:47,185,10.8,2089.590,321.02,3.03,54,108,565
04/10/2017 18:06:57,210,10.8,2092.040,322.66,3.03,54,110,565
04/10/2017 18:07:07,195,10.8,2094.560,322.14,3.03,54,108,565
04/10/2017 18:07:17,188,10.8,2096.980,322.48,3.02,53,109,565
04/10/2017 18:07:27,181,10.8,2099.600,322.01,3.02,53,110,565
04/10/2017 18:07:37,189,10.8,2102.070,322.22,3.02,52,110,565
04/10/2017 18:07:47,195,10.8,2104.590,322.81,3.02,54,110,565
04/10/2017 18:07:57,196,10.8,2107.060,322.01,3.01,52,108,565
04/10/2017 18:08:07,205,10.8,2109.520,321.26,3.01,53,110,565
04/10/2017 18:08:17,185,10.8,2112.180,322.13,3.00,53,111,565
04/10/2017 18:08:27,183,10.8,2114.530,321.93,3.00,52,110,565
04/10/2017 18:08:37,210,10.8,2117.230,321.67,3.00,54,112,565
04/10/2017 18:08:47,167,10.8,2119.810,321.83,3.00,54,109,565
04/10/2017 18:08:57,181,10.8,2122.190,321.70,3.00,52,109,565
04/10/2017 18:09:07,163,10.9,2124.680,322.09,3.00,53,112,565
04/10/2017 18:09:17,201,10.8,2126.960,321.50,3.01,53,109,565
04/10/2017 18:09:27,209,10.8,2129.480,321.76,3.00,52,110,565
04/10/2017 18:09:37,202,10.8,2131.910,321.96,3.00,52,110,565
04/10/2017 18:09:47,192,10.8,2134.360,322.25,3.00,52,111,565
04/10/2017 18:09:57,204,10.8,2136.800,321.31,3.00,53,111,565
04/10/2017 18:10:07,201,10.9,2139.330,322.01,3.00,53,115,565
04/10/2017 18:10:17,197,10.8,2141.630,321.53,3.00,53,110,565
04/10/2017 18:10:27,198,10.8,2144.230,321.53,2.99,53,110,565
04/10/2017 18:10:37,186,10.9,2146.670,320.57,2.99,52,109,565
04/10/2017 18:10:47,197,10.8,2149.120,321.07,2.99,54,111,565
04/10/2017 18:10:57,208,10.8,2151.760,321.76,2.98,54,110,565
04/10/2017 18:11:07,179,10.8,2154.160,322.38,2.98,53,109,565
04/10/2017 18:11:17,195,10.8,2156.680,321.41,2.98,54,113,565
04/10/2017 18:11:27,186,10.8,2159.200,321.51,2.98,52,114,565
04/10/2017 18:11:37,195,10.9,2161.650,322.50,2.98,52,110,565
04/10/2017 18:11:47,194,10.8,2164.080,321.40,2.98,54,109,565
04/10/2017 18:11:57,197,10.8,2166.600,321.86,2.98,52,110,565
04/10/2017 18:12:07,202,10.8,2169.160,321.80,2.97,53,110,565
04/10/2017 18:12:17,203,10.8,2171.760,321.64,2.97,52,113,565
04/10/2017 18:12:27,193,10.9,2174.160,322.30,2.97,52,108,565
04/10/2017 18:12:37,206,10.8,2176.780,320.91,2.97,52,110,565
04/10/2017 18:12:47,203,10.8,2179.220,321.36,2.96,53,109,565
04/10/2017 18:12:57,189,10.8,2181.750,321.22,2.96,53,110,565
04/10/2017 18:13:07,202,10.9,2184.270,321.41,2.96,53,109,565
04/10/2017 18:13:17,192,10.8,2186.820,321.45,2.96,53,109,565
04/10/2017 18:13:27,184,10.8,2189.360,321.74,2.96,54,109,565
04/10/2017 18:13:37,206,10.8,2191.820,321.52,2.96,53,110,565
04/10/2017 18:13:47,193,10.8,2194.410,321.83,2.95,53,110,565
04/10/2017 18:13:57,221,10.8,2196.870,321.21,2.95,53,111,565
04/10/2017 18:14:07,210,10.8,2199.400,321.22,2.95,52,112,565
04/10/2017 18:14:17,191,10.8,2201.860,321.24,2.95,53,113,565
04/10/2017 18:14:27,193,10.9,2204.430,321.32,2.94,53,111,565
04/10/2017 18:14:37,209,10.8,2207.020,322.26,2.94,53,111,565
04/10/2017 18:14:47,209,10.8,2209.450,321.76,2.94,53,111,566
04/10/2017 18:14:57,185,10.8,2211.930,322.27,2.93,52,109,565
04/10/2017 18:15:07,204,10.8,2214.340,321.94,2.93,54,108,565
04/10/2017 18:15:17,212,10.8,2216.820,321.88,2.93,53,111,565
04/10/2017 18:15:27,188,10.9,2219.450,321.60,2.93,53,109,565
04/10/2017 18:15:37,205,10.9,2221.890,321.18,2.93,54,111,565
04/10/2017 18:15:47,182,10.8,2224.300,321.03,2.93,52,110,565
04/10/2017 18:15:57,210,10.9,2226.770,321.47,2.93,53,109,565
04/10/2017 18:16:07,216,10.8,2229.150,321.65,2.93,51,112,566
04/10/2017 18:16:17,211,10.8,2231.770,321.92,2.92,52,111,565
04/10/2017 18:16:27,227,10.8,2234.160,321.96,2.92,53,109,565
04/10/2017 18:16:37,193,10.8,2236.710,321.58,2.92,52,110,565
04/10/2017 18:16:47,209,10.8,2239.170,321.44,2.91,52,111,566
04/10/2017 18:16:57,208,10.8,2241.700,321.34,2.91,53,109,566
04/10/2017 18:17:07,205,10.8,2244.130,321.62,2.91,53,110,565
04/10/2017 18:17:17,206,10.8,2246.510,321.02,2.91,52,110,565
04/10/2017 18:17:27,210,10.8,2248.950,321.81,2.90,53,111,565
04/10/2017 18:17:37,201,10.8,2251.570,322.40,2.90,53,110,565
04/10/2017 18:17:47,196,10.8,2254.040,321.67,2.90,53,111,565
04/10/2017 18:17:57,201,10.8,2256.490,321.69,2.89,51,109,565
04/10/2017 18:18:07,199,10.8,2259.070,322.02,2.89,51,110,565
04/10/2017 18:18:17,190,10.8,2261.650,321.34,2.89,53,110,566
04/10/2017 18:18:27,197,10.8,2264.110,321.46,2.89,53,110,566
04/10/2017 18:18:37,210,10.8,2266.570,321.96,2.89,54,109,566
04/10/2017 18:18:47,208,10.8,2269.020,321.06,2.89,52,109,565
04/10/2017 18:18:57,227,10.8,2271.500,321.86,2.89,53,109,566
04/10/2017 18:19:07,206,10.8,2274.000,321.59,2.89,53,110,565
04/10/2017 18:19:17,196,10.8,2276.560,321.23,2.89,53,110,565
04/10/2017 18:19:27,204,10.8,2279.060,321.26,2.88,53,110,566
04/10/2017 18:19:37,165,10.8,2281.580,321.18,2.88,55,110,565
04/10/2017 18:19:47,207,10.8,2284.080,320.85,2.88,52,111,565
04/10/2017 18:19:57,186,10.8,2286.570,321.27,2.88,53,111,566
04/10/2017 18:20:07,208,10.8,2289.100,321.08,2.88,52,112,566
04/10/2017 18:20:17,199,10.8,2291.490,321.21,2.88,53,109,566
04/10/2017 18:20:27,191,10.8,2293.770,321.68,2.87,53,110,565
04/10/2017 18:20:37,222,10.8,2296.310,322.25,2.87,53,112,565
04/10/2017 18:20:47,224,10.8,2298.810,321.71,2.87,54,111,565
04/10/2017 18:20:57,214,10.8,2301.300,321.23,2.87,53,109,565
04/10/2017 18:21:07,227,10.8,2303.760,322.13,2.86,53,112,566
04/10/2017 18:21:17,209,10.8,2306.170,321.81,2.86,53,112,565
04/10/2017 18:21:27,186,10.8,2308.760,322.40,2.85,53,112,566
04/10/2017 18:21:37,205,10.8,2311.130,322.16,2.85,52,111,566
04/10/2017 18:21:47,198,10.8,2313.480,321.79,2.85,54,111,566
04/10/2017 18:21:57,190,10.9,2316.030,322.02,2.85,53,110,566
04/10/2017 18:22:07,217,10.8,2318.480,322.25,2.85,53,111,566
04/10/2017 18:22:17,220,10.8,2320.940,321.39,2.84,52,108,565
04/10/2017 18:22:27,221,10.8,2323.450,321.51,2.84,53,108,566
04/10/2017 18:22:37,198,10.8,2325.960,320.78,2.84,53,110,566
04/10/2017 18:22:47,201,10.8,2328.450,321.26,2.84,53,110,566
04/10/2017 18:22:57,211,10.8,2331.000,321.26,2.84,53,111,566
04/10/2017 18:23:07,203,10.8,2333.560,321.43,2.83,53,109,565
04/10/2017 18:23:17,195,10.8,2335.820,321.03,2.83,54,120,566
04/10/2017 18:23:27,226,10.8,2338.320,320.15,2.83,54,110,566
04/10/2017 18:23:37,216,10.8,2340.690,320.77,2.83,54,108,566
04/10/2017 18:23:47,220,10.8,2343.090,320.75,2.83,53,109,565
04/10/2017 18:23:57,219,10.8,2345.440,321.19,2.82,52,109,566
04/10/2017 18:24:07,164,10.8,2347.840,320.63,2.82,53,110,566
04/10/2017 18:24:17,216,10.8,2350.310,321.14,2.82,53,109,566
04/10/2017 18:24:27,233,10.8,2352.730,320.92,2.82,53,108,566
04/10/2017 18:24:37,209,10.8,2355.170,320.27,2.82,55,118,566
04/10/2017 18:24:47,212,10.8,2357.710,320.26,2.82,53,111,566
04/10/2017 18:24:57,216,10.8,2360.110,320.38,2.81,53,111,566
04/10/2017 18:25:07,206,10.8,2362.380,320.73,2.81,53,110,566
04/10/2017 18:25:17,218,10.8,2364.860,320.97,2.81,53,109,565
04/10/2017 18:25:27,177,10.8,2367.180,320.36,2.80,52,112,566
04/10/2017 18:25:37,220,10.8,2369.500,321.44,2.80,55,110,566
04/10/2017 18:25:47,211,10.9,2371.830,320.84,2.80,54,112,566
04/10/2017 18:25:57,220,10.8,2374.190,320.50,2.80,54,111,566
04/10/2017 18:26:07,223,10.8,2376.510,321.17,2.80,53,110,566
04/10/2017 18:26:17,214,10.8,2379.010,320.60,2.79,52,111,566
04/10/2017 18:26:27,241,10.8,2381.330,320.64,2.79,51,111,566
04/10/2017 18:26:37,221,10.8,2383.690,320.66,2.79,53,112,566
04/10/2017 18:26:47,218,10.8,2386.150,320.72,2.79,53,111,566
04/10/2017 18:26:57,228,10.8,2388.570,320.08,2.79,53,110,566
04/10/2017 18:27:07,203,10.8,2391.050,320.94,2.79,53,112,566
04/10/2017 18:27:17,207,10.8,2393.320,320.74,2.78,52,112,566
04/10/2017 18:27:27,201,10.8,2395.660,320.72,2.78,52,111,566
04/10/2017 18:27:37,204,10.8,2397.970,320.64,2.77,54,108,566
04/10/2017 18:27:47,237,10.8,2400.380,319.85,2.77,52,113,566
04/10/2017 18:27:57,199,10.9,2402.840,320.51,2.77,54,110,566
04/10/2017 18:28:07,202,10.9,2405.280,320.70,2.76,54,111,566
04/10/2017 18:28:17,199,10.8,2407.570,320.75,2.76,53,111,566
04/10/2017 18:28:27,227,10.8,2410.030,321.16,2.76,53,112,566
04/10/2017 18:28:37,221,10.8,2412.530,321.28,2.74,53,114,566
04/10/2017 18:28:47,216,10.8,2414.850,321.60,2.74,53,113,566
04/10/2017 18:28:57,196,10.8,2417.170,321.69,2.74,53,114,566
04/10/2017 18:29:07,219,10.8,2419.530,321.38,2.74,52,115,566
04/10/2017 18:29:17,233,10.8,2421.960,322.57,2.73,53,111,566
04/10/2017 18:29:27,212,10.8,2424.360,322.53,2.73,54,111,566
04/10/2017 18:29:37,205,10.8,2426.730,321.87,2.72,53,113,566
04/10/2017 18:29:47,185,10.8,2429.030,321.82,2.72,52,113,566
04/10/2017 18:29:57,219,10.8,2431.350,323.13,2.72,53,112,566
04/10/2017 18:30:07,216,10.8,2433.650,322.41,2.72,53,113,566
04/10/2017 18:30:17,214,10.9,2435.980,322.08,2.72,53,111,566
04/10/2017 18:30:27,205,10.8,2438.450,322.31,2.72,54,110,566
04/10/2017 18:30:37,230,10.8,2440.670,322.19,2.71,52,113,566
04/10/2017 18:30:47,190,10.9,2443.070,322.84,2.71,54,113,566
04/10/2017 18:30:57,203,10.8,2445.410,323.27,2.71,53,112,566
04/10/2017 18:31:07,203,10.8,2447.720,323.39,2.70,53,113,566
04/10/2017 18:31:17,215,10.8,2450.250,322.60,2.70,53,112,566
04/10/2017 18:31:27,210,10.8,2452.600,323.53,2.69,52,113,566
04/10/2017 18:31:37,212,10.8,2454.810,323.61,2.69,54,112,566
04/10/2017 18:31:47,219,10.8,2457.010,323.02,2.69,52,115,566
04/10/2017 18:31:57,238,10.8,2459.460,322.81,2.68,51,114,566
04/10/2017 18:32:07,206,10.8,2461.640,324.12,2.68,53,115,566
04/10/2017 18:32:17,219,10.8,2464.100,323.17,2.67,54,113,566
04/10/2017 18:32:27,197,10.8,2466.300,322.84,2.66,53,111,566
04/10/2017 18:32:37,208,10.9,2468.600,322.77,2.66,52,113,566
04/10/2017 18:32:47,211,10.8,2470.960,323.37,2.65,52,114,566
04/10/2017 18:32:57,186,10.8,2473.140,323.46,2.66,54,114,566
04/10/2017 18:33:07,191,10.8,2475.570,323.42,2.65,51,113,566
04/10/2017 18:33:17,208,10.8,2477.720,324.20,2.65,53,117,566
04/10/2017 18:33:27,205,10.9,2480.090,323.82,2.64,53,116,566
04/10/2017 18:33:37,174,10.8,2482.390,323.35,2.64,53,117,566
04/10/2017 18:33:47,195,10.8,2484.510,323.63,2.64,52,114,566
04/10/2017 18:33:57,180,10.8,2486.890,323.62,2.64,53,115,566
04/10/2017 18:34:07,220,10.8,2489.150,323.74,2.62,53,115,566
04/10/2017 18:34:17,225,10.8,2491.400,324.12,2.61,52,114,566
04/10/2017 18:34:27,206,10.9,2493.740,324.83,2.61,54,115,566
04/10/2017 18:34:37,208,10.8,2496.110,324.35,2.60,53,114,566
04/10/2017 18:34:47,221,10.8,2498.250,325.03,2.59,52,113,566
04/10/2017 18:34:57,197,10.8,2500.540,325.05,2.59,54,114,566
04/10/2017 18:35:07,242,10.8,2502.700,325.24,2.58,54,116,566
04/10/2017 18:35:17,214,10.8,2505.040,324.91,2.58,53,113,566
04/10/2017 18:35:27,219,10.8,2507.400,325.17,2.58,53,113,566
04/10/2017 18:35:37,197,10.8,2509.670,325.40,2.57,53,116,566
04/10/2017 18:35:47,196,10.8,2511.890,325.70,2.57,53,116,566
04/10/2017 18:35:57,226,10.8,2514.190,326.15,2.57,52,120,566
04/10/2017 18:36:07,201,10.8,2516.440,324.80,2.57,52,120,566
04/10/2017 18:36:17,189,10.8,2518.740,324.63,2.57,53,119,566
04/10/2017 18:36:27,206,10.8,2520.840,325.42,2.56,53,120,566
04/10/2017 18:36:37,207,10.8,2523.250,325.10,2.56,53,121,566
04/10/2017 18:36:47,199,10.9,2525.340,325.16,2.56,54,118,566
04/10/2017 18:36:57,245,10.8,2527.580,326.17,2.55,53,117,566

 Ramp exit:    SMOOTH RUNNING
 Profile exit: BOTTOM PRESSURE

 Vehicle motion stopped at 04/10/2017 18:37:01
 Sensor logging stopped at 04/10/2017 18:39:09
