
 Profile 333

 Sensors were turned on at  04/14/2017 20:00:02
 Vehicle began profiling at 04/14/2017 20:02:03

Date,[mA],[V],[dbar],Oxygen[uM],Optode Temp[C],Chl,NTU,Therm
04/14/2017 20:02:03,0,11.0,0.000,0.00,0.00,54,128,570
04/14/2017 20:02:13,210,10.7,0.000,0.00,0.00,53,125,570
04/14/2017 20:02:23,221,10.8,0.000,0.00,0.00,55,125,569
04/14/2017 20:02:36,160,10.8,2526.960,338.39,2.15,55,126,569
04/14/2017 20:02:46,83,11.0,2523.880,338.05,2.16,54,130,569
04/14/2017 20:02:56,83,11.0,2521.270,337.63,2.16,54,130,569
04/14/2017 20:03:06,82,11.0,2518.390,337.71,2.18,54,130,569
04/14/2017 20:03:16,86,11.0,2515.510,337.74,2.19,53,126,569
04/14/2017 20:03:26,91,11.0,2512.690,338.05,2.21,53,130,569
04/14/2017 20:03:36,76,11.0,2509.980,337.06,2.22,53,124,569
04/14/2017 20:03:46,90,11.0,2507.210,337.44,2.24,53,127,569
04/14/2017 20:03:56,85,10.9,2504.400,336.94,2.24,54,128,569
04/14/2017 20:04:06,96,10.9,2501.520,337.84,2.24,53,124,569
04/14/2017 20:04:16,90,10.9,2498.830,336.39,2.25,53,124,569
04/14/2017 20:04:26,94,10.9,2496.100,336.95,2.29,54,124,569
04/14/2017 20:04:36,100,10.9,2493.190,336.10,2.30,53,122,568
04/14/2017 20:04:46,85,10.9,2490.360,335.82,2.32,52,122,568
04/14/2017 20:04:56,95,10.9,2487.690,336.07,2.32,53,125,568
04/14/2017 20:05:06,85,10.9,2484.960,335.29,2.32,52,123,568
04/14/2017 20:05:16,94,10.9,2482.090,335.63,2.33,54,125,568
04/14/2017 20:05:26,93,10.9,2479.280,335.22,2.35,53,128,568
04/14/2017 20:05:36,91,10.9,2476.670,334.35,2.37,53,124,568
04/14/2017 20:05:46,99,10.9,2473.730,334.67,2.38,53,125,568
04/14/2017 20:05:56,95,10.9,2471.060,333.70,2.38,53,140,568
04/14/2017 20:06:06,98,10.9,2468.190,333.74,2.38,53,137,568
04/14/2017 20:06:16,90,10.9,2465.500,334.40,2.38,53,127,568
04/14/2017 20:06:26,92,10.9,2462.730,333.80,2.38,53,132,568
04/14/2017 20:06:36,91,10.9,2459.870,335.04,2.39,53,135,568
04/14/2017 20:06:46,95,10.9,2457.170,336.11,2.39,52,139,568
04/14/2017 20:06:56,98,10.9,2454.460,336.81,2.39,52,146,568
04/14/2017 20:07:06,102,10.9,2451.720,336.96,2.40,54,141,568
04/14/2017 20:07:16,101,10.9,2448.870,337.32,2.40,54,141,568
04/14/2017 20:07:26,88,10.9,2446.140,337.21,2.41,53,143,568
04/14/2017 20:07:36,97,10.9,2443.490,336.47,2.41,53,144,568
04/14/2017 20:07:46,97,10.8,2440.640,337.20,2.41,52,151,568
04/14/2017 20:07:56,102,10.9,2437.890,336.88,2.41,53,141,568
04/14/2017 20:08:06,103,10.8,2435.170,337.40,2.42,53,147,568
04/14/2017 20:08:16,104,10.8,2432.390,336.71,2.42,54,140,567
04/14/2017 20:08:26,95,10.9,2429.710,336.58,2.43,53,144,568
04/14/2017 20:08:36,113,10.8,2427.010,336.11,2.43,53,146,568
04/14/2017 20:08:46,99,10.9,2424.160,336.75,2.44,55,145,568
04/14/2017 20:08:56,96,10.8,2421.370,336.94,2.45,52,140,568
04/14/2017 20:09:06,95,10.8,2418.560,336.26,2.46,53,149,567
04/14/2017 20:09:16,102,10.8,2415.950,336.14,2.46,52,139,567
04/14/2017 20:09:26,93,10.9,2413.040,336.32,2.47,53,137,567
04/14/2017 20:09:36,95,10.9,2410.290,335.90,2.49,53,140,567
04/14/2017 20:09:46,121,10.8,2407.640,334.98,2.50,53,144,567
04/14/2017 20:09:56,101,10.8,2404.960,334.96,2.50,53,139,567
04/14/2017 20:10:06,100,10.9,2402.250,334.29,2.51,54,136,567
04/14/2017 20:10:16,99,10.9,2399.480,334.90,2.52,52,133,567
04/14/2017 20:10:26,111,10.8,2396.620,334.25,2.52,54,137,567
04/14/2017 20:10:36,105,10.8,2393.960,334.99,2.52,53,134,567
04/14/2017 20:10:46,107,10.8,2391.270,334.70,2.52,53,136,567
04/14/2017 20:10:56,103,10.9,2388.520,334.51,2.52,53,147,567
04/14/2017 20:11:06,104,10.8,2385.650,334.55,2.53,53,134,567
04/14/2017 20:11:16,114,10.8,2382.900,334.80,2.54,53,152,567
04/14/2017 20:11:26,117,10.8,2380.180,333.69,2.55,54,137,567
04/14/2017 20:11:36,108,10.8,2377.560,334.28,2.55,54,139,567
04/14/2017 20:11:46,105,10.8,2374.760,335.55,2.55,53,133,567
04/14/2017 20:11:56,102,10.8,2371.960,334.54,2.56,55,136,567
04/14/2017 20:12:06,111,10.9,2369.240,334.24,2.57,53,135,567
04/14/2017 20:12:16,102,10.8,2366.600,334.49,2.57,54,135,567
04/14/2017 20:12:26,118,10.8,2363.760,334.98,2.57,52,136,567
04/14/2017 20:12:36,98,10.9,2361.120,335.39,2.57,53,140,567
04/14/2017 20:12:46,120,10.8,2358.300,335.43,2.58,53,136,567
04/14/2017 20:12:56,91,10.9,2355.550,334.76,2.58,53,134,567
04/14/2017 20:13:06,107,10.8,2352.950,334.67,2.60,53,133,567
04/14/2017 20:13:16,112,10.8,2350.200,333.83,2.60,53,142,567
04/14/2017 20:13:26,105,10.8,2347.480,334.71,2.61,53,135,567
04/14/2017 20:13:36,106,10.8,2344.640,333.91,2.63,53,143,567
04/14/2017 20:13:46,108,10.8,2342.010,333.92,2.63,53,149,567
04/14/2017 20:13:56,112,10.8,2339.320,333.80,2.64,53,125,567
04/14/2017 20:14:06,122,10.8,2336.430,332.24,2.68,54,122,567
04/14/2017 20:14:16,111,10.9,2333.770,330.42,2.70,52,122,567
04/14/2017 20:14:26,113,10.8,2330.970,329.77,2.71,53,117,567
04/14/2017 20:14:36,111,10.8,2328.350,328.82,2.73,53,117,567
04/14/2017 20:14:46,120,10.8,2325.680,327.46,2.73,52,116,567
04/14/2017 20:14:56,99,10.8,2322.840,326.16,2.74,52,115,567
04/14/2017 20:15:06,108,10.9,2320.160,326.41,2.76,54,116,567
04/14/2017 20:15:16,121,10.8,2317.430,324.94,2.77,53,121,567
04/14/2017 20:15:26,128,10.8,2314.690,324.66,2.78,52,116,567
04/14/2017 20:15:36,110,10.8,2311.900,324.01,2.78,54,130,567
04/14/2017 20:15:46,107,10.8,2309.120,323.68,2.79,54,113,567
04/14/2017 20:15:56,123,10.8,2306.640,324.04,2.79,54,114,567
04/14/2017 20:16:06,110,10.8,2303.800,322.95,2.79,52,116,566
04/14/2017 20:16:16,106,10.9,2301.060,322.46,2.81,54,112,567
04/14/2017 20:16:26,135,10.8,2298.380,323.66,2.81,53,113,567
04/14/2017 20:16:36,123,10.8,2295.630,322.32,2.82,53,112,567
04/14/2017 20:16:46,104,10.9,2293.030,322.51,2.82,54,117,567
04/14/2017 20:16:56,119,10.8,2290.230,322.69,2.83,53,111,567
04/14/2017 20:17:06,117,10.8,2287.480,321.93,2.83,53,113,567
04/14/2017 20:17:16,130,10.8,2284.860,321.93,2.84,54,113,566
04/14/2017 20:17:26,129,10.8,2282.110,321.95,2.84,53,113,566
04/14/2017 20:17:36,118,10.9,2279.280,322.52,2.84,53,113,567
04/14/2017 20:17:46,109,10.9,2276.630,321.56,2.85,54,111,566
04/14/2017 20:17:56,113,10.9,2273.860,321.45,2.85,52,111,566
04/14/2017 20:18:06,94,10.9,2271.190,321.59,2.86,54,112,567
04/14/2017 20:18:16,129,10.8,2268.410,321.44,2.86,53,113,567
04/14/2017 20:18:26,119,10.9,2265.740,321.97,2.86,52,110,566
04/14/2017 20:18:36,113,10.8,2263.030,322.15,2.86,52,112,566
04/14/2017 20:18:46,123,10.9,2260.240,321.49,2.87,52,111,566
04/14/2017 20:18:56,115,10.8,2257.610,321.88,2.87,54,116,566
04/14/2017 20:19:06,116,10.9,2254.790,321.35,2.88,54,112,567
04/14/2017 20:19:16,121,10.9,2252.150,322.03,2.88,53,111,566
04/14/2017 20:19:26,128,10.8,2249.430,320.90,2.88,53,111,566
04/14/2017 20:19:36,109,10.8,2246.600,321.81,2.88,53,111,566
04/14/2017 20:19:46,124,10.8,2243.810,321.42,2.88,53,110,566
04/14/2017 20:19:56,120,10.9,2241.080,320.51,2.88,52,113,566
04/14/2017 20:20:06,122,10.8,2238.370,321.06,2.89,52,112,566
04/14/2017 20:20:16,128,10.8,2235.630,321.68,2.89,54,112,566
04/14/2017 20:20:26,125,10.8,2233.110,321.84,2.90,53,110,566
04/14/2017 20:20:36,109,10.8,2230.320,321.68,2.90,52,110,566
04/14/2017 20:20:46,126,10.8,2227.530,321.18,2.90,53,110,566
04/14/2017 20:20:56,120,10.8,2224.830,321.47,2.91,53,113,566
04/14/2017 20:21:06,108,10.9,2222.080,321.10,2.91,54,112,566
04/14/2017 20:21:16,115,10.8,2219.370,321.27,2.91,54,110,566
04/14/2017 20:21:26,107,10.8,2216.670,321.53,2.92,53,110,566
04/14/2017 20:21:36,106,10.9,2213.970,321.46,2.92,52,113,566
04/14/2017 20:21:46,125,10.8,2211.200,321.24,2.92,53,110,566
04/14/2017 20:21:56,116,10.9,2208.500,321.94,2.92,53,110,566
04/14/2017 20:22:06,119,10.9,2205.750,321.67,2.92,54,111,566
04/14/2017 20:22:16,123,10.8,2203.010,321.86,2.92,52,111,566
04/14/2017 20:22:26,123,10.9,2200.290,321.59,2.93,53,110,566
04/14/2017 20:22:36,122,10.8,2197.590,321.69,2.93,53,110,566
04/14/2017 20:22:46,112,10.8,2194.840,321.89,2.93,54,112,566
04/14/2017 20:22:56,112,10.9,2192.100,322.04,2.94,53,110,566
04/14/2017 20:23:06,116,10.9,2189.410,321.24,2.94,52,109,566
04/14/2017 20:23:16,109,10.9,2186.720,321.61,2.94,53,110,566
04/14/2017 20:23:26,123,10.8,2183.990,321.21,2.94,54,110,566
04/14/2017 20:23:36,117,10.9,2181.330,321.53,2.95,53,110,566
04/14/2017 20:23:46,126,10.9,2178.610,320.46,2.95,53,112,566
04/14/2017 20:23:56,116,10.9,2175.900,322.07,2.95,54,111,566
04/14/2017 20:24:06,114,10.9,2173.060,320.90,2.95,55,110,566
04/14/2017 20:24:16,117,10.9,2170.350,321.19,2.96,52,111,566
04/14/2017 20:24:26,114,10.9,2167.660,321.35,2.96,54,109,566
04/14/2017 20:24:36,125,10.9,2164.910,321.32,2.96,53,110,566
04/14/2017 20:24:46,118,10.8,2162.220,321.14,2.96,54,110,566
04/14/2017 20:24:56,115,10.9,2159.570,320.83,2.97,52,117,566
04/14/2017 20:25:06,117,10.9,2156.780,321.69,2.97,53,110,566
04/14/2017 20:25:16,120,10.9,2154.160,321.72,2.97,53,110,566
04/14/2017 20:25:26,121,10.9,2151.360,321.84,2.97,53,110,566
04/14/2017 20:25:36,116,10.8,2148.680,321.56,2.98,53,111,566
04/14/2017 20:25:46,116,10.9,2145.920,321.35,2.98,53,110,566
04/14/2017 20:25:56,111,10.9,2143.120,321.60,2.99,53,112,566
04/14/2017 20:26:06,108,10.9,2140.490,321.03,2.99,54,111,566
04/14/2017 20:26:16,129,10.8,2137.720,321.84,2.99,54,111,566
04/14/2017 20:26:26,120,10.9,2135.070,320.89,3.00,53,111,566
04/14/2017 20:26:36,105,10.9,2132.200,321.60,3.00,53,110,566
04/14/2017 20:26:46,110,10.9,2129.690,321.41,3.00,53,112,566
04/14/2017 20:26:56,119,10.9,2126.890,321.98,3.00,54,110,566
04/14/2017 20:27:06,114,10.9,2124.010,322.16,3.01,54,110,566
04/14/2017 20:27:16,119,10.8,2121.450,321.33,3.01,52,110,566
04/14/2017 20:27:26,115,10.8,2118.580,322.50,3.01,54,111,566
04/14/2017 20:27:36,120,10.8,2115.930,321.98,3.01,54,111,566
04/14/2017 20:27:46,123,10.9,2113.240,321.81,3.01,52,110,566
04/14/2017 20:27:56,118,10.8,2110.500,321.46,3.01,53,111,566
04/14/2017 20:28:06,126,10.8,2107.750,321.80,3.02,53,109,566
04/14/2017 20:28:16,117,10.9,2105.100,321.79,3.02,52,112,566
04/14/2017 20:28:26,119,10.9,2102.320,322.68,3.02,53,112,566
04/14/2017 20:28:36,112,10.9,2099.530,321.55,3.02,53,111,566
04/14/2017 20:28:46,121,10.8,2096.810,322.13,3.03,51,111,566
04/14/2017 20:28:56,113,10.9,2094.180,322.21,3.03,54,112,566
04/14/2017 20:29:06,114,10.8,2091.470,321.49,3.03,53,112,566
04/14/2017 20:29:16,116,10.9,2088.720,322.45,3.03,53,111,566
04/14/2017 20:29:26,113,10.9,2085.910,322.52,3.03,53,111,566
04/14/2017 20:29:36,119,10.9,2083.230,322.81,3.04,53,112,566
04/14/2017 20:29:46,116,10.9,2080.570,322.60,3.04,54,110,566
04/14/2017 20:29:56,108,10.9,2077.710,322.86,3.04,53,113,566
04/14/2017 20:30:06,112,10.9,2075.130,322.85,3.04,52,111,566
04/14/2017 20:30:16,119,10.9,2072.290,322.56,3.04,54,111,566
04/14/2017 20:30:26,118,10.9,2069.520,322.74,3.04,53,111,566
04/14/2017 20:30:36,111,10.9,2066.920,323.12,3.05,53,110,566
04/14/2017 20:30:46,115,10.9,2064.210,322.71,3.05,53,112,566
04/14/2017 20:30:56,118,10.9,2061.390,322.95,3.05,53,113,566
04/14/2017 20:31:06,107,10.9,2058.620,323.12,3.06,54,112,566
04/14/2017 20:31:16,116,10.9,2055.920,323.30,3.06,54,112,566
04/14/2017 20:31:26,110,10.9,2053.140,322.78,3.07,53,113,566
04/14/2017 20:31:36,120,10.9,2050.460,322.47,3.07,53,110,566
04/14/2017 20:31:46,103,10.9,2047.740,323.15,3.07,53,112,566
04/14/2017 20:31:56,116,10.9,2044.930,323.09,3.07,53,113,566
04/14/2017 20:32:06,107,10.9,2042.350,322.62,3.07,51,111,566
04/14/2017 20:32:16,115,10.9,2039.650,322.94,3.07,52,110,566
04/14/2017 20:32:26,124,10.8,2036.790,323.15,3.08,51,112,566
04/14/2017 20:32:36,106,10.9,2034.080,323.59,3.08,53,111,566
04/14/2017 20:32:46,107,10.9,2031.390,322.17,3.08,52,111,566
04/14/2017 20:32:56,127,10.9,2028.640,322.53,3.08,51,112,566
04/14/2017 20:33:06,119,10.9,2026.000,322.80,3.09,53,111,566
04/14/2017 20:33:16,111,10.9,2023.140,322.89,3.09,53,114,566
04/14/2017 20:33:26,118,10.8,2020.490,323.15,3.09,55,111,566
04/14/2017 20:33:36,112,10.9,2017.860,322.88,3.09,53,113,565
04/14/2017 20:33:46,110,10.9,2015.070,322.97,3.10,53,112,566
04/14/2017 20:33:56,109,10.9,2012.370,322.65,3.10,52,113,566
04/14/2017 20:34:06,114,10.9,2009.630,322.72,3.10,51,112,566
04/14/2017 20:34:16,101,10.9,2006.830,322.50,3.10,53,112,566
04/14/2017 20:34:26,113,10.9,2004.040,323.28,3.10,53,113,566
04/14/2017 20:34:36,110,10.9,2001.380,322.77,3.10,54,110,566
04/14/2017 20:34:46,118,10.9,1998.630,322.99,3.11,54,111,566
04/14/2017 20:34:56,109,10.9,1995.940,322.87,3.11,54,111,566
04/14/2017 20:35:06,117,10.8,1993.280,322.81,3.12,53,114,566
04/14/2017 20:35:16,110,10.9,1990.550,323.85,3.12,52,110,566
04/14/2017 20:35:26,113,10.9,1987.760,323.44,3.12,54,117,565
04/14/2017 20:35:36,115,10.9,1985.130,323.07,3.13,54,113,566
04/14/2017 20:35:46,112,10.9,1982.270,322.99,3.13,52,111,566
04/14/2017 20:35:56,121,10.9,1979.630,323.62,3.13,52,110,566
04/14/2017 20:36:06,105,10.9,1976.900,322.96,3.14,53,115,566
04/14/2017 20:36:16,111,10.9,1974.150,322.93,3.14,52,111,566
04/14/2017 20:36:26,119,10.9,1971.500,323.95,3.14,51,113,566
04/14/2017 20:36:36,108,10.9,1968.700,322.89,3.15,53,114,566
04/14/2017 20:36:46,105,10.9,1966.100,323.46,3.15,53,111,566
04/14/2017 20:36:56,113,10.8,1963.230,323.47,3.15,53,111,566
04/14/2017 20:37:06,113,10.9,1960.570,322.88,3.16,53,113,566
04/14/2017 20:37:16,121,10.9,1957.910,323.31,3.16,53,114,566
04/14/2017 20:37:26,125,10.9,1955.020,322.16,3.16,53,113,566
04/14/2017 20:37:36,114,10.9,1952.460,323.10,3.17,53,113,566
04/14/2017 20:37:46,116,10.9,1949.710,323.76,3.17,54,112,565
04/14/2017 20:37:56,119,10.9,1946.940,322.84,3.17,54,111,566
04/14/2017 20:38:06,115,10.9,1944.340,323.18,3.17,53,112,566
04/14/2017 20:38:16,122,10.9,1941.470,323.40,3.18,53,111,566
04/14/2017 20:38:26,117,10.9,1938.840,323.28,3.18,53,111,565
04/14/2017 20:38:36,112,10.9,1936.090,322.71,3.18,53,115,565
04/14/2017 20:38:46,119,10.9,1933.390,323.30,3.18,52,113,566
04/14/2017 20:38:56,132,10.9,1930.750,323.58,3.18,53,112,565
04/14/2017 20:39:06,105,10.9,1927.890,323.52,3.18,53,111,565
04/14/2017 20:39:16,125,10.9,1925.250,322.72,3.18,53,112,565
04/14/2017 20:39:26,120,10.9,1922.400,323.62,3.19,52,110,566
04/14/2017 20:39:36,118,10.9,1919.930,324.02,3.19,54,111,566
04/14/2017 20:39:46,123,10.9,1917.040,323.49,3.19,54,112,565
04/14/2017 20:39:56,113,10.9,1914.300,323.35,3.20,53,112,565
04/14/2017 20:40:06,121,10.9,1911.680,323.61,3.20,53,115,565
04/14/2017 20:40:16,105,10.9,1908.970,324.10,3.20,52,112,566
04/14/2017 20:40:26,123,10.9,1906.280,323.68,3.20,52,113,565
04/14/2017 20:40:36,125,10.9,1903.490,323.83,3.21,53,113,566
04/14/2017 20:40:46,121,10.9,1900.740,323.64,3.21,53,115,565
04/14/2017 20:40:56,121,10.9,1898.020,323.92,3.21,53,113,566
04/14/2017 20:41:06,111,10.9,1895.350,324.44,3.22,53,113,566
04/14/2017 20:41:16,120,10.9,1892.640,323.72,3.22,53,114,565
04/14/2017 20:41:26,120,10.9,1889.970,323.86,3.22,52,112,565
04/14/2017 20:41:36,110,10.9,1887.110,323.50,3.23,53,112,566
04/14/2017 20:41:46,127,10.9,1884.500,324.19,3.23,53,114,565
04/14/2017 20:41:56,112,10.9,1881.710,323.98,3.23,54,113,565
04/14/2017 20:42:06,122,10.9,1879.100,323.67,3.23,53,114,566
04/14/2017 20:42:16,115,10.9,1876.400,323.73,3.23,53,129,565
04/14/2017 20:42:26,108,10.9,1873.670,324.67,3.24,52,113,565
04/14/2017 20:42:36,101,10.9,1870.980,323.35,3.24,53,111,565
04/14/2017 20:42:46,119,10.9,1868.200,323.57,3.24,54,113,565
04/14/2017 20:42:56,119,10.9,1865.550,324.60,3.24,52,112,566
04/14/2017 20:43:06,115,10.9,1862.790,323.66,3.25,52,112,565
04/14/2017 20:43:16,111,10.9,1860.120,324.49,3.25,52,113,565
04/14/2017 20:43:26,111,10.9,1857.300,323.26,3.25,53,113,565
04/14/2017 20:43:36,121,10.9,1854.640,324.21,3.25,52,114,565
04/14/2017 20:43:46,105,10.9,1851.810,324.79,3.25,52,113,565
04/14/2017 20:43:56,111,10.9,1849.280,323.98,3.26,54,115,565
04/14/2017 20:44:06,123,10.9,1846.550,324.84,3.26,53,113,565
04/14/2017 20:44:16,112,10.9,1843.760,323.30,3.27,52,114,565
04/14/2017 20:44:26,126,10.9,1841.050,324.03,3.27,53,114,566
04/14/2017 20:44:36,124,10.9,1838.430,324.10,3.27,54,112,565
04/14/2017 20:44:46,120,10.9,1835.640,323.60,3.27,51,113,565
04/14/2017 20:44:56,127,10.9,1832.910,323.99,3.28,52,113,565
04/14/2017 20:45:06,116,10.9,1830.270,323.89,3.28,53,111,565
04/14/2017 20:45:16,110,10.9,1827.520,323.07,3.28,54,111,565
04/14/2017 20:45:26,119,10.9,1824.700,323.07,3.29,54,111,565
04/14/2017 20:45:36,110,10.9,1822.090,324.35,3.29,52,113,565
04/14/2017 20:45:46,106,10.9,1819.430,323.90,3.29,53,112,565
04/14/2017 20:45:56,111,10.9,1816.750,324.05,3.29,53,113,565
04/14/2017 20:46:06,108,10.9,1813.900,323.81,3.29,54,113,565
04/14/2017 20:46:16,124,10.9,1811.270,324.27,3.30,52,111,565
04/14/2017 20:46:26,113,10.9,1808.570,324.35,3.30,53,112,565
04/14/2017 20:46:36,114,10.9,1805.910,323.68,3.30,53,110,565
04/14/2017 20:46:46,121,10.9,1803.040,323.41,3.31,51,111,565
04/14/2017 20:46:56,115,10.9,1800.490,322.96,3.31,53,113,565
04/14/2017 20:47:06,124,10.9,1797.570,323.13,3.31,53,113,565
04/14/2017 20:47:16,128,10.9,1794.930,323.60,3.32,52,112,565
04/14/2017 20:47:26,121,10.9,1792.170,323.53,3.32,52,111,565
04/14/2017 20:47:36,112,10.9,1789.630,323.32,3.32,53,112,565
04/14/2017 20:47:46,109,10.9,1786.900,323.22,3.34,54,111,565
04/14/2017 20:47:56,117,10.9,1784.020,323.55,3.34,54,110,565
04/14/2017 20:48:06,112,10.9,1781.460,322.87,3.34,53,111,565
04/14/2017 20:48:16,87,10.9,1778.740,323.37,3.34,54,111,565
04/14/2017 20:48:26,113,10.9,1775.960,322.92,3.34,53,112,565
04/14/2017 20:48:36,109,10.9,1773.250,322.38,3.34,53,112,565
04/14/2017 20:48:46,122,10.9,1770.440,323.71,3.34,53,111,565
04/14/2017 20:48:56,108,10.9,1767.850,323.29,3.35,52,113,565
04/14/2017 20:49:06,107,10.9,1765.110,323.20,3.35,54,111,565
04/14/2017 20:49:16,118,10.9,1762.490,323.00,3.35,53,112,565
04/14/2017 20:49:26,127,10.9,1759.670,323.47,3.35,52,111,565
04/14/2017 20:49:36,119,10.9,1756.940,322.87,3.35,53,113,565
04/14/2017 20:49:46,114,10.9,1754.410,324.21,3.35,54,112,565
04/14/2017 20:49:56,114,10.9,1751.650,324.10,3.35,52,111,565
04/14/2017 20:50:06,105,10.9,1748.860,323.92,3.36,52,113,565
04/14/2017 20:50:16,112,10.9,1746.140,323.27,3.36,54,111,565
04/14/2017 20:50:26,124,10.9,1743.540,324.05,3.37,54,111,565
04/14/2017 20:50:36,113,10.9,1740.800,323.40,3.37,53,112,565
04/14/2017 20:50:46,135,10.9,1738.030,322.93,3.37,52,112,565
04/14/2017 20:50:56,113,10.9,1735.250,324.31,3.37,54,111,565
04/14/2017 20:51:06,117,10.9,1732.590,323.70,3.37,53,112,565
04/14/2017 20:51:16,114,10.9,1729.880,324.27,3.38,53,112,565
04/14/2017 20:51:26,109,10.9,1727.230,324.16,3.38,52,113,565
04/14/2017 20:51:36,121,10.9,1724.560,324.19,3.38,53,112,565
04/14/2017 20:51:46,128,10.9,1721.790,323.37,3.38,53,112,565
04/14/2017 20:51:56,123,10.9,1719.100,323.16,3.39,54,113,565
04/14/2017 20:52:06,110,10.9,1716.250,323.84,3.39,55,111,565
04/14/2017 20:52:16,106,10.9,1713.620,323.58,3.39,53,112,565
04/14/2017 20:52:26,107,10.9,1710.920,323.91,3.39,53,113,565
04/14/2017 20:52:36,106,10.9,1708.250,324.21,3.40,53,113,565
04/14/2017 20:52:46,118,10.9,1705.510,323.49,3.40,52,114,565
04/14/2017 20:52:56,115,10.9,1702.660,323.82,3.40,51,112,565
04/14/2017 20:53:06,74,10.9,1700.140,324.65,3.41,53,113,565
04/14/2017 20:53:16,110,10.9,1697.640,323.97,3.41,55,113,565
04/14/2017 20:53:26,115,10.9,1694.920,324.58,3.42,51,113,565
04/14/2017 20:53:36,126,10.9,1692.210,324.40,3.42,52,112,565
04/14/2017 20:53:46,115,10.9,1689.670,324.53,3.42,53,113,565
04/14/2017 20:53:56,111,10.9,1686.980,323.94,3.42,52,114,565
04/14/2017 20:54:06,96,10.9,1684.270,323.55,3.42,54,112,565
04/14/2017 20:54:16,111,10.9,1681.640,324.26,3.42,53,113,565
04/14/2017 20:54:26,103,10.9,1679.070,323.73,3.43,53,114,565
04/14/2017 20:54:36,98,10.9,1676.410,323.73,3.43,53,112,565
04/14/2017 20:54:46,111,10.9,1673.800,324.01,3.43,53,112,565
04/14/2017 20:54:56,112,10.9,1671.200,324.16,3.43,53,114,565
04/14/2017 20:55:06,102,10.9,1668.460,324.69,3.43,53,112,565
04/14/2017 20:55:16,129,10.8,1665.880,323.23,3.43,53,113,565
04/14/2017 20:55:26,110,10.9,1663.270,324.49,3.43,52,112,565
04/14/2017 20:55:36,103,10.9,1660.730,324.76,3.43,54,113,565
04/14/2017 20:55:46,128,10.9,1657.980,323.27,3.44,54,113,565
04/14/2017 20:55:56,115,10.9,1655.400,323.68,3.44,54,115,565
04/14/2017 20:56:06,121,10.9,1652.720,324.06,3.44,54,112,565
04/14/2017 20:56:16,115,10.9,1650.150,324.84,3.44,52,122,565
04/14/2017 20:56:26,99,10.9,1647.410,324.06,3.45,51,112,565
04/14/2017 20:56:36,106,10.9,1645.010,324.00,3.45,53,116,565
04/14/2017 20:56:46,135,10.9,1642.250,324.46,3.46,53,113,565
04/14/2017 20:56:56,107,10.9,1639.680,324.01,3.46,52,113,565
04/14/2017 20:57:06,104,10.9,1636.940,323.79,3.47,52,113,565
04/14/2017 20:57:16,108,10.9,1634.300,324.61,3.47,54,114,565
04/14/2017 20:57:26,89,10.9,1631.750,324.99,3.47,53,113,565
04/14/2017 20:57:36,120,10.9,1629.020,324.01,3.47,54,112,565
04/14/2017 20:57:46,111,10.9,1626.330,324.48,3.47,53,114,565
04/14/2017 20:57:56,106,10.9,1623.750,323.53,3.48,53,114,565
04/14/2017 20:58:06,107,10.9,1621.100,324.00,3.48,54,112,565
04/14/2017 20:58:16,84,10.9,1618.490,324.28,3.48,53,114,565
04/14/2017 20:58:26,100,10.9,1615.960,324.33,3.49,53,114,565
04/14/2017 20:58:36,98,10.9,1613.140,323.41,3.49,55,113,565
04/14/2017 20:58:46,87,10.9,1610.660,323.65,3.49,53,113,565
04/14/2017 20:58:56,134,11.0,1607.920,325.05,3.49,54,113,565
04/14/2017 20:59:06,102,10.9,1605.420,324.47,3.50,53,113,565
04/14/2017 20:59:16,113,10.9,1602.640,324.69,3.50,54,112,565
04/14/2017 20:59:26,104,10.9,1600.040,324.38,3.50,53,113,565
04/14/2017 20:59:36,114,10.9,1597.520,324.91,3.50,54,113,565
04/14/2017 20:59:46,141,10.9,1594.780,324.35,3.50,52,114,565
04/14/2017 20:59:56,116,10.9,1592.180,324.66,3.51,54,113,565
04/14/2017 21:00:06,116,10.9,1589.680,325.08,3.51,53,117,565
04/14/2017 21:00:16,110,10.9,1586.930,324.36,3.51,54,112,565
04/14/2017 21:00:26,128,10.9,1584.400,325.04,3.52,52,114,565
04/14/2017 21:00:36,109,10.9,1581.590,324.78,3.52,55,113,565
04/14/2017 21:00:46,135,10.9,1579.030,325.28,3.52,51,113,565
04/14/2017 21:00:56,115,10.9,1576.170,323.92,3.52,52,113,565
04/14/2017 21:01:06,88,10.9,1573.640,324.10,3.53,53,113,565
04/14/2017 21:01:16,109,10.9,1570.940,325.49,3.53,53,113,565
04/14/2017 21:01:26,127,10.9,1568.280,325.03,3.53,53,113,565
04/14/2017 21:01:36,142,10.9,1565.690,324.75,3.53,52,116,565
04/14/2017 21:01:46,86,10.9,1562.910,325.12,3.53,52,114,565
04/14/2017 21:01:56,138,10.9,1560.380,325.13,3.53,53,113,565
04/14/2017 21:02:06,104,10.9,1557.700,324.91,3.54,53,115,565
04/14/2017 21:02:16,124,10.9,1554.970,325.23,3.54,53,115,565
04/14/2017 21:02:26,119,10.9,1552.280,324.31,3.54,52,113,565
04/14/2017 21:02:36,108,10.9,1549.530,324.56,3.55,54,112,565
04/14/2017 21:02:46,98,10.9,1547.010,325.00,3.55,53,112,565
04/14/2017 21:02:56,124,10.9,1544.310,325.31,3.55,54,113,565
04/14/2017 21:03:06,119,10.9,1541.630,324.99,3.55,53,114,565
04/14/2017 21:03:16,107,10.9,1539.080,325.59,3.55,53,113,565
04/14/2017 21:03:26,110,10.9,1536.320,324.39,3.55,52,112,565
04/14/2017 21:03:36,99,10.9,1533.780,325.94,3.54,53,113,565
04/14/2017 21:03:46,126,10.9,1530.980,325.92,3.54,52,113,565
04/14/2017 21:03:56,121,10.9,1528.410,326.61,3.54,52,117,565
04/14/2017 21:04:06,113,10.9,1525.630,325.66,3.53,52,114,565
04/14/2017 21:04:16,136,10.9,1522.900,325.66,3.53,53,112,565
04/14/2017 21:04:26,121,10.9,1520.260,325.75,3.53,53,115,565
04/14/2017 21:04:36,121,10.9,1517.610,325.72,3.54,54,114,565
04/14/2017 21:04:46,120,10.9,1514.950,326.20,3.54,52,111,565
04/14/2017 21:04:56,115,10.9,1512.170,325.37,3.55,54,116,565
04/14/2017 21:05:06,126,10.9,1509.490,326.27,3.55,52,113,565
04/14/2017 21:05:16,121,10.9,1506.750,326.76,3.56,53,112,565
04/14/2017 21:05:26,129,10.9,1504.050,325.51,3.56,52,114,565
04/14/2017 21:05:36,127,10.9,1501.400,326.08,3.56,53,117,565
04/14/2017 21:05:46,105,10.9,1498.730,326.22,3.55,53,114,565
04/14/2017 21:05:56,122,10.9,1496.020,327.02,3.55,53,113,565
04/14/2017 21:06:06,126,10.9,1493.330,326.64,3.56,53,113,565
04/14/2017 21:06:16,116,10.9,1490.590,326.46,3.56,53,115,565
04/14/2017 21:06:26,138,10.9,1487.910,326.50,3.56,54,112,565
04/14/2017 21:06:36,119,10.9,1485.290,326.16,3.56,52,113,565
04/14/2017 21:06:46,130,10.9,1482.520,327.60,3.57,53,112,565
04/14/2017 21:06:56,129,10.9,1479.940,326.86,3.59,53,112,565
04/14/2017 21:07:06,130,10.9,1477.130,326.25,3.59,53,113,565
04/14/2017 21:07:16,119,10.9,1474.540,326.06,3.59,52,114,565
04/14/2017 21:07:26,124,10.9,1471.800,326.96,3.59,53,113,565
04/14/2017 21:07:36,123,10.9,1469.190,327.18,3.58,53,113,565
04/14/2017 21:07:46,112,10.9,1466.480,327.31,3.58,53,118,565
04/14/2017 21:07:56,131,10.9,1463.740,328.05,3.58,55,113,565
04/14/2017 21:08:06,133,10.9,1461.150,328.18,3.58,52,114,565
04/14/2017 21:08:16,125,10.9,1458.450,328.22,3.58,54,112,565
04/14/2017 21:08:26,128,10.9,1455.720,328.62,3.58,52,113,565
04/14/2017 21:08:36,135,10.9,1452.950,328.97,3.58,53,115,565
04/14/2017 21:08:46,127,10.9,1450.400,328.71,3.58,54,114,565
04/14/2017 21:08:56,134,10.9,1447.560,328.58,3.58,54,115,565
04/14/2017 21:09:06,136,10.9,1445.020,329.48,3.58,54,114,565
04/14/2017 21:09:16,126,10.9,1442.330,329.07,3.58,53,114,565
04/14/2017 21:09:26,121,10.9,1439.660,328.90,3.59,52,114,565
04/14/2017 21:09:36,121,10.9,1436.840,330.04,3.58,52,112,565
04/14/2017 21:09:46,129,10.9,1434.130,329.98,3.58,54,112,565
04/14/2017 21:09:56,123,10.9,1431.500,330.18,3.58,52,114,565
04/14/2017 21:10:06,121,10.9,1428.800,330.62,3.58,52,113,565
04/14/2017 21:10:16,128,10.9,1426.070,330.74,3.57,52,112,565
04/14/2017 21:10:26,128,10.9,1423.350,331.03,3.58,53,113,565
04/14/2017 21:10:36,128,10.9,1420.670,331.25,3.58,54,111,565
04/14/2017 21:10:46,116,10.9,1418.160,331.43,3.58,53,112,564
04/14/2017 21:10:56,124,10.9,1415.460,332.47,3.56,52,112,564
04/14/2017 21:11:06,133,10.9,1412.750,331.97,3.56,53,113,565
04/14/2017 21:11:16,131,10.9,1410.100,333.44,3.56,52,113,565
04/14/2017 21:11:26,139,10.9,1407.370,333.96,3.55,53,113,565
04/14/2017 21:11:36,134,10.9,1404.650,334.10,3.55,52,112,565
04/14/2017 21:11:46,122,10.9,1401.940,334.65,3.54,53,113,565
04/14/2017 21:11:56,129,10.9,1399.240,334.93,3.53,53,112,565
04/14/2017 21:12:06,130,10.9,1396.670,335.69,3.52,52,111,565
04/14/2017 21:12:16,126,10.9,1393.950,335.30,3.51,53,112,565
04/14/2017 21:12:26,117,10.9,1391.190,336.41,3.50,51,113,565
04/14/2017 21:12:36,124,10.9,1388.640,337.71,3.48,53,115,565
04/14/2017 21:12:46,133,10.9,1385.950,337.87,3.47,52,114,565
04/14/2017 21:12:56,130,10.9,1383.240,339.48,3.46,51,114,565
04/14/2017 21:13:06,139,10.9,1380.440,340.08,3.45,53,114,565
04/14/2017 21:13:16,113,10.9,1377.830,339.79,3.45,53,117,565
04/14/2017 21:13:26,121,10.9,1375.240,340.19,3.44,51,113,565
04/14/2017 21:13:36,133,10.9,1372.440,341.31,3.44,54,116,565
04/14/2017 21:13:46,112,10.9,1369.900,341.73,3.43,53,113,565
04/14/2017 21:13:56,115,10.9,1367.210,342.17,3.42,53,115,565
04/14/2017 21:14:06,130,10.9,1364.530,343.03,3.42,51,112,565
04/14/2017 21:14:16,124,10.9,1361.860,343.47,3.41,52,111,565
04/14/2017 21:14:26,137,10.9,1359.050,343.95,3.41,51,114,565
04/14/2017 21:14:36,129,10.9,1356.350,344.39,3.41,53,111,565
04/14/2017 21:14:46,122,10.9,1353.710,345.09,3.41,52,112,565
04/14/2017 21:14:56,111,10.9,1351.140,344.92,3.41,51,114,565
04/14/2017 21:15:06,134,10.9,1348.460,344.70,3.40,52,112,565
04/14/2017 21:15:16,126,10.9,1345.660,344.70,3.40,52,114,565
04/14/2017 21:15:26,127,10.9,1342.970,345.63,3.40,52,116,565
04/14/2017 21:15:36,118,10.9,1340.280,345.47,3.40,52,111,565
04/14/2017 21:15:46,125,10.9,1337.570,346.63,3.40,52,112,565
04/14/2017 21:15:56,133,10.9,1334.880,345.53,3.40,52,113,565
04/14/2017 21:16:06,136,10.9,1332.350,347.24,3.39,52,112,564
04/14/2017 21:16:16,107,10.9,1329.610,347.06,3.39,53,113,565
04/14/2017 21:16:26,133,10.9,1327.050,346.77,3.38,51,113,565
04/14/2017 21:16:36,129,10.9,1324.410,347.89,3.38,53,116,565
04/14/2017 21:16:46,124,10.9,1321.690,347.85,3.37,54,112,565
04/14/2017 21:16:56,122,10.9,1318.950,349.35,3.37,52,114,565
04/14/2017 21:17:06,124,10.9,1316.230,348.75,3.37,52,112,565
04/14/2017 21:17:16,124,10.9,1313.540,348.94,3.37,52,114,565
04/14/2017 21:17:26,109,10.9,1310.970,349.22,3.36,52,111,565
04/14/2017 21:17:36,133,10.9,1308.260,350.03,3.36,52,117,565
04/14/2017 21:17:46,123,10.9,1305.480,350.64,3.36,53,112,565
04/14/2017 21:17:56,122,10.9,1302.780,350.97,3.36,52,113,565
04/14/2017 21:18:06,106,10.9,1300.110,350.21,3.36,52,113,565
04/14/2017 21:18:16,124,10.9,1297.490,351.47,3.35,53,114,565
04/14/2017 21:18:26,126,10.9,1294.810,351.18,3.35,52,113,565
04/14/2017 21:18:36,136,10.9,1292.090,352.01,3.34,51,112,565
04/14/2017 21:18:46,138,10.9,1289.410,352.01,3.34,53,114,565
04/14/2017 21:18:56,121,10.9,1286.880,352.06,3.34,52,112,565
04/14/2017 21:19:06,131,10.9,1284.130,352.87,3.34,52,111,565
04/14/2017 21:19:16,117,10.9,1281.410,351.77,3.34,52,113,565
04/14/2017 21:19:26,143,10.9,1278.740,352.43,3.34,53,114,565
04/14/2017 21:19:36,140,10.9,1276.150,351.74,3.34,52,113,565
04/14/2017 21:19:46,126,10.9,1273.340,352.63,3.34,52,114,565
04/14/2017 21:19:56,129,10.9,1270.670,353.53,3.34,50,112,565
04/14/2017 21:20:06,130,10.9,1268.090,353.42,3.33,52,113,565
04/14/2017 21:20:16,117,10.9,1265.450,353.50,3.33,51,114,565
04/14/2017 21:20:26,130,10.9,1262.630,353.96,3.33,51,113,565
04/14/2017 21:20:36,128,10.9,1260.070,353.93,3.33,52,113,565
04/14/2017 21:20:46,148,10.9,1257.400,353.50,3.33,54,112,565
04/14/2017 21:20:56,129,10.9,1254.680,353.81,3.33,53,113,565
04/14/2017 21:21:06,125,10.9,1252.010,352.44,3.33,51,111,565
04/14/2017 21:21:16,133,10.9,1249.340,353.66,3.33,52,114,565
04/14/2017 21:21:26,111,10.9,1246.650,353.86,3.33,51,113,565
04/14/2017 21:21:36,141,10.9,1243.940,353.80,3.33,53,114,565
04/14/2017 21:21:46,138,10.9,1241.320,353.73,3.33,52,113,565
04/14/2017 21:21:56,130,10.9,1238.740,353.22,3.32,52,113,565
04/14/2017 21:22:06,130,10.9,1235.910,355.60,3.32,51,113,565
04/14/2017 21:22:16,140,10.9,1233.380,355.08,3.32,53,113,565
04/14/2017 21:22:26,128,10.9,1230.500,354.76,3.32,52,114,565
04/14/2017 21:22:36,133,10.8,1227.920,355.35,3.32,51,113,565
04/14/2017 21:22:46,130,10.9,1225.320,354.67,3.32,52,113,565
04/14/2017 21:22:56,128,10.9,1222.600,355.55,3.32,53,112,565
04/14/2017 21:23:06,140,10.9,1219.960,355.32,3.33,53,115,565
04/14/2017 21:23:16,130,10.9,1217.160,355.39,3.33,52,114,565
04/14/2017 21:23:26,144,10.9,1214.570,355.25,3.33,52,114,565
04/14/2017 21:23:36,132,10.9,1211.980,355.26,3.33,52,113,565
04/14/2017 21:23:46,129,10.9,1209.260,355.29,3.33,52,113,565
04/14/2017 21:23:56,136,10.9,1206.450,355.82,3.33,52,113,565
04/14/2017 21:24:06,136,10.9,1203.800,355.69,3.33,52,114,565
04/14/2017 21:24:16,125,10.9,1201.130,355.71,3.33,53,115,565
04/14/2017 21:24:26,135,10.9,1198.470,355.36,3.32,52,113,565
04/14/2017 21:24:36,137,10.9,1195.920,355.86,3.32,52,114,565
04/14/2017 21:24:46,127,10.9,1193.280,356.01,3.32,50,114,565
04/14/2017 21:24:56,137,10.9,1190.520,356.04,3.32,51,112,565
04/14/2017 21:25:06,121,10.9,1187.770,356.01,3.32,51,112,565
04/14/2017 21:25:16,134,10.9,1185.100,355.97,3.32,52,113,565
04/14/2017 21:25:26,121,10.9,1182.500,356.79,3.32,53,113,565
04/14/2017 21:25:36,133,10.9,1179.790,356.21,3.33,52,113,565
04/14/2017 21:25:46,140,10.9,1177.190,356.88,3.33,51,113,565
04/14/2017 21:25:56,133,10.9,1174.420,356.99,3.32,51,132,565
04/14/2017 21:26:06,136,10.9,1171.800,356.43,3.32,52,114,565
04/14/2017 21:26:16,134,10.9,1169.070,356.85,3.32,52,113,565
04/14/2017 21:26:26,136,10.9,1166.390,357.12,3.32,51,113,565
04/14/2017 21:26:36,132,10.9,1163.690,356.64,3.32,51,113,565
04/14/2017 21:26:46,131,10.9,1161.040,356.62,3.32,53,114,565
04/14/2017 21:26:56,142,10.9,1158.480,356.94,3.32,53,114,565
04/14/2017 21:27:06,144,10.9,1155.720,356.78,3.32,52,113,565
04/14/2017 21:27:16,122,10.9,1153.140,356.79,3.32,52,112,565
04/14/2017 21:27:26,136,10.9,1150.360,357.11,3.32,53,114,565
04/14/2017 21:27:36,130,10.9,1147.720,357.49,3.32,53,113,565
04/14/2017 21:27:46,138,10.9,1145.060,356.72,3.32,53,113,565
04/14/2017 21:27:56,125,10.9,1142.460,357.46,3.32,52,114,565
04/14/2017 21:28:06,139,10.9,1139.720,357.66,3.32,52,112,565
04/14/2017 21:28:16,133,10.9,1137.160,357.55,3.32,52,113,565
04/14/2017 21:28:26,127,10.9,1134.330,357.58,3.32,53,113,565
04/14/2017 21:28:36,132,10.9,1131.840,358.35,3.32,51,112,565
04/14/2017 21:28:46,135,10.9,1129.160,357.09,3.32,53,114,565
04/14/2017 21:28:56,134,10.9,1126.390,357.78,3.32,52,113,565
04/14/2017 21:29:06,109,10.9,1123.730,357.65,3.32,52,117,565
04/14/2017 21:29:16,138,10.9,1121.220,357.78,3.32,52,113,565
04/14/2017 21:29:26,139,10.9,1118.560,358.22,3.32,52,113,565
04/14/2017 21:29:36,122,10.9,1115.910,357.76,3.32,52,113,565
04/14/2017 21:29:46,137,10.9,1113.150,357.93,3.32,51,112,565
04/14/2017 21:29:56,133,10.9,1110.600,357.78,3.32,54,113,565
04/14/2017 21:30:06,129,10.9,1107.890,358.61,3.32,52,114,565
04/14/2017 21:30:16,139,10.9,1105.240,357.60,3.32,52,113,565
04/14/2017 21:30:26,146,10.9,1102.540,358.18,3.32,52,113,565
04/14/2017 21:30:36,135,10.9,1099.840,357.69,3.32,53,113,565
04/14/2017 21:30:46,134,10.9,1097.130,357.03,3.32,52,112,565
04/14/2017 21:30:56,129,10.9,1094.580,357.11,3.32,52,114,565
04/14/2017 21:31:06,138,10.9,1091.840,357.30,3.32,52,113,565
04/14/2017 21:31:16,139,10.9,1089.130,357.93,3.32,52,114,565
04/14/2017 21:31:26,142,10.9,1086.510,358.34,3.32,51,114,565
04/14/2017 21:31:36,142,10.9,1083.970,357.82,3.32,51,114,565
04/14/2017 21:31:46,146,10.9,1081.320,357.55,3.32,54,115,565
04/14/2017 21:31:56,149,10.9,1078.540,357.69,3.32,52,114,565
04/14/2017 21:32:06,131,10.9,1075.910,358.35,3.32,52,115,565
04/14/2017 21:32:16,137,10.9,1073.240,358.04,3.32,51,114,565
04/14/2017 21:32:26,143,10.9,1070.560,358.59,3.32,54,114,565
04/14/2017 21:32:36,136,10.9,1067.960,358.29,3.32,53,113,565
04/14/2017 21:32:46,126,10.9,1065.180,357.82,3.32,52,113,565
04/14/2017 21:32:56,131,10.9,1062.590,357.91,3.32,53,113,565
04/14/2017 21:33:06,138,10.9,1059.900,358.86,3.32,54,113,565
04/14/2017 21:33:16,141,10.9,1057.240,358.54,3.32,52,113,565
04/14/2017 21:33:26,134,10.9,1054.440,357.78,3.32,52,114,565
04/14/2017 21:33:36,78,11.0,1051.950,357.91,3.32,53,114,565
04/14/2017 21:33:46,139,10.9,1049.210,357.53,3.32,53,116,565
04/14/2017 21:33:56,138,10.9,1046.440,358.06,3.32,52,112,565
04/14/2017 21:34:06,141,10.9,1043.810,358.94,3.32,53,113,565
04/14/2017 21:34:16,132,10.9,1041.170,357.94,3.32,52,114,565
04/14/2017 21:34:26,134,10.9,1038.580,357.98,3.32,52,114,565
04/14/2017 21:34:36,149,10.9,1035.900,358.11,3.32,51,115,565
04/14/2017 21:34:46,141,10.9,1033.230,357.68,3.32,51,113,565
04/14/2017 21:34:56,142,10.8,1030.590,358.51,3.32,51,115,565
04/14/2017 21:35:06,143,10.9,1027.950,357.92,3.33,51,116,565
04/14/2017 21:35:16,135,10.9,1025.220,357.66,3.33,51,115,565
04/14/2017 21:35:26,142,10.9,1022.510,358.35,3.33,53,115,565
04/14/2017 21:35:36,135,10.9,1019.780,358.10,3.33,52,114,565
04/14/2017 21:35:46,141,10.9,1017.280,357.82,3.33,51,115,565
04/14/2017 21:35:56,142,10.9,1014.550,357.84,3.33,53,117,565
04/14/2017 21:36:06,140,10.9,1011.920,357.76,3.33,54,113,565
04/14/2017 21:36:16,141,10.9,1009.190,357.63,3.33,52,115,565
04/14/2017 21:36:26,129,10.9,1006.520,357.79,3.33,52,113,565
04/14/2017 21:36:36,136,10.9,1003.920,358.38,3.33,53,113,565
04/14/2017 21:36:46,137,10.9,1001.290,358.16,3.33,53,114,565
04/14/2017 21:36:56,127,10.9,998.570,357.82,3.33,53,115,565
04/14/2017 21:37:06,137,10.9,995.860,358.42,3.33,54,120,565
04/14/2017 21:37:16,132,10.9,993.170,358.54,3.33,51,116,565
04/14/2017 21:37:26,129,10.9,990.590,359.15,3.33,52,114,565
04/14/2017 21:37:36,139,10.9,987.880,358.69,3.33,53,114,565
04/14/2017 21:37:46,142,10.9,985.230,358.85,3.33,53,115,565
04/14/2017 21:37:56,155,10.9,982.510,358.32,3.33,53,115,565
04/14/2017 21:38:06,136,10.9,979.900,359.49,3.34,51,114,565
04/14/2017 21:38:16,135,10.9,977.350,358.95,3.34,52,114,565
04/14/2017 21:38:26,134,10.9,974.550,358.69,3.34,53,113,565
04/14/2017 21:38:36,142,10.9,971.860,359.18,3.34,52,116,565
04/14/2017 21:38:46,139,10.9,969.320,358.98,3.34,53,115,565
04/14/2017 21:38:56,147,10.9,966.680,359.94,3.34,51,114,565
04/14/2017 21:39:06,131,10.9,963.890,358.92,3.34,52,115,565
04/14/2017 21:39:16,142,10.9,961.230,359.67,3.34,51,116,565
04/14/2017 21:39:26,138,10.9,958.630,359.70,3.34,50,116,565
04/14/2017 21:39:36,136,10.9,955.930,359.17,3.34,51,113,565
04/14/2017 21:39:46,135,10.9,953.340,359.08,3.34,53,116,565
04/14/2017 21:39:56,144,10.9,950.690,358.46,3.34,53,114,565
04/14/2017 21:40:06,143,10.9,947.940,358.58,3.35,53,116,565
04/14/2017 21:40:16,112,10.9,945.420,359.10,3.35,52,115,565
04/14/2017 21:40:26,150,10.8,942.650,359.34,3.35,51,116,565
04/14/2017 21:40:36,139,10.9,940.010,358.49,3.35,52,115,565
04/14/2017 21:40:46,140,10.9,937.480,359.16,3.35,51,121,565
04/14/2017 21:40:56,138,10.9,934.690,358.53,3.35,52,113,565
04/14/2017 21:41:06,116,10.9,932.040,358.93,3.36,52,115,565
04/14/2017 21:41:16,148,10.9,929.460,358.96,3.36,52,113,565
04/14/2017 21:41:26,159,10.9,926.780,358.81,3.36,53,116,565
04/14/2017 21:41:36,133,10.9,924.100,358.76,3.35,52,115,565
04/14/2017 21:41:46,156,10.9,921.430,359.81,3.35,52,115,565
04/14/2017 21:41:56,143,10.9,918.840,359.91,3.35,53,115,565
04/14/2017 21:42:06,138,10.9,916.030,359.46,3.34,53,114,565
04/14/2017 21:42:16,145,10.9,913.460,359.74,3.34,52,115,565
04/14/2017 21:42:26,134,10.9,910.810,361.16,3.34,53,115,565
04/14/2017 21:42:36,152,10.9,908.120,361.30,3.34,52,118,565
04/14/2017 21:42:46,149,10.9,905.480,360.14,3.34,51,115,565
04/14/2017 21:42:56,133,10.8,902.890,360.90,3.34,52,116,565
04/14/2017 21:43:06,153,10.8,900.100,360.62,3.34,54,115,565
04/14/2017 21:43:16,145,10.9,897.530,360.50,3.33,53,117,565
04/14/2017 21:43:26,132,10.9,894.880,362.12,3.33,53,117,565
04/14/2017 21:43:36,140,10.9,892.310,361.36,3.32,53,117,565
04/14/2017 21:43:46,143,10.9,889.600,360.89,3.32,52,117,565
04/14/2017 21:43:56,160,10.9,886.920,362.31,3.32,53,117,565
04/14/2017 21:44:06,144,10.8,884.310,361.81,3.32,53,117,565
04/14/2017 21:44:16,145,10.9,881.650,361.72,3.32,53,118,565
04/14/2017 21:44:26,142,10.9,878.900,362.29,3.32,52,117,565
04/14/2017 21:44:36,149,10.9,876.290,362.33,3.32,54,119,565
04/14/2017 21:44:46,138,10.9,873.710,363.94,3.32,52,117,565
04/14/2017 21:44:56,154,10.9,870.950,362.85,3.32,52,117,565
04/14/2017 21:45:06,138,10.9,868.400,362.11,3.32,51,118,565
04/14/2017 21:45:16,139,10.9,865.760,362.64,3.32,53,117,565
04/14/2017 21:45:26,155,10.9,862.980,363.21,3.32,52,117,565
04/14/2017 21:45:36,141,10.9,860.350,363.09,3.32,52,118,565
04/14/2017 21:45:46,144,10.9,857.780,363.49,3.32,54,119,565
04/14/2017 21:45:56,143,10.9,855.150,361.97,3.32,52,118,565
04/14/2017 21:46:06,148,10.9,852.380,363.12,3.33,52,116,565
04/14/2017 21:46:16,141,10.9,849.820,364.04,3.33,53,116,565
04/14/2017 21:46:26,144,10.9,847.240,363.23,3.33,55,118,565
04/14/2017 21:46:36,143,10.9,844.530,362.73,3.34,53,115,565
04/14/2017 21:46:46,151,10.9,841.830,362.08,3.34,52,116,565
04/14/2017 21:46:56,156,10.9,839.240,361.80,3.34,52,115,565
04/14/2017 21:47:06,137,10.9,836.500,362.42,3.34,52,118,565
04/14/2017 21:47:16,142,10.9,833.800,362.24,3.34,52,116,565
04/14/2017 21:47:26,146,10.9,831.240,362.48,3.34,51,115,565
04/14/2017 21:47:36,149,10.9,828.610,363.11,3.35,53,116,565
04/14/2017 21:47:46,140,10.9,826.000,362.61,3.35,53,115,565
04/14/2017 21:47:56,154,10.9,823.280,362.94,3.35,51,119,565
04/14/2017 21:48:06,142,10.8,820.590,362.81,3.35,53,117,565
04/14/2017 21:48:16,144,10.9,817.890,362.46,3.34,53,117,565
04/14/2017 21:48:26,145,10.9,815.280,362.48,3.34,53,116,565
04/14/2017 21:48:36,142,10.9,812.590,363.88,3.34,53,117,565
04/14/2017 21:48:46,144,10.9,809.960,363.96,3.34,53,117,565
04/14/2017 21:48:56,142,10.9,807.370,363.96,3.34,51,119,565
04/14/2017 21:49:06,132,10.9,804.790,363.67,3.34,53,117,565
04/14/2017 21:49:16,140,10.9,802.110,363.43,3.34,52,117,565
04/14/2017 21:49:26,156,10.9,799.420,363.85,3.34,53,117,565
04/14/2017 21:49:36,139,10.9,796.660,363.68,3.34,54,128,565
04/14/2017 21:49:46,148,10.9,794.100,363.88,3.34,53,117,565
04/14/2017 21:49:56,145,10.9,791.430,364.08,3.34,53,118,565
04/14/2017 21:50:06,143,10.9,788.740,363.52,3.35,54,118,565
04/14/2017 21:50:16,138,10.9,786.110,362.49,3.35,52,116,565
04/14/2017 21:50:26,146,10.9,783.530,363.22,3.35,53,116,565
04/14/2017 21:50:36,145,10.8,780.780,363.27,3.35,54,118,565
04/14/2017 21:50:46,161,10.9,778.090,364.19,3.35,52,117,565
04/14/2017 21:50:56,143,10.9,775.550,364.05,3.35,51,117,565
04/14/2017 21:51:06,150,10.9,772.930,363.17,3.35,53,117,565
04/14/2017 21:51:16,144,10.9,770.200,364.73,3.35,53,119,565
04/14/2017 21:51:26,141,10.9,767.630,363.84,3.35,53,117,565
04/14/2017 21:51:36,145,10.9,764.970,364.28,3.35,52,116,565
04/14/2017 21:51:46,139,10.9,762.380,364.07,3.35,53,118,565
04/14/2017 21:51:56,148,10.9,759.630,364.55,3.36,52,119,565
04/14/2017 21:52:06,142,10.9,756.890,364.17,3.36,53,119,565
04/14/2017 21:52:16,156,10.9,754.400,363.86,3.36,52,116,565
04/14/2017 21:52:26,152,10.9,751.610,364.00,3.36,52,116,565
04/14/2017 21:52:36,151,10.9,748.930,364.29,3.36,53,120,565
04/14/2017 21:52:46,146,10.9,746.400,363.83,3.36,53,117,565
04/14/2017 21:52:56,151,10.9,743.740,363.63,3.36,54,117,565
04/14/2017 21:53:06,152,10.9,741.060,363.93,3.36,53,115,565
04/14/2017 21:53:16,151,10.9,738.310,364.06,3.37,53,117,565
04/14/2017 21:53:26,155,10.9,735.670,363.98,3.37,53,118,565
04/14/2017 21:53:36,150,10.9,733.070,364.56,3.37,53,116,565
04/14/2017 21:53:46,154,10.9,730.480,364.15,3.37,52,116,565
04/14/2017 21:53:56,146,10.9,727.870,364.00,3.37,52,116,565
04/14/2017 21:54:06,157,10.8,725.180,363.94,3.37,53,116,565
04/14/2017 21:54:16,147,10.9,722.360,364.08,3.37,52,118,565
04/14/2017 21:54:26,147,10.9,719.740,363.79,3.37,53,116,565
04/14/2017 21:54:36,147,10.9,717.120,363.89,3.37,55,116,565
04/14/2017 21:54:46,148,10.9,714.420,364.09,3.37,54,117,565
04/14/2017 21:54:56,147,10.9,711.820,363.91,3.37,53,129,565
04/14/2017 21:55:06,145,10.9,709.270,364.42,3.37,52,120,565
04/14/2017 21:55:16,140,10.9,706.550,363.77,3.37,52,119,565
04/14/2017 21:55:26,145,10.9,703.830,364.42,3.37,53,117,565
04/14/2017 21:55:36,144,10.9,701.270,363.96,3.37,53,118,565
04/14/2017 21:55:46,142,10.9,698.640,364.64,3.37,52,118,565
04/14/2017 21:55:56,149,10.9,696.050,364.59,3.37,54,118,565
04/14/2017 21:56:06,140,10.9,693.410,365.22,3.37,53,118,565
04/14/2017 21:56:16,147,10.9,690.710,364.17,3.37,53,117,565
04/14/2017 21:56:26,143,10.9,688.020,365.53,3.37,53,117,565
04/14/2017 21:56:36,143,10.9,685.440,364.91,3.37,53,119,565
04/14/2017 21:56:46,148,10.9,682.690,366.77,3.36,51,118,565
04/14/2017 21:56:56,150,10.9,680.070,367.08,3.36,53,118,565
04/14/2017 21:57:06,147,10.9,677.410,366.53,3.36,54,119,565
04/14/2017 21:57:16,142,10.9,674.750,366.33,3.36,55,119,565
04/14/2017 21:57:26,149,10.9,672.180,367.55,3.36,55,118,565
04/14/2017 21:57:36,129,10.9,669.370,366.96,3.36,54,118,565
04/14/2017 21:57:46,138,10.9,666.890,367.81,3.36,53,119,565
04/14/2017 21:57:56,149,10.9,664.080,368.05,3.37,54,119,565
04/14/2017 21:58:06,148,10.9,661.610,368.19,3.37,53,119,565
04/14/2017 21:58:16,144,10.9,658.810,367.80,3.37,54,118,565
04/14/2017 21:58:26,147,10.9,656.260,367.46,3.38,55,120,565
04/14/2017 21:58:36,145,10.9,653.550,368.12,3.38,54,118,565
04/14/2017 21:58:46,144,10.9,650.950,368.52,3.38,55,119,565
04/14/2017 21:58:56,148,10.9,648.180,368.26,3.38,55,118,565
04/14/2017 21:59:06,147,10.9,645.530,367.98,3.38,53,118,565
04/14/2017 21:59:16,144,10.9,642.880,367.82,3.38,55,120,565
04/14/2017 21:59:26,145,10.9,640.250,368.04,3.38,55,121,565
04/14/2017 21:59:36,150,10.9,637.680,367.77,3.38,54,129,565
04/14/2017 21:59:46,149,10.9,634.930,368.47,3.38,53,118,565
04/14/2017 21:59:56,138,10.9,632.390,368.18,3.38,55,117,565
04/14/2017 22:00:06,152,10.9,629.630,367.36,3.38,55,119,565
04/14/2017 22:00:16,150,10.9,627.030,369.17,3.38,55,117,565
04/14/2017 22:00:26,154,10.9,624.440,367.71,3.39,54,124,565
04/14/2017 22:00:36,144,10.9,621.670,368.50,3.39,56,124,565
04/14/2017 22:00:46,160,10.9,619.150,368.09,3.39,56,118,565
04/14/2017 22:00:56,158,10.9,616.340,368.13,3.40,56,119,565
04/14/2017 22:01:06,152,10.9,613.820,367.76,3.40,56,119,565
04/14/2017 22:01:16,148,10.9,611.040,368.68,3.41,57,119,565
04/14/2017 22:01:26,164,10.8,608.530,368.47,3.41,55,119,565
04/14/2017 22:01:36,161,10.9,605.800,368.81,3.41,58,120,565
04/14/2017 22:01:46,156,10.9,603.210,368.80,3.41,57,121,565
04/14/2017 22:01:56,153,10.9,600.600,368.73,3.42,57,120,565
04/14/2017 22:02:06,151,10.9,597.910,369.82,3.42,58,119,565
04/14/2017 22:02:16,154,10.9,595.290,369.84,3.42,60,120,565
04/14/2017 22:02:26,148,10.9,592.550,370.19,3.42,58,119,565
04/14/2017 22:02:36,149,10.9,589.910,369.58,3.43,59,120,565
04/14/2017 22:02:46,153,10.9,587.330,370.02,3.43,60,119,565
04/14/2017 22:02:56,157,10.9,584.650,371.24,3.43,59,120,565
04/14/2017 22:03:06,154,10.9,582.000,370.88,3.43,59,120,565
04/14/2017 22:03:16,155,10.9,579.400,371.17,3.44,60,124,565
04/14/2017 22:03:26,143,10.9,576.780,371.72,3.44,60,121,565
04/14/2017 22:03:36,153,10.9,574.090,371.97,3.44,62,119,565
04/14/2017 22:03:46,156,10.9,571.420,372.29,3.44,60,120,565
04/14/2017 22:03:56,145,10.9,568.680,372.13,3.44,61,121,565
04/14/2017 22:04:06,153,10.9,566.110,372.58,3.44,60,123,565
04/14/2017 22:04:16,144,10.9,563.400,372.68,3.44,60,119,565
04/14/2017 22:04:26,159,10.9,560.820,372.28,3.44,61,121,565
04/14/2017 22:04:36,159,10.9,558.130,372.66,3.44,59,120,565
04/14/2017 22:04:46,150,10.9,555.620,373.41,3.44,61,121,565
04/14/2017 22:04:56,153,10.9,552.860,372.42,3.44,61,121,565
04/14/2017 22:05:06,144,10.9,550.160,373.01,3.45,62,123,565
04/14/2017 22:05:16,153,10.9,547.640,373.51,3.45,63,121,565
04/14/2017 22:05:26,147,10.8,544.930,372.61,3.45,61,121,565
04/14/2017 22:05:36,150,10.9,542.280,373.74,3.45,61,121,565
04/14/2017 22:05:46,147,10.9,539.750,374.27,3.45,61,122,565
04/14/2017 22:05:56,149,10.9,537.070,373.94,3.45,62,122,565
04/14/2017 22:06:06,153,10.9,534.350,374.04,3.46,62,123,565
04/14/2017 22:06:16,154,10.9,531.670,373.09,3.46,64,122,565
04/14/2017 22:06:26,153,10.9,529.150,374.23,3.46,62,122,565
04/14/2017 22:06:36,154,10.9,526.510,374.23,3.47,63,124,565
04/14/2017 22:06:46,161,10.9,523.860,374.62,3.47,63,122,565
04/14/2017 22:06:56,155,10.9,521.230,375.50,3.47,65,121,565
04/14/2017 22:07:06,158,10.9,518.540,374.79,3.47,66,121,565
04/14/2017 22:07:16,156,10.9,515.800,375.57,3.47,63,122,565
04/14/2017 22:07:26,160,10.8,513.180,375.88,3.47,65,121,565
04/14/2017 22:07:36,155,10.9,510.630,376.41,3.47,63,122,565
04/14/2017 22:07:46,156,10.9,507.970,375.18,3.47,65,122,565
04/14/2017 22:07:56,150,10.9,505.330,376.21,3.47,64,128,565
04/14/2017 22:08:06,150,10.9,502.700,375.21,3.47,63,121,565
04/14/2017 22:08:16,152,10.9,499.960,375.32,3.47,65,121,565
04/14/2017 22:08:26,158,10.9,497.420,375.17,3.47,65,123,565
04/14/2017 22:08:36,150,10.9,494.840,375.53,3.47,64,123,565
04/14/2017 22:08:46,153,10.9,492.130,375.91,3.47,65,121,565
04/14/2017 22:08:56,147,10.9,489.410,375.66,3.47,65,124,565
04/14/2017 22:09:06,156,10.9,486.830,376.13,3.47,64,127,565
04/14/2017 22:09:16,161,10.9,484.120,376.22,3.47,66,121,565
04/14/2017 22:09:26,158,10.9,481.530,376.00,3.47,64,121,565
04/14/2017 22:09:36,156,10.8,478.990,376.67,3.47,65,122,565
04/14/2017 22:09:46,153,10.9,476.270,376.45,3.47,65,123,565
04/14/2017 22:09:56,154,10.9,473.690,375.04,3.47,64,122,565
04/14/2017 22:10:06,150,10.9,470.980,375.40,3.47,64,123,565
04/14/2017 22:10:16,148,10.9,468.290,375.25,3.47,65,124,565
04/14/2017 22:10:26,149,10.9,465.720,375.72,3.47,64,124,565
04/14/2017 22:10:36,147,10.9,462.970,375.80,3.47,65,122,565
04/14/2017 22:10:46,158,10.9,460.540,375.84,3.47,65,122,565
04/14/2017 22:10:56,156,10.9,457.760,377.05,3.47,64,122,565
04/14/2017 22:11:06,155,10.9,455.130,375.90,3.47,66,124,565
04/14/2017 22:11:16,160,10.9,452.520,376.26,3.47,66,124,565
04/14/2017 22:11:26,168,10.9,449.810,375.77,3.48,65,121,565
04/14/2017 22:11:36,159,10.9,447.260,376.05,3.47,64,122,565
04/14/2017 22:11:46,157,10.9,444.590,376.77,3.48,66,123,565
04/14/2017 22:11:56,153,10.9,441.890,375.72,3.48,66,121,565
04/14/2017 22:12:06,156,10.9,439.270,376.50,3.48,66,123,565
04/14/2017 22:12:16,160,10.9,436.750,376.40,3.49,69,124,565
04/14/2017 22:12:26,161,10.9,434.070,376.80,3.50,67,124,565
04/14/2017 22:12:36,158,10.9,431.390,376.72,3.50,69,124,565
04/14/2017 22:12:46,158,10.9,428.710,376.54,3.49,70,123,565
04/14/2017 22:12:56,159,10.9,426.110,377.21,3.49,71,122,565
04/14/2017 22:13:06,160,10.9,423.570,376.99,3.49,70,125,565
04/14/2017 22:13:16,161,10.9,420.880,377.70,3.49,71,124,565
04/14/2017 22:13:26,161,10.9,418.290,377.45,3.50,68,122,565
04/14/2017 22:13:36,160,10.9,415.630,376.92,3.50,68,126,565
04/14/2017 22:13:46,155,10.9,412.900,377.91,3.49,70,123,565
04/14/2017 22:13:56,159,10.8,410.250,376.53,3.49,69,123,565
04/14/2017 22:14:06,159,10.9,407.730,377.85,3.49,68,123,565
04/14/2017 22:14:16,154,10.9,405.050,377.58,3.49,68,123,565
04/14/2017 22:14:26,155,10.9,402.350,377.12,3.49,68,122,565
04/14/2017 22:14:36,162,10.8,399.800,377.42,3.49,66,125,565
04/14/2017 22:14:46,161,10.8,397.060,376.82,3.49,68,122,565
04/14/2017 22:14:56,161,10.9,394.590,376.21,3.48,66,120,565
04/14/2017 22:15:06,159,10.9,391.750,376.07,3.48,66,124,565
04/14/2017 22:15:16,170,10.9,389.200,376.89,3.47,63,121,565
04/14/2017 22:15:26,156,10.9,386.640,376.97,3.47,61,122,565
04/14/2017 22:15:36,160,10.8,383.990,377.32,3.45,64,122,565
04/14/2017 22:15:46,174,10.9,381.270,375.00,3.45,63,120,565
04/14/2017 22:15:56,165,10.9,378.630,374.27,3.45,61,120,565
04/14/2017 22:16:06,166,10.8,376.110,374.63,3.46,61,121,565
04/14/2017 22:16:16,160,10.9,373.380,375.52,3.47,63,121,565
04/14/2017 22:16:26,166,10.8,370.810,375.42,3.47,63,121,565
04/14/2017 22:16:36,165,10.9,368.300,375.53,3.49,62,121,565
04/14/2017 22:16:46,151,10.9,365.530,375.45,3.49,63,123,565
04/14/2017 22:16:56,157,10.9,362.890,375.74,3.49,64,122,565
04/14/2017 22:17:06,163,10.9,360.330,375.57,3.49,62,123,565
04/14/2017 22:17:16,171,10.9,357.700,375.87,3.49,64,123,565
04/14/2017 22:17:26,156,10.9,355.090,376.77,3.49,65,123,565
04/14/2017 22:17:36,156,10.9,352.390,376.83,3.49,65,122,565
04/14/2017 22:17:46,159,10.8,349.780,376.45,3.49,67,124,565
04/14/2017 22:17:56,162,10.9,347.090,376.96,3.48,68,123,565
04/14/2017 22:18:06,164,10.9,344.550,377.25,3.48,68,123,565
04/14/2017 22:18:16,154,10.9,341.850,378.01,3.48,70,124,565
04/14/2017 22:18:26,166,10.9,339.180,378.79,3.48,68,126,565
04/14/2017 22:18:36,169,10.8,336.570,377.49,3.48,70,122,565
04/14/2017 22:18:46,165,10.9,333.940,378.42,3.48,72,123,565
04/14/2017 22:18:56,156,10.9,331.340,378.90,3.48,69,122,565
04/14/2017 22:19:06,161,10.9,328.720,378.84,3.48,71,122,565
04/14/2017 22:19:16,170,10.8,326.150,379.35,3.48,72,126,565
04/14/2017 22:19:26,164,10.9,323.520,378.81,3.48,72,124,565
04/14/2017 22:19:36,171,10.9,320.810,379.22,3.48,72,122,565
04/14/2017 22:19:46,156,10.8,318.210,380.14,3.48,73,124,565
04/14/2017 22:19:56,159,10.9,315.640,380.18,3.48,75,123,565
04/14/2017 22:20:06,164,10.9,312.980,379.64,3.48,74,124,565
04/14/2017 22:20:16,169,10.8,310.310,380.23,3.48,75,124,565
04/14/2017 22:20:26,164,10.9,307.750,379.49,3.48,76,143,565
04/14/2017 22:20:36,166,10.8,305.100,380.11,3.48,74,126,565
04/14/2017 22:20:46,166,10.8,302.400,380.49,3.48,76,124,565
04/14/2017 22:20:56,163,10.9,299.790,381.37,3.48,74,124,565
04/14/2017 22:21:06,165,10.8,297.240,379.88,3.48,74,126,565
04/14/2017 22:21:16,167,10.8,294.520,380.80,3.48,75,124,565
04/14/2017 22:21:26,167,10.9,292.000,380.59,3.48,75,125,565
04/14/2017 22:21:36,157,10.8,289.310,380.58,3.48,74,123,565
04/14/2017 22:21:46,175,10.8,286.760,380.31,3.48,74,124,565
04/14/2017 22:21:56,144,10.9,284.050,380.14,3.48,76,126,565
04/14/2017 22:22:06,166,10.9,281.420,379.89,3.48,74,124,565
04/14/2017 22:22:16,168,10.8,278.780,380.57,3.48,75,124,565
04/14/2017 22:22:26,163,10.8,276.250,380.22,3.48,76,123,565
04/14/2017 22:22:36,167,10.9,273.540,379.99,3.48,76,124,565
04/14/2017 22:22:46,174,10.8,270.990,380.82,3.48,76,125,565
04/14/2017 22:22:56,165,10.9,268.360,380.41,3.48,76,126,565
04/14/2017 22:23:06,173,10.8,265.750,380.98,3.48,77,127,565
04/14/2017 22:23:16,173,10.9,263.210,381.30,3.48,76,124,565
04/14/2017 22:23:26,171,10.8,260.480,380.73,3.48,77,125,565
04/14/2017 22:23:36,168,10.8,257.910,381.41,3.49,76,123,565
04/14/2017 22:23:46,172,10.8,255.300,381.47,3.49,77,125,565
04/14/2017 22:23:56,165,10.9,252.660,381.44,3.49,75,125,565
04/14/2017 22:24:06,178,10.9,250.030,381.47,3.49,77,124,565
04/14/2017 22:24:16,164,10.8,247.330,381.61,3.49,75,124,565
04/14/2017 22:24:26,176,10.8,244.740,381.58,3.49,77,125,565
04/14/2017 22:24:36,169,10.8,242.150,381.55,3.49,76,125,565
04/14/2017 22:24:46,165,10.8,239.470,381.11,3.49,76,125,565
04/14/2017 22:24:56,168,10.8,237.000,381.06,3.50,76,126,565
04/14/2017 22:25:06,168,10.8,234.300,381.66,3.50,77,126,565
04/14/2017 22:25:16,174,10.8,231.610,380.23,3.50,77,125,565
04/14/2017 22:25:26,169,10.8,229.170,381.84,3.50,75,123,565
04/14/2017 22:25:36,169,10.8,226.380,381.25,3.50,76,124,565
04/14/2017 22:25:46,166,10.8,223.830,381.30,3.50,77,124,565
04/14/2017 22:25:56,174,10.9,221.200,381.63,3.50,76,125,565
04/14/2017 22:26:06,166,10.8,218.560,381.29,3.50,77,124,565
04/14/2017 22:26:16,166,10.8,216.060,381.67,3.49,78,125,565
04/14/2017 22:26:26,157,10.8,213.300,381.28,3.49,78,123,565
04/14/2017 22:26:36,175,10.8,210.840,381.76,3.50,79,125,565
04/14/2017 22:26:46,161,10.8,208.200,380.82,3.50,78,125,565
04/14/2017 22:26:56,181,10.8,205.570,381.75,3.50,79,125,565
04/14/2017 22:27:06,166,10.8,202.980,381.91,3.50,78,125,565
04/14/2017 22:27:16,156,10.9,200.360,381.95,3.50,77,126,565
04/14/2017 22:27:26,170,10.8,197.810,382.29,3.50,77,127,565
04/14/2017 22:27:36,166,10.8,195.170,381.97,3.50,80,125,565
04/14/2017 22:27:46,178,10.8,192.580,381.37,3.50,78,127,565
04/14/2017 22:27:56,164,10.9,189.900,381.61,3.50,79,124,565
04/14/2017 22:28:06,166,10.9,187.240,381.98,3.50,80,124,565
04/14/2017 22:28:16,163,10.8,184.710,381.27,3.50,78,125,565
04/14/2017 22:28:26,152,10.9,182.120,381.98,3.51,80,127,565
04/14/2017 22:28:36,165,10.9,179.420,381.55,3.51,82,126,565
04/14/2017 22:28:46,252,10.7,178.850,382.48,3.52,93,123,565
04/14/2017 22:28:56,459,10.6,178.800,382.34,3.52,93,126,565
04/14/2017 22:29:06,498,10.5,178.820,381.75,3.53,92,125,565
04/14/2017 22:29:16,471,10.5,178.880,381.47,3.53,94,129,565
04/14/2017 22:29:26,463,10.6,178.810,382.12,3.53,95,126,565
04/14/2017 22:29:36,490,10.5,178.830,382.80,3.54,93,126,565
04/14/2017 22:29:46,496,10.6,178.880,382.61,3.54,90,125,565

 Ramp exit:    SMOOTH RUNNING
 Profile exit: TOP PRESSURE

 Vehicle motion stopped at 04/14/2017 22:29:50
 Sensor logging stopped at 04/14/2017 22:31:58
