
 Profile 345

 Sensors were turned on at  04/24/2017 20:00:02
 Vehicle began profiling at 04/24/2017 20:02:03

Date,[mA],[V],[dbar],Oxygen[uM],Optode Temp[C],Chl,NTU,Therm
04/24/2017 20:02:03,0,11.1,0.000,0.00,0.00,54,123,569
04/24/2017 20:02:13,166,10.7,0.000,0.00,0.00,53,120,569
04/24/2017 20:02:23,164,10.8,0.000,0.00,0.00,54,121,569
04/24/2017 20:02:36,175,10.8,2516.440,337.14,2.26,53,119,569
04/24/2017 20:02:46,105,11.0,2513.710,336.63,2.28,53,123,569
04/24/2017 20:02:56,110,11.0,2510.910,335.98,2.29,54,128,569
04/24/2017 20:03:06,111,10.9,2508.140,335.58,2.29,53,123,569
04/24/2017 20:03:16,118,10.9,2505.440,335.78,2.31,53,122,569
04/24/2017 20:03:26,113,11.0,2502.730,335.93,2.32,54,125,569
04/24/2017 20:03:36,117,10.9,2499.920,335.58,2.33,53,124,569
04/24/2017 20:03:46,119,10.9,2497.290,335.06,2.33,52,124,569
04/24/2017 20:03:56,104,10.9,2494.650,335.24,2.34,53,123,569
04/24/2017 20:04:06,109,10.9,2491.930,335.38,2.35,54,130,569
04/24/2017 20:04:16,100,10.9,2489.140,335.55,2.36,54,125,568
04/24/2017 20:04:26,120,10.9,2486.320,335.53,2.38,54,126,568
04/24/2017 20:04:36,109,10.9,2483.720,335.03,2.39,53,123,568
04/24/2017 20:04:46,106,10.9,2481.070,334.41,2.40,53,124,568
04/24/2017 20:04:56,114,10.9,2478.180,334.68,2.40,55,121,568
04/24/2017 20:05:06,101,10.9,2475.480,333.84,2.41,53,122,568
04/24/2017 20:05:16,91,10.9,2472.750,333.65,2.42,55,120,568
04/24/2017 20:05:26,112,10.9,2470.120,333.69,2.43,54,121,568
04/24/2017 20:05:36,106,10.9,2467.450,333.06,2.45,53,123,568
04/24/2017 20:05:46,109,10.9,2464.730,332.01,2.46,52,121,568
04/24/2017 20:05:56,113,10.8,2462.010,332.74,2.47,53,122,568
04/24/2017 20:06:06,108,10.9,2459.280,332.15,2.48,53,121,568
04/24/2017 20:06:16,122,10.8,2456.530,332.40,2.49,54,122,568
04/24/2017 20:06:26,107,10.9,2453.940,331.81,2.51,53,118,568
04/24/2017 20:06:36,118,10.8,2451.280,331.56,2.53,53,119,568
04/24/2017 20:06:46,107,10.9,2448.470,330.39,2.54,54,118,568
04/24/2017 20:06:56,109,10.8,2445.790,329.56,2.54,53,117,568
04/24/2017 20:07:06,108,10.8,2443.190,329.10,2.56,53,116,568
04/24/2017 20:07:16,111,10.8,2440.510,328.19,2.57,54,116,568
04/24/2017 20:07:26,109,10.8,2437.710,327.73,2.58,53,116,568
04/24/2017 20:07:36,112,10.8,2434.900,327.80,2.58,54,116,568
04/24/2017 20:07:46,121,10.8,2432.210,326.63,2.59,54,115,567
04/24/2017 20:07:56,89,10.8,2429.650,326.25,2.60,54,114,567
04/24/2017 20:08:06,106,10.8,2426.960,326.76,2.62,53,113,567
04/24/2017 20:08:16,117,10.8,2424.270,325.36,2.62,53,116,567
04/24/2017 20:08:26,123,10.8,2421.530,325.24,2.62,53,113,567
04/24/2017 20:08:36,122,10.8,2418.810,325.50,2.63,53,115,567
04/24/2017 20:08:46,112,10.8,2416.160,326.17,2.63,53,118,567
04/24/2017 20:08:56,112,10.8,2413.550,325.52,2.64,53,116,567
04/24/2017 20:09:06,108,10.8,2410.820,325.21,2.64,54,115,567
04/24/2017 20:09:16,120,10.8,2408.010,325.16,2.64,53,114,567
04/24/2017 20:09:26,108,10.8,2405.400,325.50,2.65,53,115,567
04/24/2017 20:09:36,118,10.8,2402.700,324.93,2.65,52,118,567
04/24/2017 20:09:46,107,10.8,2400.040,325.43,2.65,55,115,567
04/24/2017 20:09:56,117,10.8,2397.250,324.91,2.65,53,114,567
04/24/2017 20:10:06,106,10.8,2394.560,325.07,2.66,51,117,567
04/24/2017 20:10:16,107,10.8,2391.880,325.51,2.68,54,117,567
04/24/2017 20:10:26,114,10.8,2389.250,326.06,2.68,52,118,567
04/24/2017 20:10:36,109,10.8,2386.540,326.60,2.68,54,118,567
04/24/2017 20:10:46,125,10.8,2383.760,325.98,2.68,53,120,567
04/24/2017 20:10:56,117,10.8,2381.170,327.16,2.68,54,118,567
04/24/2017 20:11:06,113,10.8,2378.530,327.09,2.68,53,119,567
04/24/2017 20:11:16,113,10.8,2375.820,327.27,2.70,54,117,567
04/24/2017 20:11:26,127,10.8,2373.210,325.60,2.71,53,116,567
04/24/2017 20:11:36,114,10.8,2370.330,325.65,2.71,55,114,567
04/24/2017 20:11:46,124,10.8,2367.790,325.96,2.71,54,120,567
04/24/2017 20:11:56,116,10.8,2365.050,326.32,2.72,52,118,567
04/24/2017 20:12:06,128,10.8,2362.430,325.62,2.73,52,118,567
04/24/2017 20:12:16,113,10.8,2359.580,326.15,2.73,53,118,567
04/24/2017 20:12:26,114,10.8,2356.970,326.04,2.74,54,117,567
04/24/2017 20:12:36,108,10.8,2354.300,326.41,2.74,53,118,567
04/24/2017 20:12:46,121,10.8,2351.640,326.29,2.74,52,120,567
04/24/2017 20:12:56,115,10.8,2348.970,326.60,2.74,53,120,567
04/24/2017 20:13:06,111,10.8,2346.200,327.20,2.75,53,120,567
04/24/2017 20:13:16,122,10.8,2343.600,327.30,2.75,55,124,567
04/24/2017 20:13:26,104,10.8,2340.940,328.02,2.75,53,122,567
04/24/2017 20:13:36,113,10.8,2338.130,328.76,2.75,54,128,567
04/24/2017 20:13:46,117,10.8,2335.480,329.01,2.75,54,122,567
04/24/2017 20:13:56,112,10.8,2332.900,329.24,2.74,54,124,567
04/24/2017 20:14:06,112,10.8,2330.250,329.65,2.74,54,125,567
04/24/2017 20:14:16,120,10.8,2327.470,330.76,2.73,53,125,567
04/24/2017 20:14:26,105,10.8,2324.770,331.10,2.73,53,124,567
04/24/2017 20:14:36,109,10.8,2322.190,331.12,2.74,54,126,567
04/24/2017 20:14:46,115,10.8,2319.520,331.66,2.75,54,123,567
04/24/2017 20:14:56,115,10.8,2316.740,330.51,2.77,53,122,567
04/24/2017 20:15:06,121,10.8,2314.130,330.49,2.79,53,122,567
04/24/2017 20:15:16,121,10.8,2311.510,329.58,2.81,54,117,567
04/24/2017 20:15:26,123,10.8,2308.740,328.81,2.84,52,115,566
04/24/2017 20:15:36,116,10.8,2306.080,326.91,2.86,54,115,567
04/24/2017 20:15:46,125,10.8,2303.470,325.25,2.86,52,117,567
04/24/2017 20:15:56,112,10.8,2300.730,325.62,2.87,53,116,566
04/24/2017 20:16:06,114,10.8,2297.990,325.49,2.88,53,118,567
04/24/2017 20:16:16,107,10.8,2295.450,324.97,2.88,53,115,567
04/24/2017 20:16:26,123,10.8,2292.690,325.79,2.88,52,117,567
04/24/2017 20:16:36,107,10.8,2290.040,325.18,2.88,54,115,567
04/24/2017 20:16:46,115,10.8,2287.410,325.38,2.88,53,117,566
04/24/2017 20:16:56,117,10.8,2284.690,325.84,2.90,53,115,566
04/24/2017 20:17:06,124,10.8,2282.020,323.60,2.92,53,113,566
04/24/2017 20:17:16,112,10.8,2279.250,322.71,2.92,53,114,566
04/24/2017 20:17:26,103,10.8,2276.620,323.58,2.93,53,113,566
04/24/2017 20:17:36,111,10.8,2273.950,323.04,2.93,54,114,566
04/24/2017 20:17:46,124,10.8,2271.280,322.69,2.94,53,111,566
04/24/2017 20:17:56,108,10.8,2268.540,322.13,2.95,52,113,566
04/24/2017 20:18:06,124,10.8,2265.910,321.55,2.95,52,114,566
04/24/2017 20:18:16,118,10.8,2263.260,321.30,2.96,53,112,566
04/24/2017 20:18:26,112,10.8,2260.600,320.84,2.97,54,111,566
04/24/2017 20:18:36,116,10.8,2257.810,320.58,2.97,54,112,566
04/24/2017 20:18:46,126,10.8,2255.270,320.56,2.97,52,113,566
04/24/2017 20:18:56,96,10.8,2252.570,320.85,2.97,53,111,566
04/24/2017 20:19:06,125,10.8,2249.800,320.99,2.97,53,112,566
04/24/2017 20:19:16,121,10.8,2247.120,320.74,2.97,54,112,566
04/24/2017 20:19:26,113,10.8,2244.510,321.03,2.98,54,112,566
04/24/2017 20:19:36,119,10.8,2241.720,320.95,2.98,53,110,566
04/24/2017 20:19:46,114,10.8,2239.120,320.93,2.98,53,112,566
04/24/2017 20:19:56,130,10.8,2236.330,320.80,2.99,53,111,566
04/24/2017 20:20:06,121,10.8,2233.700,320.65,2.99,51,111,566
04/24/2017 20:20:16,114,10.8,2230.930,320.14,2.99,53,114,566
04/24/2017 20:20:26,115,10.8,2228.210,320.09,2.99,53,116,566
04/24/2017 20:20:36,119,10.8,2225.630,321.50,3.00,53,111,566
04/24/2017 20:20:46,112,10.8,2223.030,321.23,3.00,53,110,566
04/24/2017 20:20:56,118,10.8,2220.340,320.42,3.01,54,123,566
04/24/2017 20:21:06,115,10.8,2217.460,320.94,3.01,54,110,566
04/24/2017 20:21:16,113,10.8,2214.950,320.04,3.01,52,109,566
04/24/2017 20:21:26,125,10.8,2212.200,320.45,3.01,54,112,566
04/24/2017 20:21:36,106,10.8,2209.540,320.60,3.01,53,112,566
04/24/2017 20:21:46,115,10.8,2206.930,320.82,3.01,53,111,566
04/24/2017 20:21:56,113,10.8,2204.190,320.91,3.02,54,112,566
04/24/2017 20:22:06,117,10.8,2201.460,320.69,3.02,53,112,566
04/24/2017 20:22:16,129,10.8,2198.920,319.91,3.02,54,110,566
04/24/2017 20:22:26,115,10.8,2196.090,320.47,3.02,53,110,566
04/24/2017 20:22:36,125,10.8,2193.350,320.92,3.02,54,110,566
04/24/2017 20:22:46,122,10.8,2190.670,320.60,3.02,53,111,566
04/24/2017 20:22:56,127,10.8,2188.160,320.48,3.02,52,112,566
04/24/2017 20:23:06,118,10.8,2185.450,321.20,3.02,53,111,566
04/24/2017 20:23:16,120,10.8,2182.730,320.71,3.02,54,110,566
04/24/2017 20:23:26,115,10.8,2179.980,320.26,3.03,53,110,566
04/24/2017 20:23:36,124,10.8,2177.410,320.51,3.04,52,112,566
04/24/2017 20:23:46,126,10.8,2174.730,320.83,3.04,55,111,566
04/24/2017 20:23:56,120,10.8,2172.180,320.34,3.04,53,110,566
04/24/2017 20:24:06,114,10.8,2169.350,319.82,3.04,51,109,566
04/24/2017 20:24:16,116,10.8,2166.600,321.18,3.04,53,111,566
04/24/2017 20:24:26,114,10.8,2164.060,320.06,3.04,53,110,566
04/24/2017 20:24:36,121,10.8,2161.420,320.07,3.05,52,110,566
04/24/2017 20:24:46,112,10.8,2158.610,320.57,3.05,52,109,566
04/24/2017 20:24:56,124,10.8,2155.860,320.04,3.05,52,110,566
04/24/2017 20:25:06,123,10.8,2153.210,319.91,3.05,54,109,566
04/24/2017 20:25:16,110,10.8,2150.690,319.74,3.05,53,111,566
04/24/2017 20:25:26,127,10.8,2147.950,320.73,3.05,53,109,566
04/24/2017 20:25:36,127,10.8,2145.280,320.10,3.06,52,110,566
04/24/2017 20:25:46,123,10.8,2142.660,320.21,3.06,53,110,566
04/24/2017 20:25:56,128,10.8,2139.970,320.68,3.06,51,110,566
04/24/2017 20:26:06,125,10.8,2137.330,319.56,3.06,54,111,566
04/24/2017 20:26:16,124,10.8,2134.460,320.36,3.07,54,110,566
04/24/2017 20:26:26,124,10.8,2131.900,320.22,3.07,52,109,566
04/24/2017 20:26:36,126,10.8,2129.330,320.23,3.08,52,111,566
04/24/2017 20:26:46,132,10.8,2126.590,320.64,3.08,52,110,566
04/24/2017 20:26:56,107,10.8,2123.850,320.16,3.08,52,112,566
04/24/2017 20:27:06,122,10.8,2121.100,320.15,3.09,52,109,566
04/24/2017 20:27:16,126,10.8,2118.510,320.43,3.09,51,111,566
04/24/2017 20:27:26,129,10.8,2115.900,320.67,3.09,53,114,566
04/24/2017 20:27:36,124,10.8,2113.140,320.45,3.09,53,111,566
04/24/2017 20:27:46,129,10.8,2110.590,320.00,3.10,53,112,566
04/24/2017 20:27:56,113,10.8,2107.890,320.79,3.10,53,109,566
04/24/2017 20:28:06,139,10.8,2105.230,320.19,3.10,53,110,566
04/24/2017 20:28:16,129,10.8,2102.540,320.61,3.10,54,111,566
04/24/2017 20:28:26,119,10.8,2099.840,320.66,3.10,52,110,566
04/24/2017 20:28:36,125,10.8,2097.020,321.02,3.10,53,109,566
04/24/2017 20:28:46,134,10.8,2094.360,320.52,3.10,51,110,566
04/24/2017 20:28:56,121,10.8,2091.680,320.24,3.10,52,110,566
04/24/2017 20:29:06,122,10.8,2089.070,320.43,3.11,52,110,566
04/24/2017 20:29:16,131,10.8,2086.370,320.94,3.11,52,110,566
04/24/2017 20:29:26,106,10.8,2083.800,320.80,3.11,55,110,566
04/24/2017 20:29:36,122,10.8,2081.080,321.05,3.11,53,109,566
04/24/2017 20:29:46,115,10.8,2078.450,320.92,3.11,52,110,566
04/24/2017 20:29:56,127,10.8,2075.690,321.23,3.11,53,111,566
04/24/2017 20:30:06,128,10.8,2073.010,321.00,3.12,52,111,565
04/24/2017 20:30:16,130,10.8,2070.440,321.16,3.12,53,115,566
04/24/2017 20:30:26,122,10.8,2067.630,320.53,3.12,53,109,566
04/24/2017 20:30:36,118,10.8,2065.140,321.17,3.12,52,109,566
04/24/2017 20:30:46,111,10.8,2062.390,320.76,3.12,52,110,566
04/24/2017 20:30:56,121,10.8,2059.640,320.92,3.12,53,113,566
04/24/2017 20:31:06,114,10.8,2056.970,321.02,3.12,53,111,566
04/24/2017 20:31:16,115,10.8,2054.290,321.63,3.13,53,110,566
04/24/2017 20:31:26,131,10.8,2051.690,321.36,3.13,53,110,566
04/24/2017 20:31:36,129,10.8,2049.070,321.15,3.13,52,110,566
04/24/2017 20:31:46,118,10.8,2046.260,320.30,3.13,54,111,566
04/24/2017 20:31:56,127,10.8,2043.730,320.94,3.14,53,112,566
04/24/2017 20:32:06,113,10.8,2041.080,321.35,3.14,54,112,566
04/24/2017 20:32:16,119,10.8,2038.380,321.02,3.14,53,108,566
04/24/2017 20:32:26,134,10.8,2035.630,320.84,3.15,53,110,566
04/24/2017 20:32:36,123,10.8,2033.070,321.14,3.16,53,111,566
04/24/2017 20:32:46,119,10.8,2030.350,320.93,3.16,54,121,565
04/24/2017 20:32:56,122,10.8,2027.650,320.59,3.16,53,110,566
04/24/2017 20:33:06,133,10.8,2024.940,320.29,3.17,54,110,566
04/24/2017 20:33:16,122,10.8,2022.290,321.55,3.17,53,112,566
04/24/2017 20:33:26,136,10.8,2019.750,320.92,3.17,54,111,566
04/24/2017 20:33:36,116,10.8,2016.900,320.49,3.18,51,110,565
04/24/2017 20:33:46,114,10.8,2014.400,320.83,3.19,53,112,566
04/24/2017 20:33:56,111,10.8,2011.760,320.51,3.19,53,113,566
04/24/2017 20:34:06,115,10.8,2008.960,320.80,3.19,54,110,566
04/24/2017 20:34:16,132,10.8,2006.230,319.95,3.20,53,111,566
04/24/2017 20:34:26,122,10.8,2003.680,320.82,3.20,52,111,566
04/24/2017 20:34:36,122,10.8,2000.910,320.39,3.21,54,114,565
04/24/2017 20:34:46,123,10.8,1998.270,320.00,3.21,53,112,566
04/24/2017 20:34:56,117,10.8,1995.620,320.42,3.21,54,111,565
04/24/2017 20:35:06,131,10.8,1993.000,321.34,3.20,53,110,566
04/24/2017 20:35:16,115,10.8,1990.240,320.93,3.20,53,111,566
04/24/2017 20:35:26,117,10.8,1987.660,321.21,3.20,53,110,565
04/24/2017 20:35:36,121,10.8,1984.900,321.48,3.19,53,112,565
04/24/2017 20:35:46,105,10.8,1982.250,321.85,3.20,53,110,566
04/24/2017 20:35:56,107,10.8,1979.600,322.11,3.20,53,110,566
04/24/2017 20:36:06,120,10.8,1976.890,321.79,3.20,53,112,565
04/24/2017 20:36:16,115,10.8,1974.360,321.90,3.20,53,110,566
04/24/2017 20:36:26,120,10.8,1971.660,321.41,3.20,53,110,565
04/24/2017 20:36:36,120,10.8,1969.000,322.00,3.20,54,111,566
04/24/2017 20:36:46,124,10.8,1966.280,321.87,3.20,53,110,565
04/24/2017 20:36:56,120,10.8,1963.710,322.01,3.21,53,111,565
04/24/2017 20:37:06,113,10.8,1960.880,321.36,3.21,51,110,565
04/24/2017 20:37:16,130,10.8,1958.360,322.17,3.21,54,111,566
04/24/2017 20:37:26,129,10.8,1955.580,321.79,3.22,52,111,565
04/24/2017 20:37:36,119,10.8,1952.880,321.85,3.22,53,111,565
04/24/2017 20:37:46,123,10.8,1950.190,321.78,3.22,54,110,565
04/24/2017 20:37:56,106,10.8,1947.660,321.37,3.22,54,111,565
04/24/2017 20:38:06,128,10.8,1944.880,321.63,3.22,52,113,565
04/24/2017 20:38:16,135,10.8,1942.280,321.88,3.22,52,110,565
04/24/2017 20:38:26,115,10.8,1939.590,321.98,3.23,52,111,565
04/24/2017 20:38:36,136,10.8,1936.860,322.39,3.23,52,111,565
04/24/2017 20:38:46,141,10.8,1934.180,321.24,3.23,54,112,566
04/24/2017 20:38:56,119,10.8,1931.510,321.46,3.23,54,113,565
04/24/2017 20:39:06,126,10.8,1928.940,322.27,3.23,51,117,565
04/24/2017 20:39:16,136,10.8,1926.300,322.00,3.24,52,112,566
04/24/2017 20:39:26,132,10.8,1923.610,321.87,3.25,53,112,565
04/24/2017 20:39:36,116,10.8,1920.930,320.93,3.25,53,111,565
04/24/2017 20:39:46,136,10.8,1918.290,320.60,3.26,53,112,565
04/24/2017 20:39:56,113,10.8,1915.600,322.00,3.26,53,110,565
04/24/2017 20:40:06,120,10.8,1912.970,321.58,3.26,54,111,565
04/24/2017 20:40:16,122,10.8,1910.160,321.57,3.26,53,113,565
04/24/2017 20:40:26,130,10.8,1907.620,322.33,3.27,53,110,565
04/24/2017 20:40:36,125,10.8,1904.930,321.29,3.27,53,110,565
04/24/2017 20:40:46,126,10.8,1902.210,321.82,3.28,53,112,565
04/24/2017 20:40:56,128,10.8,1899.660,321.15,3.28,53,111,565
04/24/2017 20:41:06,125,10.8,1896.880,321.37,3.28,53,112,565
04/24/2017 20:41:16,123,10.8,1894.290,321.61,3.29,53,111,565
04/24/2017 20:41:26,130,10.8,1891.530,321.10,3.29,53,112,565
04/24/2017 20:41:36,123,10.8,1888.930,321.66,3.29,52,111,565
04/24/2017 20:41:46,134,10.8,1886.240,321.32,3.30,52,113,565
04/24/2017 20:41:56,129,10.8,1883.510,322.14,3.30,52,113,565
04/24/2017 20:42:06,119,10.8,1880.830,322.23,3.30,54,110,565
04/24/2017 20:42:16,128,10.8,1878.170,322.18,3.30,52,111,565
04/24/2017 20:42:26,128,10.8,1875.600,321.46,3.30,53,112,565
04/24/2017 20:42:36,129,10.8,1873.040,321.67,3.30,53,111,565
04/24/2017 20:42:46,120,10.8,1870.260,322.33,3.30,54,110,565
04/24/2017 20:42:56,117,10.8,1867.660,322.21,3.30,52,112,565
04/24/2017 20:43:06,121,10.8,1865.060,322.51,3.30,53,112,565
04/24/2017 20:43:16,131,10.8,1862.340,322.13,3.31,53,112,565
04/24/2017 20:43:26,91,10.8,1859.680,321.68,3.31,53,111,565
04/24/2017 20:43:36,129,10.8,1857.080,322.47,3.31,53,112,565
04/24/2017 20:43:46,145,10.8,1854.450,321.50,3.31,54,112,565
04/24/2017 20:43:56,110,10.8,1851.650,322.14,3.32,53,112,565
04/24/2017 20:44:06,143,10.8,1849.030,322.22,3.32,53,111,566
04/24/2017 20:44:16,121,10.8,1846.400,322.06,3.33,52,112,565
04/24/2017 20:44:26,126,10.8,1843.830,322.31,3.33,52,111,565
04/24/2017 20:44:36,135,10.8,1841.080,322.22,3.33,53,112,565
04/24/2017 20:44:46,115,10.8,1838.540,321.77,3.33,53,111,565
04/24/2017 20:44:56,117,10.8,1835.830,321.81,3.33,53,112,565
04/24/2017 20:45:06,130,10.8,1833.130,322.08,3.33,54,111,565
04/24/2017 20:45:16,135,10.8,1830.540,321.67,3.33,53,110,565
04/24/2017 20:45:26,136,10.8,1827.910,322.65,3.33,53,112,565
04/24/2017 20:45:36,119,10.8,1825.280,322.39,3.33,52,110,565
04/24/2017 20:45:46,130,10.8,1822.630,322.66,3.33,54,111,565
04/24/2017 20:45:56,118,10.8,1819.960,321.90,3.34,53,111,565
04/24/2017 20:46:06,83,10.8,1817.360,321.78,3.34,53,111,565
04/24/2017 20:46:16,121,10.9,1814.700,322.17,3.34,54,110,565
04/24/2017 20:46:26,122,10.8,1812.080,321.95,3.34,52,112,565
04/24/2017 20:46:36,130,10.8,1809.460,322.13,3.34,53,111,565
04/24/2017 20:46:46,96,10.8,1806.810,321.77,3.34,53,113,565
04/24/2017 20:46:56,123,10.8,1804.220,322.05,3.34,53,111,565
04/24/2017 20:47:06,141,10.8,1801.430,322.56,3.35,53,112,565
04/24/2017 20:47:16,116,10.8,1798.820,322.31,3.35,53,112,565
04/24/2017 20:47:26,136,10.8,1796.250,322.15,3.35,51,112,565
04/24/2017 20:47:36,127,10.8,1793.500,321.56,3.35,52,111,565
04/24/2017 20:47:46,113,10.8,1790.890,321.84,3.35,52,113,565
04/24/2017 20:47:56,119,10.8,1788.260,322.01,3.35,52,111,565
04/24/2017 20:48:06,143,10.8,1785.610,321.59,3.36,52,111,565
04/24/2017 20:48:16,133,10.8,1782.970,321.30,3.36,53,111,565
04/24/2017 20:48:26,106,10.8,1780.260,321.83,3.36,55,115,565
04/24/2017 20:48:36,118,10.8,1777.600,322.09,3.36,52,111,565
04/24/2017 20:48:46,117,10.8,1775.040,322.01,3.36,52,113,565
04/24/2017 20:48:56,151,10.8,1772.470,322.30,3.36,52,112,565
04/24/2017 20:49:06,88,10.8,1769.800,323.37,3.36,53,112,565
04/24/2017 20:49:16,145,10.8,1767.200,323.14,3.36,53,112,565
04/24/2017 20:49:26,154,10.8,1764.680,322.67,3.36,53,112,565
04/24/2017 20:49:36,84,10.9,1762.030,323.08,3.37,52,111,565
04/24/2017 20:49:46,131,10.8,1759.430,322.80,3.37,53,111,565
04/24/2017 20:49:56,115,10.8,1756.800,322.70,3.37,54,114,565
04/24/2017 20:50:06,117,10.8,1754.240,322.46,3.37,52,112,565
04/24/2017 20:50:16,93,10.8,1751.590,322.11,3.37,53,114,565
04/24/2017 20:50:26,129,10.8,1749.090,322.99,3.38,53,115,565
04/24/2017 20:50:36,130,10.8,1746.430,323.25,3.38,53,112,565
04/24/2017 20:50:46,133,10.8,1743.800,323.59,3.38,53,111,565
04/24/2017 20:50:56,122,10.8,1741.140,322.55,3.38,53,113,565
04/24/2017 20:51:06,126,10.8,1738.550,323.65,3.38,52,113,565
04/24/2017 20:51:16,126,10.8,1735.880,323.09,3.39,54,112,565
04/24/2017 20:51:26,119,10.8,1733.350,323.21,3.39,53,111,565
04/24/2017 20:51:36,110,10.8,1730.710,322.77,3.40,54,111,565
04/24/2017 20:51:46,133,10.8,1728.150,323.20,3.40,51,112,565
04/24/2017 20:51:56,96,10.8,1725.460,322.76,3.40,51,111,565
04/24/2017 20:52:06,136,10.8,1722.960,322.66,3.41,53,112,565
04/24/2017 20:52:16,122,10.8,1720.270,322.68,3.41,54,112,565
04/24/2017 20:52:26,124,10.8,1717.680,322.50,3.41,54,112,565
04/24/2017 20:52:36,102,10.9,1715.170,322.78,3.41,53,113,565
04/24/2017 20:52:46,130,10.8,1712.390,322.86,3.41,53,113,565
04/24/2017 20:52:56,136,10.8,1709.850,323.16,3.42,53,112,565
04/24/2017 20:53:06,112,10.8,1707.280,322.75,3.42,53,113,565
04/24/2017 20:53:16,119,10.8,1704.530,322.75,3.42,53,112,565
04/24/2017 20:53:26,122,10.8,1702.000,322.69,3.42,53,111,565
04/24/2017 20:53:36,105,10.8,1699.280,322.87,3.42,53,111,565
04/24/2017 20:53:46,115,10.8,1696.800,322.99,3.42,53,113,565
04/24/2017 20:53:56,119,10.8,1694.040,323.63,3.42,53,114,565
04/24/2017 20:54:06,133,10.8,1691.530,322.79,3.42,55,112,565
04/24/2017 20:54:16,126,10.8,1688.770,323.74,3.42,52,113,565
04/24/2017 20:54:26,150,10.8,1686.200,323.40,3.42,54,112,565
04/24/2017 20:54:36,116,10.8,1683.550,323.11,3.42,52,113,565
04/24/2017 20:54:46,139,10.8,1680.880,322.87,3.43,53,114,565
04/24/2017 20:54:56,126,10.8,1678.160,323.12,3.43,50,115,565
04/24/2017 20:55:06,133,10.8,1675.670,323.54,3.43,52,112,565
04/24/2017 20:55:16,128,10.8,1672.850,322.86,3.43,53,111,565
04/24/2017 20:55:26,135,10.8,1670.260,323.60,3.43,53,112,565
04/24/2017 20:55:36,127,10.8,1667.690,323.58,3.44,54,114,565
04/24/2017 20:55:46,128,10.8,1664.860,323.39,3.44,54,119,565
04/24/2017 20:55:56,92,10.8,1662.210,323.60,3.44,52,113,565
04/24/2017 20:56:06,134,10.8,1659.650,323.37,3.44,53,113,565
04/24/2017 20:56:16,138,10.8,1657.050,323.40,3.45,53,115,565
04/24/2017 20:56:26,113,10.8,1654.330,322.68,3.45,51,113,565
04/24/2017 20:56:36,143,10.8,1651.770,322.98,3.45,54,114,565
04/24/2017 20:56:46,130,10.8,1649.110,323.11,3.45,54,112,565
04/24/2017 20:56:56,94,10.8,1646.560,323.30,3.46,53,113,565
04/24/2017 20:57:06,130,10.8,1643.940,323.39,3.46,52,112,565
04/24/2017 20:57:16,132,10.8,1641.260,323.80,3.46,53,114,565
04/24/2017 20:57:26,108,10.8,1638.770,323.43,3.46,52,113,565
04/24/2017 20:57:36,106,10.8,1636.190,323.30,3.47,54,114,565
04/24/2017 20:57:46,131,10.8,1633.470,323.74,3.47,53,113,565
04/24/2017 20:57:56,111,10.8,1630.910,323.73,3.48,52,114,565
04/24/2017 20:58:06,129,10.8,1628.190,323.99,3.48,52,114,565
04/24/2017 20:58:16,129,10.8,1625.580,323.22,3.50,51,112,565
04/24/2017 20:58:26,143,10.8,1622.980,322.93,3.51,53,114,565
04/24/2017 20:58:36,128,10.8,1620.390,323.52,3.51,53,112,565
04/24/2017 20:58:46,127,10.8,1617.760,323.34,3.52,52,112,565
04/24/2017 20:58:56,136,10.8,1615.180,323.26,3.53,53,114,565
04/24/2017 20:59:06,132,10.8,1612.610,323.01,3.53,52,113,565
04/24/2017 20:59:16,131,10.8,1609.970,322.72,3.54,53,113,565
04/24/2017 20:59:26,119,10.8,1607.240,322.71,3.54,54,114,565
04/24/2017 20:59:36,152,10.8,1604.520,323.20,3.54,54,114,565
04/24/2017 20:59:46,130,10.8,1601.810,322.83,3.54,53,113,565
04/24/2017 20:59:56,126,10.8,1599.310,323.59,3.54,52,112,565
04/24/2017 21:00:06,122,10.8,1596.530,323.41,3.54,53,116,565
04/24/2017 21:00:16,123,10.8,1593.930,323.22,3.54,52,113,565
04/24/2017 21:00:26,147,10.8,1591.290,322.90,3.54,53,113,565
04/24/2017 21:00:36,119,10.8,1588.490,322.67,3.54,55,112,565
04/24/2017 21:00:46,130,10.8,1585.860,323.66,3.54,53,113,565
04/24/2017 21:00:56,139,10.8,1583.290,322.37,3.54,52,113,565
04/24/2017 21:01:06,125,10.8,1580.540,323.06,3.54,53,113,565
04/24/2017 21:01:16,121,10.8,1578.000,323.33,3.54,53,116,565
04/24/2017 21:01:26,141,10.8,1575.350,324.04,3.54,54,113,565
04/24/2017 21:01:36,135,10.8,1572.670,323.61,3.53,53,114,565
04/24/2017 21:01:46,143,10.8,1570.070,324.19,3.53,52,114,565
04/24/2017 21:01:56,107,10.8,1567.390,324.09,3.53,52,116,565
04/24/2017 21:02:06,142,10.8,1564.750,323.88,3.53,53,113,565
04/24/2017 21:02:16,120,10.8,1562.080,324.20,3.54,53,113,565
04/24/2017 21:02:26,131,10.8,1559.390,324.81,3.54,52,114,565
04/24/2017 21:02:36,141,10.8,1556.630,324.07,3.54,54,115,565
04/24/2017 21:02:46,138,10.8,1553.990,324.56,3.54,54,112,565
04/24/2017 21:02:56,122,10.8,1551.430,324.58,3.55,52,115,565
04/24/2017 21:03:06,118,10.8,1548.790,323.60,3.55,53,112,565
04/24/2017 21:03:16,138,10.8,1546.200,324.51,3.56,54,113,565
04/24/2017 21:03:26,123,10.8,1543.550,324.52,3.56,54,115,565
04/24/2017 21:03:36,148,10.8,1540.760,324.64,3.56,54,113,565
04/24/2017 21:03:46,146,10.8,1538.210,324.07,3.56,53,113,565
04/24/2017 21:03:56,144,10.8,1535.640,324.94,3.56,54,115,565
04/24/2017 21:04:06,135,10.8,1533.030,324.90,3.56,53,113,565
04/24/2017 21:04:16,120,10.8,1530.350,325.00,3.56,52,113,565
04/24/2017 21:04:26,132,10.8,1527.650,325.56,3.56,54,115,565
04/24/2017 21:04:36,121,10.8,1525.030,325.74,3.57,53,112,565
04/24/2017 21:04:46,132,10.8,1522.390,324.58,3.57,54,114,565
04/24/2017 21:04:56,135,10.8,1519.920,324.93,3.59,52,114,565
04/24/2017 21:05:06,134,10.8,1517.230,325.25,3.59,52,112,565
04/24/2017 21:05:16,119,10.8,1514.480,325.32,3.59,53,113,565
04/24/2017 21:05:26,133,10.8,1511.900,325.07,3.60,53,113,565
04/24/2017 21:05:36,130,10.8,1509.260,325.87,3.60,53,113,565
04/24/2017 21:05:46,140,10.8,1506.740,325.29,3.60,52,113,565
04/24/2017 21:05:56,137,10.8,1504.090,325.43,3.61,51,115,565
04/24/2017 21:06:06,146,10.8,1501.390,325.82,3.61,52,114,565
04/24/2017 21:06:16,123,10.8,1498.810,325.56,3.60,53,114,565
04/24/2017 21:06:26,137,10.8,1496.090,326.10,3.60,53,114,565
04/24/2017 21:06:36,146,10.8,1493.490,326.72,3.60,52,121,565
04/24/2017 21:06:46,131,10.8,1490.910,326.27,3.60,52,114,565
04/24/2017 21:06:56,145,10.8,1488.190,326.48,3.60,52,117,565
04/24/2017 21:07:06,130,10.9,1485.630,327.47,3.60,54,113,565
04/24/2017 21:07:16,114,10.8,1482.940,326.52,3.60,53,114,565
04/24/2017 21:07:26,146,10.8,1480.270,327.73,3.59,53,114,565
04/24/2017 21:07:36,128,10.8,1477.600,327.24,3.59,52,114,565
04/24/2017 21:07:46,138,10.8,1475.040,328.18,3.59,53,113,565
04/24/2017 21:07:56,136,10.8,1472.340,327.42,3.58,51,115,565
04/24/2017 21:08:06,140,10.8,1469.730,328.57,3.59,53,115,565
04/24/2017 21:08:16,140,10.8,1467.080,328.94,3.59,53,114,565
04/24/2017 21:08:26,134,10.8,1464.340,328.86,3.59,53,113,565
04/24/2017 21:08:36,127,10.8,1461.780,329.41,3.59,52,114,565
04/24/2017 21:08:46,147,10.8,1459.070,329.07,3.59,52,115,565
04/24/2017 21:08:56,135,10.8,1456.410,329.04,3.59,53,115,565
04/24/2017 21:09:06,115,10.8,1453.770,329.64,3.60,52,115,565
04/24/2017 21:09:16,135,10.8,1451.230,329.64,3.60,52,114,565
04/24/2017 21:09:26,128,10.8,1448.570,330.81,3.60,53,116,565
04/24/2017 21:09:36,149,10.8,1445.890,330.08,3.60,52,114,565
04/24/2017 21:09:46,135,10.8,1443.200,331.11,3.60,54,115,565
04/24/2017 21:09:56,137,10.8,1440.700,330.51,3.60,52,115,565
04/24/2017 21:10:06,137,10.8,1437.890,330.34,3.60,53,113,565
04/24/2017 21:10:16,153,10.8,1435.280,329.82,3.60,54,116,565
04/24/2017 21:10:26,153,10.8,1432.610,331.38,3.60,53,114,565
04/24/2017 21:10:36,130,10.8,1430.030,330.90,3.60,52,115,565
04/24/2017 21:10:46,132,10.8,1427.470,331.34,3.60,53,117,565
04/24/2017 21:10:56,143,10.8,1424.730,331.84,3.60,52,115,565
04/24/2017 21:11:06,146,10.8,1422.130,332.34,3.60,52,115,565
04/24/2017 21:11:16,128,10.8,1419.500,332.00,3.60,53,114,565
04/24/2017 21:11:26,138,10.8,1416.800,332.59,3.60,53,114,565
04/24/2017 21:11:36,145,10.8,1414.230,332.45,3.59,53,113,565
04/24/2017 21:11:46,133,10.8,1411.620,332.23,3.59,53,113,565
04/24/2017 21:11:56,111,10.8,1408.850,332.85,3.58,52,112,565
04/24/2017 21:12:06,142,10.8,1406.210,332.86,3.57,53,113,565
04/24/2017 21:12:16,145,10.8,1403.650,334.46,3.57,52,112,565
04/24/2017 21:12:26,132,10.8,1400.910,334.45,3.57,54,114,565
04/24/2017 21:12:36,101,10.8,1398.370,334.12,3.56,52,113,565
04/24/2017 21:12:46,104,10.8,1395.750,334.57,3.56,51,111,565
04/24/2017 21:12:56,149,10.8,1392.980,334.79,3.56,53,115,565
04/24/2017 21:13:06,143,10.8,1390.360,335.97,3.56,53,115,565
04/24/2017 21:13:16,124,10.8,1387.760,335.14,3.56,51,112,565
04/24/2017 21:13:26,133,10.8,1385.220,335.78,3.55,53,113,565
04/24/2017 21:13:36,138,10.8,1382.440,336.16,3.55,54,112,565
04/24/2017 21:13:46,143,10.8,1379.850,336.16,3.55,52,113,565
04/24/2017 21:13:56,142,10.8,1377.180,336.47,3.55,53,115,565
04/24/2017 21:14:06,134,10.8,1374.650,336.32,3.54,53,113,565
04/24/2017 21:14:16,139,10.8,1371.850,336.42,3.55,52,114,565
04/24/2017 21:14:26,124,10.8,1369.310,337.85,3.55,53,113,565
04/24/2017 21:14:36,137,10.8,1366.670,338.19,3.55,53,115,565
04/24/2017 21:14:46,135,10.8,1363.910,338.17,3.55,52,113,565
04/24/2017 21:14:56,132,10.8,1361.350,338.63,3.55,53,112,565
04/24/2017 21:15:06,130,10.8,1358.670,338.59,3.55,53,113,565
04/24/2017 21:15:16,134,10.8,1355.980,338.61,3.55,52,113,565
04/24/2017 21:15:26,131,10.8,1353.370,338.50,3.54,52,111,565
04/24/2017 21:15:36,136,10.8,1350.740,339.33,3.52,53,118,565
04/24/2017 21:15:46,135,10.8,1348.000,339.46,3.52,53,113,565
04/24/2017 21:15:56,133,10.8,1345.450,340.19,3.52,51,118,565
04/24/2017 21:16:06,115,10.8,1342.740,340.51,3.52,52,112,565
04/24/2017 21:16:16,130,10.8,1340.060,341.08,3.51,53,112,565
04/24/2017 21:16:26,118,10.8,1337.560,341.00,3.51,51,113,565
04/24/2017 21:16:36,131,10.8,1334.840,341.48,3.50,52,115,565
04/24/2017 21:16:46,137,10.8,1332.210,341.21,3.50,53,112,565
04/24/2017 21:16:56,129,10.8,1329.450,341.54,3.50,52,114,565
04/24/2017 21:17:06,134,10.8,1326.800,341.28,3.50,52,112,565
04/24/2017 21:17:16,141,10.8,1324.090,342.64,3.49,53,114,564
04/24/2017 21:17:26,126,10.8,1321.520,342.49,3.49,52,114,565
04/24/2017 21:17:36,138,10.8,1318.860,342.98,3.48,54,112,565
04/24/2017 21:17:46,136,10.8,1316.270,343.26,3.48,52,112,565
04/24/2017 21:17:56,149,10.8,1313.710,342.89,3.48,54,114,565
04/24/2017 21:18:06,143,10.8,1310.950,343.72,3.48,52,121,565
04/24/2017 21:18:16,144,10.8,1308.420,344.93,3.48,54,113,565
04/24/2017 21:18:26,147,10.8,1305.690,344.11,3.48,52,113,565
04/24/2017 21:18:36,133,10.8,1303.050,345.14,3.48,51,114,565
04/24/2017 21:18:46,134,10.8,1300.400,345.29,3.47,51,114,565
04/24/2017 21:18:56,138,10.8,1297.750,346.07,3.46,52,115,565
04/24/2017 21:19:06,140,10.8,1295.050,346.26,3.46,52,113,565
04/24/2017 21:19:16,146,10.8,1292.520,346.90,3.46,53,116,565
04/24/2017 21:19:26,134,10.8,1289.880,346.81,3.45,53,112,565
04/24/2017 21:19:36,138,10.8,1287.100,347.13,3.45,52,116,565
04/24/2017 21:19:46,136,10.8,1284.580,348.04,3.45,53,113,565
04/24/2017 21:19:56,137,10.8,1281.820,346.93,3.44,51,113,565
04/24/2017 21:20:06,138,10.8,1279.260,347.13,3.44,52,113,565
04/24/2017 21:20:16,137,10.8,1276.600,347.94,3.43,51,113,565
04/24/2017 21:20:26,158,10.8,1273.890,348.79,3.42,53,113,565
04/24/2017 21:20:36,129,10.8,1271.230,349.61,3.41,52,116,565
04/24/2017 21:20:46,124,10.8,1268.660,349.51,3.41,52,112,565
04/24/2017 21:20:56,154,10.8,1266.060,349.77,3.41,52,112,565
04/24/2017 21:21:06,127,10.8,1263.280,349.29,3.41,53,112,565
04/24/2017 21:21:16,142,10.8,1260.680,350.57,3.41,52,112,565
04/24/2017 21:21:26,154,10.8,1258.040,350.02,3.41,52,113,565
04/24/2017 21:21:36,126,10.8,1255.470,350.34,3.41,53,113,565
04/24/2017 21:21:46,121,10.8,1252.710,350.69,3.40,52,113,565
04/24/2017 21:21:56,122,10.8,1250.210,350.70,3.40,52,111,565
04/24/2017 21:22:06,147,10.8,1247.430,351.00,3.40,53,133,565
04/24/2017 21:22:16,135,10.8,1244.920,351.32,3.40,50,115,565
04/24/2017 21:22:26,143,10.8,1242.100,351.42,3.40,52,112,565
04/24/2017 21:22:36,145,10.8,1239.560,351.35,3.40,51,120,565
04/24/2017 21:22:46,143,10.8,1236.810,351.34,3.40,52,112,564
04/24/2017 21:22:56,162,10.8,1234.260,353.12,3.40,51,114,565
04/24/2017 21:23:06,125,10.8,1231.670,352.70,3.40,52,115,565
04/24/2017 21:23:16,136,10.8,1228.920,351.64,3.40,53,112,565
04/24/2017 21:23:26,166,10.8,1226.370,353.33,3.40,53,114,565
04/24/2017 21:23:36,140,10.8,1223.600,352.14,3.40,52,114,565
04/24/2017 21:23:46,133,10.8,1221.090,352.07,3.40,50,113,565
04/24/2017 21:23:56,162,10.8,1218.450,352.84,3.40,51,114,565
04/24/2017 21:24:06,153,10.8,1215.650,351.54,3.40,52,115,565
04/24/2017 21:24:16,146,10.8,1213.170,352.63,3.40,51,115,565
04/24/2017 21:24:26,153,10.8,1210.510,352.86,3.40,51,114,565
04/24/2017 21:24:36,143,10.8,1207.790,352.90,3.40,52,113,565
04/24/2017 21:24:46,150,10.8,1205.310,352.28,3.40,52,113,565
04/24/2017 21:24:56,157,10.8,1202.510,352.48,3.40,53,119,565
04/24/2017 21:25:06,160,10.8,1199.870,352.42,3.40,52,114,565
04/24/2017 21:25:16,164,10.8,1197.260,353.14,3.40,52,113,565
04/24/2017 21:25:26,144,10.8,1194.710,352.80,3.40,51,111,565
04/24/2017 21:25:36,141,10.8,1191.970,352.86,3.40,51,114,565
04/24/2017 21:25:46,159,10.8,1189.280,352.90,3.40,52,120,565
04/24/2017 21:25:56,128,10.8,1186.680,353.06,3.39,51,113,565
04/24/2017 21:26:06,142,10.8,1184.010,354.06,3.38,52,113,565
04/24/2017 21:26:16,131,10.8,1181.460,353.16,3.38,51,116,565
04/24/2017 21:26:26,141,10.8,1178.780,353.23,3.39,52,114,565
04/24/2017 21:26:36,155,10.8,1176.160,353.87,3.40,53,112,565
04/24/2017 21:26:46,170,10.8,1173.460,353.83,3.40,51,113,565
04/24/2017 21:26:56,135,10.8,1170.720,354.41,3.41,53,113,565
04/24/2017 21:27:06,152,10.8,1168.190,353.39,3.41,52,114,565
04/24/2017 21:27:16,149,10.8,1165.570,353.48,3.41,54,114,565
04/24/2017 21:27:26,135,10.8,1162.830,353.70,3.41,51,113,565
04/24/2017 21:27:36,163,10.8,1160.300,354.03,3.41,52,114,565
04/24/2017 21:27:46,142,10.8,1157.610,353.43,3.41,51,113,565
04/24/2017 21:27:56,152,10.8,1154.970,353.29,3.41,53,113,565
04/24/2017 21:28:06,126,10.8,1152.300,353.70,3.40,52,111,565
04/24/2017 21:28:16,146,10.8,1149.740,354.52,3.41,53,114,565
04/24/2017 21:28:26,150,10.8,1147.050,354.15,3.41,53,114,565
04/24/2017 21:28:36,149,10.8,1144.370,354.13,3.40,52,114,565
04/24/2017 21:28:46,165,10.8,1141.790,354.40,3.40,52,114,565
04/24/2017 21:28:56,140,10.8,1139.180,354.56,3.41,53,114,565
04/24/2017 21:29:06,146,10.8,1136.600,354.09,3.41,51,114,565
04/24/2017 21:29:16,130,10.8,1133.890,353.99,3.41,52,114,565
04/24/2017 21:29:26,122,10.8,1131.150,354.66,3.41,51,114,565
04/24/2017 21:29:36,148,10.8,1128.510,354.96,3.41,54,111,565
04/24/2017 21:29:46,126,10.8,1126.030,355.67,3.41,53,113,565
04/24/2017 21:29:56,155,10.8,1123.290,354.89,3.41,52,114,565
04/24/2017 21:30:06,136,10.8,1120.680,354.36,3.41,51,113,565
04/24/2017 21:30:16,138,10.8,1118.030,354.21,3.41,53,116,565
04/24/2017 21:30:26,142,10.8,1115.340,354.05,3.41,52,114,565
04/24/2017 21:30:36,151,10.8,1112.650,354.49,3.41,53,114,565
04/24/2017 21:30:46,162,10.8,1110.070,354.43,3.41,51,114,565
04/24/2017 21:30:56,159,10.8,1107.400,354.95,3.41,52,114,565
04/24/2017 21:31:06,149,10.8,1104.760,355.51,3.41,53,113,565
04/24/2017 21:31:16,146,10.8,1102.210,354.96,3.41,51,113,565
04/24/2017 21:31:26,150,10.8,1099.450,354.51,3.41,52,114,565
04/24/2017 21:31:36,170,10.8,1096.950,354.58,3.42,52,114,565
04/24/2017 21:31:46,128,10.8,1094.220,355.40,3.42,50,112,565
04/24/2017 21:31:56,145,10.8,1091.650,354.90,3.42,53,114,565
04/24/2017 21:32:06,150,10.8,1088.900,354.90,3.42,51,115,565
04/24/2017 21:32:16,144,10.8,1086.330,354.77,3.42,52,112,565
04/24/2017 21:32:26,147,10.8,1083.680,355.41,3.42,53,115,565
04/24/2017 21:32:36,146,10.8,1081.080,355.04,3.43,52,116,565
04/24/2017 21:32:46,157,10.8,1078.490,354.40,3.43,53,112,565
04/24/2017 21:32:56,152,10.8,1075.870,354.43,3.43,52,117,565
04/24/2017 21:33:06,154,10.8,1073.260,355.06,3.44,52,113,565
04/24/2017 21:33:16,145,10.8,1070.450,354.39,3.44,53,114,565
04/24/2017 21:33:26,152,10.8,1067.990,355.00,3.44,53,113,565
04/24/2017 21:33:36,150,10.8,1065.200,354.33,3.44,51,115,565
04/24/2017 21:33:46,178,10.8,1062.690,354.90,3.44,54,113,565
04/24/2017 21:33:56,154,10.8,1060.070,355.03,3.44,52,113,565
04/24/2017 21:34:06,149,10.8,1057.410,355.41,3.44,53,113,565
04/24/2017 21:34:16,144,10.8,1054.710,355.19,3.44,53,114,565
04/24/2017 21:34:26,162,10.8,1052.210,354.38,3.44,52,117,565
04/24/2017 21:34:36,146,10.8,1049.440,355.80,3.44,51,121,565
04/24/2017 21:34:46,149,10.8,1046.800,355.76,3.44,51,113,565
04/24/2017 21:34:56,147,10.8,1044.280,356.90,3.44,51,113,565
04/24/2017 21:35:06,149,10.8,1041.500,355.77,3.45,53,120,565
04/24/2017 21:35:16,166,10.8,1038.920,354.51,3.45,52,115,565
04/24/2017 21:35:26,147,10.8,1036.410,355.13,3.45,51,114,565
04/24/2017 21:35:36,167,10.8,1033.680,354.27,3.46,51,113,565
04/24/2017 21:35:46,146,10.8,1030.960,355.00,3.46,52,119,565
04/24/2017 21:35:56,145,10.8,1028.440,354.57,3.46,52,114,565
04/24/2017 21:36:06,144,10.8,1025.760,355.31,3.46,52,115,565
04/24/2017 21:36:16,160,10.8,1023.170,354.85,3.46,51,117,565
04/24/2017 21:36:26,144,10.8,1020.470,355.25,3.46,51,115,565
04/24/2017 21:36:36,151,10.8,1017.820,355.13,3.46,53,115,565
04/24/2017 21:36:46,162,10.8,1015.210,355.45,3.46,52,113,565
04/24/2017 21:36:56,164,10.8,1012.680,355.84,3.46,52,113,565
04/24/2017 21:37:06,142,10.8,1009.900,356.23,3.46,52,113,565
04/24/2017 21:37:16,140,10.8,1007.370,355.68,3.46,53,114,565
04/24/2017 21:37:26,140,10.8,1004.730,356.48,3.46,52,113,565
04/24/2017 21:37:36,130,10.8,1002.040,356.12,3.46,51,113,565
04/24/2017 21:37:46,137,10.8,999.430,355.77,3.46,51,114,565
04/24/2017 21:37:56,126,10.8,996.800,355.66,3.45,53,115,565
04/24/2017 21:38:06,154,10.8,994.200,356.29,3.46,52,115,565
04/24/2017 21:38:16,134,10.8,991.470,355.71,3.46,52,113,565
04/24/2017 21:38:26,149,10.8,988.800,356.65,3.45,52,116,565
04/24/2017 21:38:36,146,10.8,986.170,356.58,3.46,53,115,565
04/24/2017 21:38:46,147,10.8,983.500,356.31,3.47,52,113,565
04/24/2017 21:38:56,149,10.8,980.950,356.76,3.47,52,114,565
04/24/2017 21:39:06,132,10.8,978.270,355.80,3.47,52,113,565
04/24/2017 21:39:16,141,10.8,975.720,355.86,3.47,51,114,565
04/24/2017 21:39:26,148,10.8,973.100,357.03,3.47,52,114,565
04/24/2017 21:39:36,142,10.8,970.520,356.91,3.47,54,115,565
04/24/2017 21:39:46,156,10.8,967.760,355.91,3.47,53,113,565
04/24/2017 21:39:56,167,10.8,965.200,356.56,3.47,54,114,565
04/24/2017 21:40:06,130,10.8,962.600,355.92,3.47,52,114,565
04/24/2017 21:40:16,153,10.8,959.940,356.22,3.47,52,124,565
04/24/2017 21:40:26,114,10.8,957.300,356.61,3.47,53,113,565
04/24/2017 21:40:36,156,10.8,954.650,357.16,3.47,52,114,565
04/24/2017 21:40:46,153,10.8,952.030,358.20,3.48,52,115,565
04/24/2017 21:40:56,162,10.8,949.430,357.86,3.48,52,118,565
04/24/2017 21:41:06,150,10.8,946.730,357.12,3.48,54,115,565
04/24/2017 21:41:16,141,10.8,944.080,357.08,3.48,53,114,565
04/24/2017 21:41:26,154,10.8,941.430,357.30,3.48,52,115,565
04/24/2017 21:41:36,171,10.8,938.950,357.26,3.48,52,115,565
04/24/2017 21:41:46,137,10.8,936.220,356.77,3.49,52,117,565
04/24/2017 21:41:56,159,10.8,933.590,357.12,3.49,52,114,565
04/24/2017 21:42:06,135,10.8,931.030,357.24,3.49,53,115,565
04/24/2017 21:42:16,163,10.8,928.410,358.24,3.49,54,114,565
04/24/2017 21:42:26,145,10.8,925.760,357.67,3.49,53,114,565
04/24/2017 21:42:36,159,10.8,923.100,357.76,3.49,53,114,565
04/24/2017 21:42:46,140,10.8,920.550,358.77,3.50,53,114,565
04/24/2017 21:42:56,128,10.8,917.760,358.29,3.50,55,117,565
04/24/2017 21:43:06,169,10.8,915.140,357.84,3.50,53,116,565
04/24/2017 21:43:16,156,10.8,912.550,358.13,3.50,54,115,565
04/24/2017 21:43:26,153,10.8,909.920,357.68,3.50,52,115,565
04/24/2017 21:43:36,136,10.8,907.380,358.36,3.49,54,117,565
04/24/2017 21:43:46,152,10.8,904.710,358.80,3.49,51,120,565
04/24/2017 21:43:56,161,10.8,902.030,358.23,3.49,54,115,565
04/24/2017 21:44:06,106,10.8,899.630,358.11,3.50,55,116,565
04/24/2017 21:44:16,191,10.8,896.990,359.05,3.50,52,116,565
04/24/2017 21:44:26,168,10.8,894.350,358.80,3.50,54,116,565
04/24/2017 21:44:36,175,10.8,891.840,359.88,3.51,53,117,565
04/24/2017 21:44:46,162,10.8,889.130,359.10,3.51,54,115,565
04/24/2017 21:44:56,143,10.8,886.560,360.27,3.52,54,114,565
04/24/2017 21:45:06,152,10.8,884.000,360.43,3.52,53,116,565
04/24/2017 21:45:16,157,10.8,881.330,359.78,3.52,55,123,565
04/24/2017 21:45:26,171,10.8,878.720,361.24,3.52,53,115,565
04/24/2017 21:45:36,154,10.8,876.070,360.95,3.52,54,118,565
04/24/2017 21:45:46,167,10.8,873.330,361.01,3.52,53,115,565
04/24/2017 21:45:56,168,10.8,870.770,361.55,3.53,54,117,565
04/24/2017 21:46:06,149,10.8,868.220,361.80,3.53,53,116,565
04/24/2017 21:46:16,153,10.8,865.530,360.68,3.53,54,117,565
04/24/2017 21:46:26,148,10.8,862.940,361.64,3.53,55,116,565
04/24/2017 21:46:36,151,10.8,860.220,361.28,3.53,54,117,565
04/24/2017 21:46:46,156,10.8,857.630,363.14,3.53,55,117,565
04/24/2017 21:46:56,158,10.8,854.940,362.08,3.53,54,118,565
04/24/2017 21:47:06,157,10.8,852.400,362.54,3.53,54,117,565
04/24/2017 21:47:16,165,10.8,849.700,362.28,3.54,55,117,565
04/24/2017 21:47:26,164,10.8,847.180,362.54,3.54,55,117,565
04/24/2017 21:47:36,156,10.8,844.470,362.38,3.54,55,118,565
04/24/2017 21:47:46,150,10.8,841.800,362.84,3.54,55,117,565
04/24/2017 21:47:56,154,10.8,839.290,363.77,3.54,54,116,565
04/24/2017 21:48:06,139,10.8,836.580,363.84,3.54,55,118,565
04/24/2017 21:48:16,131,10.8,834.100,364.11,3.54,54,119,565
04/24/2017 21:48:26,158,10.8,831.330,363.51,3.54,55,117,565
04/24/2017 21:48:36,156,10.8,828.740,362.94,3.54,55,117,565
04/24/2017 21:48:46,170,10.8,826.110,363.74,3.54,56,121,565
04/24/2017 21:48:56,158,10.8,823.530,363.73,3.54,55,119,565
04/24/2017 21:49:06,167,10.8,820.780,364.28,3.54,56,118,565
04/24/2017 21:49:16,144,10.8,818.160,364.46,3.55,55,122,565
04/24/2017 21:49:26,151,10.8,815.580,364.18,3.55,57,117,565
04/24/2017 21:49:36,164,10.8,812.990,364.77,3.55,55,117,565
04/24/2017 21:49:46,181,10.8,810.350,364.71,3.55,57,123,565
04/24/2017 21:49:56,153,10.8,807.670,365.60,3.55,57,119,565
04/24/2017 21:50:06,159,10.8,805.130,365.65,3.55,55,126,565
04/24/2017 21:50:16,165,10.8,802.410,366.24,3.55,55,120,565
04/24/2017 21:50:26,163,10.8,799.820,365.90,3.55,57,119,565
04/24/2017 21:50:36,177,10.8,797.130,366.36,3.55,55,118,565
04/24/2017 21:50:46,169,10.8,794.620,367.08,3.55,56,118,565
04/24/2017 21:50:56,167,10.8,791.870,365.35,3.55,56,119,565
04/24/2017 21:51:06,164,10.8,789.330,366.14,3.55,54,119,565
04/24/2017 21:51:16,156,10.8,786.840,366.01,3.55,57,120,565
04/24/2017 21:51:26,155,10.8,784.160,367.00,3.55,56,119,565
04/24/2017 21:51:36,162,10.8,781.500,367.65,3.55,56,119,565
04/24/2017 21:51:46,155,10.8,778.980,366.84,3.55,56,118,565
04/24/2017 21:51:56,138,10.8,776.300,366.98,3.55,55,119,565
04/24/2017 21:52:06,184,10.8,773.660,367.91,3.55,57,118,565
04/24/2017 21:52:16,162,10.8,770.930,368.09,3.55,57,119,565
04/24/2017 21:52:26,166,10.8,768.430,368.15,3.55,58,120,565
04/24/2017 21:52:36,160,10.8,765.750,368.58,3.55,56,121,565
04/24/2017 21:52:46,152,10.8,763.160,368.40,3.55,57,120,565
04/24/2017 21:52:56,164,10.8,760.540,367.35,3.55,57,119,564
04/24/2017 21:53:06,167,10.8,757.970,368.04,3.55,57,120,565
04/24/2017 21:53:16,162,10.8,755.190,368.70,3.55,57,120,565
04/24/2017 21:53:26,154,10.8,752.760,368.41,3.55,58,122,565
04/24/2017 21:53:36,176,10.8,750.010,368.93,3.55,56,119,565
04/24/2017 21:53:46,157,10.8,747.400,368.51,3.55,57,119,565
04/24/2017 21:53:56,168,10.8,744.800,367.78,3.55,56,121,565
04/24/2017 21:54:06,164,10.8,742.190,369.19,3.55,57,120,565
04/24/2017 21:54:16,160,10.8,739.540,369.24,3.55,55,120,565
04/24/2017 21:54:26,164,10.8,736.950,368.62,3.55,56,121,565
04/24/2017 21:54:36,155,10.8,734.390,368.69,3.55,56,119,565
04/24/2017 21:54:46,161,10.8,731.850,367.97,3.55,57,119,565
04/24/2017 21:54:56,166,10.8,729.060,369.00,3.55,57,122,565
04/24/2017 21:55:06,156,10.8,726.470,368.53,3.55,56,119,565
04/24/2017 21:55:16,179,10.8,723.950,369.23,3.55,57,119,565
04/24/2017 21:55:26,169,10.8,721.200,368.79,3.55,57,119,565
04/24/2017 21:55:36,169,10.8,718.620,368.81,3.55,57,120,565
04/24/2017 21:55:46,168,10.7,716.120,369.21,3.55,56,120,565
04/24/2017 21:55:56,164,10.8,713.460,369.43,3.55,58,119,565
04/24/2017 21:56:06,167,10.8,710.780,369.01,3.55,57,120,565
04/24/2017 21:56:16,151,10.8,708.230,369.81,3.55,57,118,565
04/24/2017 21:56:26,161,10.8,705.550,368.37,3.55,55,119,565
04/24/2017 21:56:36,182,10.8,702.980,369.57,3.55,58,119,565
04/24/2017 21:56:46,157,10.8,700.310,369.69,3.56,56,120,565
04/24/2017 21:56:56,175,10.8,697.780,370.05,3.55,57,119,565
04/24/2017 21:57:06,165,10.8,695.040,369.84,3.55,57,120,565
04/24/2017 21:57:16,146,10.8,692.460,369.70,3.56,57,119,565
04/24/2017 21:57:26,168,10.8,689.940,368.54,3.56,58,119,565
04/24/2017 21:57:36,192,10.8,687.340,370.05,3.56,57,120,565
04/24/2017 21:57:46,161,10.8,684.650,369.40,3.56,58,120,565
04/24/2017 21:57:56,167,10.8,682.010,369.41,3.56,58,121,565
04/24/2017 21:58:06,171,10.8,679.490,370.50,3.56,57,120,565
04/24/2017 21:58:16,143,10.8,676.940,369.78,3.56,58,119,565
04/24/2017 21:58:26,154,10.8,674.290,370.05,3.57,56,119,565
04/24/2017 21:58:36,160,10.8,671.720,370.37,3.57,57,120,565
04/24/2017 21:58:46,174,10.8,668.990,370.49,3.57,58,119,565
04/24/2017 21:58:56,165,10.8,666.330,370.47,3.57,59,119,565
04/24/2017 21:59:06,160,10.8,663.740,370.75,3.57,58,121,565
04/24/2017 21:59:16,147,10.8,661.130,370.66,3.57,60,120,565
04/24/2017 21:59:26,156,10.8,658.520,370.42,3.57,58,120,565
04/24/2017 21:59:36,165,10.8,655.920,370.31,3.57,58,121,565
04/24/2017 21:59:46,168,10.8,653.450,370.12,3.57,57,119,565
04/24/2017 21:59:56,158,10.8,650.760,370.55,3.57,58,120,565
04/24/2017 22:00:06,145,10.8,648.120,370.57,3.57,57,120,565
04/24/2017 22:00:16,162,10.8,645.550,370.03,3.57,57,121,565
04/24/2017 22:00:26,152,10.8,642.900,370.42,3.57,59,119,565
04/24/2017 22:00:36,172,10.8,640.270,370.74,3.57,58,119,565
04/24/2017 22:00:46,181,10.8,637.730,371.34,3.57,57,122,565
04/24/2017 22:00:56,158,10.8,635.100,370.05,3.57,58,120,565
04/24/2017 22:01:06,165,10.8,632.400,370.82,3.58,58,121,565
04/24/2017 22:01:16,176,10.8,629.800,371.14,3.58,60,119,565
04/24/2017 22:01:26,170,10.8,627.330,370.30,3.57,59,120,565
04/24/2017 22:01:36,190,10.7,624.580,370.82,3.57,59,132,564
04/24/2017 22:01:46,181,10.8,622.020,370.77,3.57,57,119,565
04/24/2017 22:01:56,182,10.8,619.420,371.34,3.58,58,120,565
04/24/2017 22:02:06,155,10.8,616.780,371.16,3.58,59,121,565
04/24/2017 22:02:16,157,10.8,614.240,370.54,3.58,58,121,565
04/24/2017 22:02:26,169,10.8,611.610,370.80,3.58,57,121,565
04/24/2017 22:02:36,177,10.8,608.980,371.77,3.59,59,120,565
04/24/2017 22:02:46,157,10.8,606.280,371.00,3.59,59,122,565
04/24/2017 22:02:56,183,10.8,603.850,371.19,3.59,57,121,565
04/24/2017 22:03:06,177,10.8,601.080,371.68,3.59,59,122,565
04/24/2017 22:03:16,173,10.8,598.570,372.38,3.60,59,123,565
04/24/2017 22:03:26,171,10.8,595.850,370.77,3.59,59,119,565
04/24/2017 22:03:36,175,10.8,593.320,371.76,3.59,60,121,565
04/24/2017 22:03:46,188,10.8,590.710,371.89,3.59,60,120,565
04/24/2017 22:03:56,179,10.8,588.170,372.15,3.59,59,122,565
04/24/2017 22:04:06,176,10.8,585.540,372.37,3.59,58,120,565
04/24/2017 22:04:16,185,10.7,582.890,371.76,3.60,58,119,565
04/24/2017 22:04:26,172,10.8,580.240,372.12,3.59,57,119,565
04/24/2017 22:04:36,179,10.8,577.770,371.96,3.59,59,121,565
04/24/2017 22:04:46,168,10.8,575.020,371.33,3.60,58,121,565
04/24/2017 22:04:56,179,10.8,572.440,371.51,3.60,58,120,565
04/24/2017 22:05:06,152,10.8,569.890,372.41,3.60,59,121,565
04/24/2017 22:05:16,174,10.7,567.290,371.46,3.60,58,121,565
04/24/2017 22:05:26,165,10.8,564.650,372.23,3.60,59,121,565
04/24/2017 22:05:36,176,10.8,561.960,371.50,3.61,59,123,565
04/24/2017 22:05:46,172,10.7,559.450,372.57,3.61,60,121,565
04/24/2017 22:05:56,173,10.8,556.860,372.03,3.61,59,120,565
04/24/2017 22:06:06,163,10.8,554.250,372.75,3.61,60,119,565
04/24/2017 22:06:16,166,10.8,551.520,372.35,3.61,57,121,565
04/24/2017 22:06:26,177,10.8,548.940,371.62,3.62,59,121,565
04/24/2017 22:06:36,176,10.7,546.260,372.35,3.62,58,121,565
04/24/2017 22:06:46,186,10.8,543.670,372.29,3.62,59,121,565
04/24/2017 22:06:56,187,10.8,541.140,373.01,3.62,58,121,565
04/24/2017 22:07:06,178,10.8,538.560,371.88,3.62,58,121,565
04/24/2017 22:07:16,174,10.8,535.950,372.81,3.62,60,122,565
04/24/2017 22:07:26,167,10.8,533.380,372.58,3.63,59,122,565
04/24/2017 22:07:36,177,10.8,530.700,371.99,3.63,59,122,565
04/24/2017 22:07:46,194,10.8,528.020,373.13,3.63,59,122,565
04/24/2017 22:07:56,164,10.8,525.570,372.77,3.63,59,120,565
04/24/2017 22:08:06,174,10.7,522.940,372.19,3.63,59,119,565
04/24/2017 22:08:16,164,10.8,520.330,371.24,3.63,61,120,565
04/24/2017 22:08:26,167,10.8,517.630,371.83,3.63,59,122,564
04/24/2017 22:08:36,168,10.8,515.110,372.41,3.63,61,121,565
04/24/2017 22:08:46,152,10.8,512.390,372.23,3.63,60,121,565
04/24/2017 22:08:56,156,10.8,509.790,372.96,3.63,61,121,564
04/24/2017 22:09:06,167,10.8,507.250,372.15,3.63,60,121,565
04/24/2017 22:09:16,174,10.8,504.580,372.43,3.63,61,122,565
04/24/2017 22:09:26,171,10.8,501.970,371.84,3.63,60,121,565
04/24/2017 22:09:36,174,10.8,499.380,372.42,3.63,58,120,564
04/24/2017 22:09:46,175,10.8,496.770,372.69,3.63,59,122,565
04/24/2017 22:09:56,171,10.8,494.140,372.24,3.63,60,122,565
04/24/2017 22:10:06,166,10.7,491.510,372.05,3.64,60,122,565
04/24/2017 22:10:16,184,10.8,488.970,371.72,3.64,60,122,564
04/24/2017 22:10:26,177,10.8,486.430,371.98,3.64,59,123,565
04/24/2017 22:10:36,169,10.8,483.770,372.44,3.64,59,122,565
04/24/2017 22:10:46,157,10.8,481.210,371.05,3.64,59,122,564
04/24/2017 22:10:56,188,10.8,478.540,371.49,3.64,59,120,564
04/24/2017 22:11:06,175,10.8,476.030,372.16,3.64,60,122,565
04/24/2017 22:11:16,162,10.8,473.380,372.30,3.64,60,122,565
04/24/2017 22:11:26,187,10.7,470.820,372.24,3.64,60,122,565
04/24/2017 22:11:36,172,10.7,468.170,372.23,3.65,59,122,565
04/24/2017 22:11:46,172,10.7,465.540,371.35,3.64,60,122,565
04/24/2017 22:11:56,191,10.8,462.940,371.51,3.65,58,123,565
04/24/2017 22:12:06,164,10.7,460.390,371.96,3.64,59,120,565
04/24/2017 22:12:16,165,10.7,457.840,371.92,3.64,60,120,565
04/24/2017 22:12:26,166,10.8,455.190,371.47,3.64,62,123,564
04/24/2017 22:12:36,179,10.8,452.480,371.40,3.64,64,136,565
04/24/2017 22:12:46,179,10.8,449.940,371.66,3.64,67,126,565
04/24/2017 22:12:56,182,10.8,447.280,372.64,3.64,65,127,565
04/24/2017 22:13:06,154,10.8,444.710,373.29,3.64,66,127,565
04/24/2017 22:13:16,186,10.7,442.180,373.25,3.64,65,129,564
04/24/2017 22:13:26,167,10.8,439.510,373.25,3.64,67,127,565
04/24/2017 22:13:36,168,10.8,437.010,373.64,3.65,68,127,565
04/24/2017 22:13:46,192,10.7,434.360,373.53,3.65,70,130,564
04/24/2017 22:13:56,190,10.7,431.750,374.80,3.65,72,133,565
04/24/2017 22:14:06,189,10.7,429.190,373.61,3.66,72,132,565
04/24/2017 22:14:16,194,10.7,426.560,374.58,3.68,76,138,565
04/24/2017 22:14:26,138,10.8,423.830,374.93,3.69,80,136,565
04/24/2017 22:14:36,192,10.8,421.450,376.81,3.69,81,136,565
04/24/2017 22:14:46,176,10.8,418.850,376.61,3.69,82,137,565
04/24/2017 22:14:56,173,10.8,416.130,377.63,3.70,82,136,565
04/24/2017 22:15:06,179,10.7,413.490,377.86,3.70,84,137,565
04/24/2017 22:15:16,179,10.8,410.980,377.54,3.70,86,141,564
04/24/2017 22:15:26,185,10.7,408.340,378.70,3.70,91,144,564
04/24/2017 22:15:36,173,10.7,405.670,379.30,3.70,90,142,565
04/24/2017 22:15:46,171,10.8,403.220,379.98,3.70,88,141,564
04/24/2017 22:15:56,182,10.7,400.490,379.98,3.70,90,139,565
04/24/2017 22:16:06,169,10.8,397.870,380.11,3.70,90,142,565
04/24/2017 22:16:16,166,10.8,395.360,380.39,3.71,92,146,564
04/24/2017 22:16:26,153,10.8,392.780,379.91,3.71,92,144,564
04/24/2017 22:16:36,191,10.7,390.090,380.26,3.71,95,145,564
04/24/2017 22:16:46,178,10.8,387.490,380.86,3.71,92,142,565
04/24/2017 22:16:56,175,10.8,384.940,380.12,3.71,95,145,565
04/24/2017 22:17:06,172,10.7,382.290,381.09,3.71,96,148,565
04/24/2017 22:17:16,171,10.8,379.720,381.40,3.71,95,145,565
04/24/2017 22:17:26,179,10.8,377.210,381.13,3.71,96,148,564
04/24/2017 22:17:36,170,10.8,374.490,380.72,3.71,98,145,564
04/24/2017 22:17:46,181,10.8,371.980,380.81,3.71,98,144,564
04/24/2017 22:17:56,171,10.8,369.260,381.97,3.71,98,149,565
04/24/2017 22:18:06,183,10.7,366.800,381.61,3.71,99,147,565
04/24/2017 22:18:16,167,10.8,364.160,382.39,3.71,98,148,565
04/24/2017 22:18:26,185,10.8,361.510,381.34,3.71,98,149,565
04/24/2017 22:18:36,147,10.7,359.040,381.96,3.71,98,146,565
04/24/2017 22:18:46,167,10.8,356.420,380.98,3.71,98,141,564
04/24/2017 22:18:56,171,10.7,353.860,381.36,3.72,99,149,565
04/24/2017 22:19:06,182,10.8,351.260,382.37,3.72,99,144,564
04/24/2017 22:19:16,196,10.7,348.640,382.64,3.71,99,148,564
04/24/2017 22:19:26,179,10.7,346.070,383.21,3.71,98,145,565
04/24/2017 22:19:36,177,10.8,343.410,381.51,3.71,98,149,565
04/24/2017 22:19:46,184,10.8,340.750,382.33,3.71,98,145,565
04/24/2017 22:19:56,185,10.8,338.170,381.46,3.71,97,147,564
04/24/2017 22:20:06,183,10.8,335.610,381.81,3.71,99,147,565
04/24/2017 22:20:16,167,10.8,332.940,381.89,3.71,97,145,564
04/24/2017 22:20:26,181,10.7,330.440,382.77,3.71,99,145,565
04/24/2017 22:20:36,183,10.7,327.880,382.55,3.71,98,150,564
04/24/2017 22:20:46,176,10.7,325.210,383.33,3.71,97,144,564
04/24/2017 22:20:56,189,10.8,322.630,382.13,3.71,99,142,565
04/24/2017 22:21:06,173,10.8,320.070,382.24,3.71,98,145,565
04/24/2017 22:21:16,167,10.7,317.540,382.34,3.71,99,149,564
04/24/2017 22:21:26,157,10.7,314.810,381.71,3.71,100,153,564
04/24/2017 22:21:36,172,10.8,312.310,381.88,3.71,98,146,564
04/24/2017 22:21:46,189,10.7,309.690,381.29,3.71,97,145,564
04/24/2017 22:21:56,179,10.7,307.160,382.78,3.71,99,146,565
04/24/2017 22:22:06,188,10.7,304.590,383.52,3.71,99,146,564
04/24/2017 22:22:16,177,10.7,301.990,382.20,3.71,99,147,564
04/24/2017 22:22:26,191,10.7,299.310,382.59,3.71,100,149,564
04/24/2017 22:22:36,164,10.8,296.820,382.67,3.71,99,146,564
04/24/2017 22:22:46,188,10.7,294.130,382.87,3.71,100,147,564
04/24/2017 22:22:56,188,10.7,291.570,382.77,3.71,99,150,564
04/24/2017 22:23:06,197,10.7,289.040,382.72,3.71,99,148,564
04/24/2017 22:23:16,199,10.7,286.410,383.62,3.71,99,151,565
04/24/2017 22:23:26,186,10.8,283.820,382.97,3.71,99,147,564
04/24/2017 22:23:36,175,10.7,281.340,382.90,3.71,99,148,564
04/24/2017 22:23:46,183,10.7,278.690,382.77,3.71,98,145,564
04/24/2017 22:23:56,155,10.7,276.040,384.03,3.71,98,148,565
04/24/2017 22:24:06,184,10.8,273.430,383.70,3.71,98,146,564
04/24/2017 22:24:16,188,10.7,270.900,383.04,3.70,99,147,565
04/24/2017 22:24:26,177,10.7,268.280,382.50,3.70,99,147,564
04/24/2017 22:24:36,182,10.7,265.790,382.67,3.70,99,145,564
04/24/2017 22:24:46,171,10.7,263.070,382.82,3.70,100,148,564
04/24/2017 22:24:56,188,10.7,260.580,383.52,3.70,98,148,565
04/24/2017 22:25:06,176,10.8,258.060,383.06,3.70,102,146,565
04/24/2017 22:25:16,200,10.7,255.320,383.34,3.70,101,148,564
04/24/2017 22:25:26,167,10.7,252.880,383.92,3.70,103,150,564
04/24/2017 22:25:36,186,10.7,250.180,382.80,3.70,102,148,564
04/24/2017 22:25:46,192,10.8,247.670,383.92,3.70,102,146,564
04/24/2017 22:25:56,186,10.8,245.110,382.55,3.70,104,146,564
04/24/2017 22:26:06,187,10.7,242.580,383.79,3.70,103,148,564
04/24/2017 22:26:16,173,10.8,240.010,383.78,3.70,101,149,564
04/24/2017 22:26:26,195,10.7,237.360,384.71,3.70,99,149,565
04/24/2017 22:26:36,196,10.8,234.790,383.76,3.71,98,145,564
04/24/2017 22:26:46,162,10.7,232.200,383.74,3.71,99,147,565
04/24/2017 22:26:56,184,10.8,229.500,384.14,3.70,99,147,564
04/24/2017 22:27:06,189,10.7,226.980,383.67,3.71,100,154,564
04/24/2017 22:27:16,186,10.7,224.390,384.10,3.71,104,149,564
04/24/2017 22:27:26,171,10.8,221.880,384.43,3.71,108,149,564
04/24/2017 22:27:36,181,10.8,219.180,383.97,3.72,114,155,564
04/24/2017 22:27:46,186,10.7,216.670,384.13,3.72,112,155,564
04/24/2017 22:27:56,186,10.7,214.100,385.02,3.72,111,154,564
04/24/2017 22:28:06,182,10.8,211.440,385.26,3.72,115,163,564
04/24/2017 22:28:16,195,10.7,208.940,385.51,3.72,119,153,564
04/24/2017 22:28:26,189,10.8,206.400,385.03,3.73,118,156,564
04/24/2017 22:28:36,183,10.7,203.820,384.57,3.73,116,160,564
04/24/2017 22:28:46,192,10.7,201.140,386.05,3.73,115,156,565
04/24/2017 22:28:56,196,10.7,198.580,385.18,3.73,111,157,564
04/24/2017 22:29:06,205,10.7,196.040,385.65,3.73,113,156,565
04/24/2017 22:29:16,204,10.7,193.400,384.68,3.74,116,161,564
04/24/2017 22:29:26,191,10.7,190.900,386.07,3.76,117,156,565
04/24/2017 22:29:36,189,10.7,188.210,385.88,3.78,118,157,565
04/24/2017 22:29:46,188,10.7,185.660,386.34,3.78,118,158,565
04/24/2017 22:29:56,176,10.7,183.180,385.45,3.78,118,161,564
04/24/2017 22:30:06,377,10.6,181.840,384.60,3.80,120,158,564
04/24/2017 22:30:16,389,10.6,181.800,384.70,3.81,128,156,564
04/24/2017 22:30:26,393,10.6,181.730,384.55,3.80,116,165,564
04/24/2017 22:30:36,371,10.6,181.820,384.65,3.80,128,159,564
04/24/2017 22:30:46,383,10.6,181.730,385.19,3.80,124,164,564
04/24/2017 22:30:56,352,10.5,181.820,384.32,3.80,118,160,565
04/24/2017 22:31:06,358,10.5,181.720,385.35,3.80,128,176,565

 Ramp exit:    SMOOTH RUNNING
 Profile exit: TOP PRESSURE

 Vehicle motion stopped at 04/24/2017 22:31:10
 Sensor logging stopped at 04/24/2017 22:33:18
